48.88762458218322,48.911805846337536,49.14564016018043,49.364889585558664,49.838251842194985,50.14571870591594,50.4602725122498,50.56487659752338,50.822221046602195,51.10176561149605,51.349635406537026,51.57717877454394,51.79735974343982,52.00323482393265,52.197231508741616,52.3258223519927,52.417747936108896,52.47008711760972,52.48343494892398,52.43108491130667,52.45247484629007,52.27410951466965,52.068053939626964,51.84693525522555,51.62851136460343,51.495021473548654,51.349144101379004,51.09754838779981,51.0742668667408,50.94787026961599,50.82517095134062,50.71669023732959,50.64495901038181,50.61352099665641,50.568919536029384,50.47483936302466,50.391814920882815,50.338769617791336,50.32635542427426,50.35629894569615,50.48468533262305,50.61431480661074,50.757023927974984,50.91702388578268,51.10516594169055,51.53494649344846,51.82264426419425,51.90417222895305,52.401916208735074,52.68718737092069,52.970716150234644,53.242092919649565,53.52989471991379,53.81530933607892,54.085730373507744,54.133923930258405,54.36924033249259,54.553689823770085,54.67454584301569,54.61385854651454,54.6173753223276,54.38768250178379,54.02924061964208,53.58432248343076,53.11811312464867,52.712759289781616,52.41503324450024,52.275989410519706,52.336911943218986,52.605361410997546,53.03329538861997,53.38253997756785,53.72190101796807,54.028411808339136,54.198819893601865,54.397882883565266,54.517976594879656,54.54502855333003,54.44964824694815,54.25564916845586,53.99063471409659,53.68214578916265,53.35751845160879,53.03657253664679,52.714224328521674,52.39726846849052,52.08734788227009,51.81296399565374,51.577890000021995,51.39541771228374,51.28059282741069,51.19359898660903,51.12676544335272,51.10055045966713,51.099709192101756,51.128941365643364,51.22201427676278,51.362197949040755,51.5185241212552,51.67206593688689,51.83315950498613,52.01851947715272,52.24875715050608,52.51053659011983,52.79000763734086,53.06735407798897,53.355014608743126,53.57381568481597,53.87974012063496,54.1857649471445,54.493889937559864,54.7931005168408,55.10559170918697,55.40978790346131,55.708882842468626,55.873740523745525,56.12831947216843,56.376188631276115,56.62314120998959,56.87649019279293,57.14135140350668,57.49700474762637,57.728030966301354,57.93521667708131,58.11566354906655,58.24338212182138,58.31791514589153,58.48722191840242,58.545609426899624,58.6325087009264,58.73305914983313,58.82569336552106,58.9079082670815,59.00646681317522,59.1505131369205,59.339987133154885,59.53409837083309,59.77894080256927,60.02270494338214,60.27472093735232,60.537193241035126,60.8182903218678,61.09754648675642,61.379193184047885,61.674668888217056,61.97249741461805,62.30146400922513,62.73601808877668,62.92777579166008,63.46736395309765,63.82423939186184,64.37094444421871,64.91566028064794,65.37187773853933,65.71832264260988,65.93694649557187,66.05899161315419,66.18056142399692,66.45568776959044,66.7890320119776,67.19460745863144,67.67457030788646,68.18291944967716,68.71575798253568,69.16134189946688,69.73149302711157,70.31135748083071,70.85869747109217,71.43054068615761,72.03937917436735,72.67347998641668,73.35200369619083,73.96587081916523,74.73396680898962,75.23321067171105,75.45624317556191,75.76354888190689,75.98203876422895,76.02553128910232,75.87018971470366,75.55383894950609,75.18563725741912,74.79601984748462,74.48567487925786,74.31216221812062,74.27558205872327,74.38986203127389,74.65901249719737,75.0244077664245,75.46282717539542,75.95529953729299,76.39531073788478,76.79142927024337,77.14241563981172,77.41841320845546,77.61107529069585,77.71564366758625,77.7296233105002,77.66439938799886,77.53749179674368,77.46727626868415,77.16158755292695,76.79706441554892,76.55169950173116,76.17857138672318,75.78130496171927,75.3670596866478,74.99963259552756,74.71807770408572,74.49219127827202,74.35472476798437,74.33835953450969,74.45071679626261,74.66330520047373,74.93149480954087,75.22589204664536,75.65104023704355,75.80858646052981,75.8774783769912,75.68216061832915,75.53689579427595,75.25417144776254,74.8631753047951,74.39548204088001,73.86015247809534,73.36492025228289,72.66811416445584,72.05245112910704,71.49085131352344,71.06309477545757,70.76254852988299,70.57415006654483,70.47399592842623,70.46399282492293,70.5331274645159,70.69065575599933,71.11039447336678,71.44595114909681,71.82874709605464,72.21813546828398,72.39955722416343,72.77442714366572,73.05102772958936,73.15863876558713,73.08167381923266,72.86115605305443,72.51035750662975,72.14394831145933,71.83909933336041,71.65342674790749,71.59141126287373,71.66479920385353,71.88859929982692,72.26720399243521,72.76132297049301,73.28581464903873,73.7919164920244,74.22608156490013,74.55028911610889,74.74446669142516,74.8547130852658,74.90606744385353,74.82492942885152,74.78525141170746,74.47957543581676,74.08640797458925,73.60401567933556,73.28675682169737,72.90759645662563,72.54800563280072,72.23605288360152,71.98686466521733,71.8002063934976,71.68090733536333,71.60264980035298,71.59323750949092,71.6448785277398,71.7625278662142,71.99822559175031,72.0559629480129,72.17057552415335,72.25196970669367,72.29987645790554,72.29613451777466,72.23142783519187,72.1012258543777,72.06766327548979,71.74787721953223,71.34525577633698,71.01029681811728,70.62742657525799,70.17672669817956,69.63799731232535,69.1126348342333,68.69863261473876,68.49300206285963,68.47574392877027,68.82483614495322,69.03233215944873,69.25368911104088,69.31897021252702,69.14465177191326,69.09094838392689,68.94868063855249,68.70171048739522,68.34963930598408,67.89084830525525,67.33094609809613,66.73186154112351,66.15987758975233,65.63250902766133,65.16640117072653,64.76412845088265,64.4367913887344,64.18171594545157,64.00286087893713,63.900403740628754,63.83578075554834,63.82061097774651,63.847523395322,63.928096263518455,64.047099458836,64.2183399631702,64.45159724142381,64.72285642029796,65.03051261280751,65.40440299646392,65.6072877675186,65.91720617444798,66.2165110095021,66.51153227293112,66.79816929243593,67.06078372682438,67.26552457577664,67.40405639692017,67.59972545711635,67.59455706077043,67.55459520410773,67.59400723342327,67.58346948493379,67.56404189309497,67.53958328812796,67.51481710319999,67.49696562355552,67.49087591592513,67.50041189916135,67.52955795696079,67.58955031745619,67.66233390756962,67.75218668896945,67.8565929836834,67.9730013045221,68.31291216238188,68.51593672835807,68.76864071577678,69.05654516320772,69.38223018001702,69.76434220203059,70.16587232469915,70.40227091735532,70.82711898822852,71.14790706484858,71.24967467056635,71.18062423489857,70.92350497722056,70.68272182041036,70.4384010451027,70.32124256870428,70.31704277618138,70.42245859311791,70.64471470533623,70.9678662409807,71.36930936614583,71.86078269596761,72.53200103244565,73.13842433050368,73.72960211679859,74.29297702804308,74.79474298970696,75.27968983000514,75.74208534452913,75.98042959879533,76.26424337166061,76.36002467847513,76.37042751114103,75.94960499518803,75.48221541791409,75.2113668595956,74.92341021149717,74.7487135126323,74.680510497653,74.72707246339345,74.89428302500454,75.17880940181648,75.54009347961896,75.95153077364157,76.37483655357825,76.73387054273768,77.05307404183364,77.21195565100511,77.32846445710243,77.36403031408,77.32243758110377,77.21422352820137,77.05898314854998,76.82739264849445,76.74769570873792,76.4364290497914,76.06006181592157,75.63083685004273,75.31873881219357,74.86492873769834,74.38018731349807,73.94899528530796,73.55989769737232,73.21289163388177,72.9387863456657,72.75011000735512,72.67913623721614,72.80020560614118,72.89134135901479,73.14564789523386,73.36943022724373,73.44943586425958,73.38189816368089,73.1774455423782,72.86735211610957,72.40277395747255,71.86786711051863,71.26056552963315,70.59513007887459,69.87147699885367,69.06370480533741,68.24945057205223,67.48932175031034,66.79137456054339,66.41083976800125,66.1386398807778,65.9870088147692,65.92850046522415,65.99999452751352
48.926907212023515,49.03020497080879,49.28427932501937,49.5210326535405,49.90778937444111,50.21486264456092,50.52214215442367,50.70635510720932,50.96047013644029,51.225369618673085,51.457914504827315,51.66874336644718,51.86681260302283,52.04577365401405,52.208586078802874,52.3110632818719,52.376133162499784,52.40401905864475,52.39418323927379,52.32700710300636,52.308902409024654,52.133231963307544,51.933422924547386,51.72142856653393,51.513181744925305,51.372155653661366,51.226166926556836,51.02438677960822,50.95570348632353,50.83584676736879,50.72329538602901,50.62744518971002,50.56665055027522,50.54386946689494,50.51349531347637,50.44437677909761,50.38710391859499,50.35888494945971,50.36869828004533,50.42225391221564,50.56600899425015,50.714865361087284,50.87383884125342,51.05103049055968,51.253894019377775,51.60339617466059,51.88826725535648,52.06508612780803,52.458650471693566,52.732391978953025,53.00098623246696,53.26190371924045,53.53011282053845,53.79636666653243,54.04747467612539,54.16217175628956,54.35787391735876,54.49880156870544,54.572212767770594,54.508504989265504,54.446705171761614,54.20326117663219,53.84726642116359,53.42514616982499,52.99991691206149,52.64225358924193,52.3940916672762,52.300155224238104,52.402389599229366,52.70445649519357,53.11181117168692,53.45848668053857,53.786699784199705,54.07543876919224,54.251450930010606,54.418046999977854,54.50242758378578,54.495393818130424,54.37674678959949,54.16648046554761,53.88964118890336,53.57214016665488,53.24021507172703,52.914124043373704,52.59273331612578,52.28180410584671,51.98443890443792,51.72198628171535,51.49987798893086,51.329436573299205,51.22151496794253,51.14558829048689,51.09418502940419,51.083710986397755,51.102046499857586,51.15075391332855,51.25697054802216,51.40688907060736,51.57433272327429,51.74229353660242,51.91940718838427,52.120449943917855,52.362337383847425,52.634085743455,52.921837134655796,53.20868986531363,53.50185231870366,53.74220689590399,54.04668748124775,54.350115874337774,54.65426829203767,54.94999482800545,55.25516039310392,55.55162095769534,55.841675299814476,56.02691970112438,56.27606322700307,56.51607771339565,56.752867565371695,56.99384017008217,57.24417664196871,57.56388727896391,57.787465981193755,57.98991831691625,58.16672977457833,58.295065092724435,58.37470932828364,58.522354132829484,58.58935041357426,58.684853629126955,58.79580911328615,58.90271779430817,59.00282559543208,59.11901811197764,59.27482579627388,59.46815050959924,59.67267454134829,59.921100188429726,60.16761715245406,60.42237960683376,60.690889674745534,60.971621188915194,61.25342961580108,61.54384004094723,61.850104226539685,62.16206839699589,62.49648152067645,62.88164539587663,63.150040318096934,63.61127846332484,64.02482371870762,64.54282573780732,65.03863038543861,65.45430471696972,65.77494667312502,65.98702634787286,66.11684918960744,66.25778601644656,66.53787534975247,66.8787163144991,67.29119830864369,67.78102597046262,68.3033013112195,68.84505279196156,69.3390453573107,69.90150404655152,70.47442821225481,71.03643205479143,71.61994950135625,72.23303685366761,72.865928168688,73.52066791799615,74.11438297789785,74.75839496012202,75.23133311700653,75.51929993752216,75.79281346089701,75.95966578116847,75.95754263101085,75.7684656122585,75.43535588902866,75.06102214774268,74.68990159359966,74.41088902252416,74.27381973166246,74.27922203917332,74.43282886232907,74.73241710955125,75.11914775739764,75.56839346951692,76.05738705240587,76.49144552166942,76.87532506182455,77.20836446949068,77.46404066364639,77.63372581980762,77.71180358822083,77.6959220644573,77.60001682089047,77.44363883297598,77.32123183387102,77.01378901327475,76.65565422007761,76.38271931715987,76.01194124358412,75.62479218914969,75.23385901073323,74.89408970453624,74.63923704789507,74.4481699762638,74.34645363941551,74.35930078931915,74.49233975381333,74.7155896479437,74.9851974128074,75.26810653139164,75.59335340381503,75.72721653988646,75.77844921349741,75.64268540248693,75.47216678083254,75.16627767818628,74.75400993366965,74.26462463208757,73.71126894051191,73.18175541920796,72.5020984503728,71.89746319029058,71.3594285318634,70.95368743844168,70.67413650641359,70.50919376696764,70.43902875327468,70.46197798026068,70.56802750097485,70.75980171630184,71.12458381577636,71.46913772917198,71.85660571951418,72.24016603846074,72.48676288396456,72.81340216963271,73.03697225154103,73.09533456822464,72.9778938720769,72.72873864121398,72.37246190058511,72.01783160133382,71.73875389263019,71.59007904068962,71.57755846414209,71.70444989803357,71.9737199101263,72.3816074543658,72.88540695248454,73.40695270789402,73.89331697045505,74.29965093653469,74.59532389281516,74.76334849363847,74.84267645562721,74.85641766045298,74.74317653145484,74.6417034729018,74.33171688336306,73.94427613061627,73.47850267715029,73.1439815427433,72.77159439869463,72.4270361842497,72.13360023138745,71.90471994107816,71.74035819053262,71.64288846556656,71.59351017534811,71.60828060741152,71.67924572582288,71.80583775804786,72.02034625472649,72.09370150576476,72.19644261551458,72.2599051271264,72.2827125721622,72.25034760351706,72.15697291682004,71.99983061943445,71.90152025202384,71.57541902382042,71.17699440941652,70.82338780155513,70.43153332010776,69.98976179353812,69.48619886004191,69.01334218879994,68.6623851523271,68.51267324112204,68.5348410173308,68.80046609742115,69.01005968914355,69.19225575927972,69.23973980559062,69.11968600834251,69.0302897869848,68.85496313390564,68.57900828594644,68.20362989762044,67.72902002993136,67.16280373614896,66.56509780107922,65.99991493060097,65.48488234802399,65.03313945897756,64.64757079127857,64.33624150249794,64.09787204081414,63.93526270793484,63.846226238795985,63.802249694182,63.808295310476566,63.859166998988705,63.96306510238541,64.10954672046847,64.30642678274062,64.55808856202295,64.84152919269526,65.15351732988648,65.51320532004571,65.74063280713507,66.0420439106338,66.3290476266988,66.60478047643927,66.8664295036401,67.10092189503871,67.27956036624657,67.39811621535128,67.55043477678375,67.54433363355989,67.50758825374011,67.5286675636261,67.51215494616757,67.49144929472912,67.47084096115883,67.45453216139119,67.44833619663261,67.4564270378679,67.48228122349711,67.52946365989817,67.60609564058231,67.69922944401611,67.81051747446648,67.93728421839502,68.07813900963752,68.35156067287016,68.56494916149023,68.815393508256,69.09957669085806,69.42028049558449,69.7861596948378,70.1796371021518,70.47701144100573,70.85215070282187,71.11777917806587,71.17822779807095,71.08514646218843,70.83303889154621,70.59376170641664,70.37380715360841,70.28346331992992,70.31118220360351,70.45018459424547,70.70853894357589,71.06451095472217,71.49078993012766,72.00275605025999,72.6303278493207,73.21912774919373,73.78925217079706,74.32942471487644,74.82163140938952,75.28930896900928,75.72979625098333,76.01084134478552,76.23708994612261,76.283504393159,76.22970375097206,75.82663562796998,75.40285524340169,75.09956358463417,74.8399488449017,74.6993553511833,74.67039242004019,74.75647564426046,74.9560675801653,75.2594850884126,75.6293258161666,76.03702977068038,76.44523356694187,76.78848909267245,77.08131393644568,77.2318270108449,77.3276298268926,77.34196990696942,77.2792689457496,77.14928802315129,76.97175395773728,76.72076077488299,76.58263243979953,76.26697909293681,75.89268052026439,75.47160235080939,75.13311308639582,74.68313574572284,74.21319188265653,73.80010664268482,73.43167962068068,73.10983011285337,72.86159346639258,72.7024223285079,72.6583931089981,72.76467451858453,72.89164534689384,73.12851733970352,73.32527701307676,73.37941167044701,73.28908681310494,73.06637083660382,72.73853687543576,72.27001767631918,71.72728654885553,71.1101568793089,70.43155116624483,69.6942737136859,68.88664986270636,68.08425859879515,67.34763546378676,66.6885803385421,66.31609904400091,66.06330113932373,65.9316386983124,65.89872540971244,65.99069772593262
48.97850352658447,49.14764965183839,49.41899957834758,49.67052655523653,49.98751848367051,50.293008656692294,50.59245808430852,50.83754939475181,51.08704447201251,51.33728191223352,51.5546299729321,51.74902216138036,51.92590247249363,52.079502613550304,52.21326999939687,52.29140552294003,52.33174756938093,52.33727376433102,52.30652051809215,52.226126661907585,52.172851248513965,52.000197699311464,51.80678615160003,51.603911750919295,51.40578477945283,51.25903520833657,51.11397133007354,50.953890243421604,50.84979804751696,50.73702833994666,50.63485210567657,50.55156189480663,50.50169705356205,50.487654395937994,50.4710738717487,50.42554516999704,50.39244394986228,50.38737591393399,50.4179164223209,50.49311964397287,50.65069655803273,50.816687666319076,50.98988489379722,51.181881573955934,51.397142501445096,51.68212394411795,51.96395581011865,52.21585168721648,52.52475938832337,52.78760755449662,53.042150177935156,53.2917937836413,53.54080944102669,53.78730428109786,54.01788206526956,54.18094525034908,54.3396817523382,54.44053951241071,54.470901192520344,54.40147164506774,54.284833455365444,54.030795234165275,53.67973300677897,53.28140982419339,52.89637538218277,52.584572311836716,52.38315346461438,52.330964486290014,52.470226849709924,52.80091224468865,53.18888450486489,53.53087507190837,53.84643070902034,54.11646209221369,54.29387619790035,54.429156472080784,54.47971509961319,54.44088482344575,54.30069988026982,54.075709636882095,53.78857425775502,53.46365900962913,53.126133676525114,52.7965819674587,52.47739296221087,52.17337575381784,51.88885779829046,51.63887066735365,51.430172384545166,51.27219956695806,51.1720399476274,51.10749890368741,51.071454259572015,51.07663650021729,51.11361909182553,51.181075145915635,51.30005917620163,51.45944514252929,51.63751689787934,51.81913436842731,52.01129565012746,52.22689961026414,52.4795587343965,52.76042419120282,53.055638752349985,53.35089741015688,53.64887943463754,53.90833723639249,54.2112942045972,54.51211870668408,54.81238319981706,55.104650075239405,55.40280216357781,55.69186324495412,55.97332205493308,56.176355181022274,56.42018480796304,56.65275950316051,56.880077331542246,57.10962464260894,57.3466450024305,57.63380160179806,57.850497206401755,58.04859887534278,58.22215175093749,58.35130089204664,58.43606096678576,58.5649995571713,58.64052647162309,58.74462972893822,58.86585402345304,58.98655265080978,59.1037568216658,59.236700746068,59.40375247863761,59.601122870738784,59.81538588612823,60.06743250147437,60.316684773280876,60.57415279172408,60.84820000302808,61.12884565762666,61.41298234700059,61.71107528899949,62.02670927429488,62.35081090836475,62.689656867254065,63.036506904426474,63.3654390651111,63.763424915642254,64.21775968860618,64.70800996510589,65.15861087836879,65.53724497944664,65.83494327996964,66.04223597061417,66.18089755744744,66.3410235234443,66.62741438787775,66.97647894904789,67.39652708664516,67.89643009464663,68.43197028899755,68.98219886256128,69.51593190785196,70.07297363075709,70.64081212483306,71.21465788264832,71.80686430827436,72.42157562696167,73.05068029637425,73.68153172118512,74.25413598853736,74.79441831118251,75.24058589213217,75.57360279603023,75.81415742734949,75.93325433284194,75.88984198242531,75.67138911889188,75.32521384545002,74.94816375207145,74.59691804312764,74.34922194271013,74.24752068641482,74.29253706898214,74.48240582457969,74.80917293376287,75.21397647131762,75.67105397526397,76.15454934855775,76.58071218906822,76.95109273369036,77.26551490909833,77.5005651777012,77.6475177286754,77.70012239382383,77.65622705595517,77.53202790136748,77.34887452331245,77.17974108818153,76.87121498864445,76.5197198738847,76.22335158042266,75.85629903819354,75.48017968198178,75.11219016425039,74.79920942113144,74.57008450751016,74.4116279994502,74.34284385522061,74.38202738200094,74.532865401864,74.76414334075135,75.03289658864084,75.30315964118209,75.54398935259258,75.65472207424286,75.68729550695781,75.59472497909529,75.39992408456817,75.07249312221258,74.64113029363307,74.13292318916241,73.564553130886,73.00596553478074,72.34389582418876,71.75178617610848,71.2377946746514,70.85462201057098,70.59648831082548,70.45488964846433,70.41354977311109,70.46749257535588,70.6073439143945,70.82974917807358,71.15217837914244,71.50414804842161,71.8934241794075,72.26893663188591,72.56283330523551,72.84380694892282,73.01791545915277,73.03130901502924,72.87811134754566,72.60491454464274,72.24637666336592,71.90558562637757,71.65298961549584,71.54042116747775,71.57452905181914,71.75063368522328,72.06065318515962,72.49346555928807,73.00369048843754,73.51963365651164,73.98525009575847,74.36371093744758,74.63118315005518,74.77351920505144,74.82324233706858,74.80181032085035,74.65904737967259,74.50204365539005,74.18848813838217,73.8070179643075,73.35755229254214,73.00908410005867,72.6444889495123,72.31507094847368,72.0397898298098,71.83045129196749,71.6870994337352,71.60989389893349,71.58648231996108,71.62257013025635,71.70994012337778,71.84316027479757,72.03706221463807,72.12256237051884,72.21294544161867,72.2587026566301,72.25751005588826,72.19827229941608,72.07832595684646,71.89652798027737,71.74006171057478,71.4085942325134,71.0147894191617,70.64585240585325,70.24785291616864,69.81653375663677,69.34740752972397,68.92440251668677,68.63164248088933,68.53215642698575,68.58840071039393,68.78618491904953,68.99251319670537,69.13878875653101,69.16733767707795,69.08576033372037,68.9627028043611,68.75655493540232,68.45401830852478,68.05772965489797,67.5695246818175,66.9988862429395,66.40413496658125,65.84698061446237,65.34502866268782,64.9082707791566,64.53977764833267,64.24488537717187,64.02347280805324,63.87729548801691,63.80211909905212,63.77818753123672,63.80464749211233,63.87813640188067,64.00387111357824,64.17545531556655,64.3953516504709,64.66318122744396,64.95690280861095,65.27182151617917,65.61772148643188,65.86587041881157,66.15848178271789,66.43321885322449,66.69047886870628,66.92865134895828,67.13705820231144,67.29175073604674,67.39209755218153,67.50560244464322,67.49898230303174,67.46566417422305,67.47103054169992,67.45005245964525,67.42920890393141,67.41316345924008,67.40560449439656,67.4110378165284,67.43297531108426,67.47448973465481,67.53872068923503,67.63102670291205,67.74290974333185,67.8737314246711,68.02067170490548,68.1832991282371,68.404719620619,68.62689572466269,68.87582896768257,69.15637131403821,69.47123474045958,69.8212455236333,70.20324399330975,70.54387639344856,70.87260452878735,71.08779037166778,71.11148392209238,70.99812250983223,70.7529367631249,70.51827968839468,70.32355004150047,70.26028677870273,70.31913546176034,70.49030274873397,70.78242935946223,71.16840006822495,71.61670449801674,72.14606574472123,72.738518836786,73.31197514638748,73.86263884674159,74.3811058651905,74.86181837276591,75.30993347142854,75.72563014125677,76.03290738903212,76.20595253259404,76.20761474839827,76.09695202158045,75.71173289382108,75.32566417452857,75.00064107217433,74.76929617238493,74.66166316648402,74.66957064715675,74.7919306179058,75.0204366696155,75.33977874448352,75.71554274817069,76.11763807016818,76.50984935486362,76.83654359392807,77.10344204247943,77.24419692677264,77.31937265996524,77.31285578100298,77.22973095664099,77.07914071142778,76.88094543966044,76.61230254407923,76.42175766728666,76.10238570097384,75.73052603816416,75.3176730300185,74.9567389380082,74.51175457240983,74.05684974338018,73.6616748279655,73.31342537445673,73.01572809219236,72.79210326274396,72.66024519600916,72.64051996323688,72.73589985974645,72.89036242500167,73.10923715799458,73.27911895455264,73.30753436731692,73.19450254838304,72.9534643638403,72.608111745908,72.13490429343926,71.58443151436127,70.95833659634512,70.26850791556045,69.52047756760983,68.71515514604357,67.92616122154445,67.21363275254211,66.59275903353222,66.23043204430537,65.99760322274939,65.88626690260644,65.87840554252898,65.9903261812508
49.041301192604045,49.26399772866782,49.54978851322806,49.813480726673646,50.07604260728008,50.37880968845956,50.66990224697963,50.95877995458209,51.202358142950665,51.43794279862233,51.640241748861634,51.818489957914316,51.97509111998359,52.10484293199815,52.21163757256834,52.267153182068846,52.28482520537301,52.270013666180745,52.22052443131441,52.12846283721302,52.04416623616482,51.87483898072073,51.68796667838007,51.49420200813587,51.306132552026035,51.15538554557168,51.01222822816951,50.88639980247939,50.756111811003706,50.65093423180187,50.559328884552066,50.48850849411279,50.449544482764004,50.444296904770795,50.44107055185239,50.417789147141534,50.40731958718823,50.423773920882894,50.473579200938595,50.56852909484384,50.73843376855025,50.91954529902229,51.105008152236344,51.309525790025816,51.53496377224692,51.76977117872849,52.048311904944796,52.356752516595755,52.59880891814319,52.85131501158038,53.09260027013533,53.33024890897325,53.56047836896788,53.78674619365839,53.99579275403448,54.1907317884973,54.31507426640887,54.37919830288069,54.37074270846299,54.29327298441996,54.131581005176834,53.86995318262785,53.52616113525874,53.15252965215522,52.80686512590577,52.53909556547891,52.38165599802512,52.36795056292136,52.54011451319909,52.89463709212685,53.26433980962842,53.599651826653144,53.901149017803945,54.15163040816695,54.32652288373897,54.43163701194493,54.450229099767476,54.381831159856524,54.22179393349977,53.983580768986045,53.68763081028707,53.35684455753947,53.015353817160864,52.68395983225797,52.368163970311585,52.071902438528035,51.800504593924764,51.563482292777515,51.3686050817189,51.22350520986547,51.13191380549565,51.079048384001425,51.05827566972953,51.07901206118174,51.13411370646445,51.21960268900094,51.35097859526651,51.51956364318361,51.70778257354155,51.9023116306754,52.10857415016528,52.33765332990269,52.600233519698286,52.88939355884258,53.19128417879208,53.49389467250192,53.79604100824847,54.07225782952445,54.37361524891925,54.67183057643057,54.96829183041386,55.25712584436842,55.548571037335776,55.830562791555614,56.103862080402266,56.32220868885561,56.560851584197835,56.786394455812626,57.00491223813372,57.22395551679759,57.44882756055684,57.70668730930144,57.917049777897326,58.111173936394856,58.28183454068727,58.41198735495416,58.50186416869285,58.61491981126501,58.69889358841353,58.81158124872058,58.942929576439404,59.076937672140666,59.21045637096827,59.35928935819047,59.53707593963834,59.738664926556424,59.96201299874708,60.21770438681926,60.469665873478725,60.72979049982566,61.008887545601745,61.28970127454567,61.57594274627253,61.880679945193805,62.204324206500694,62.538655437823266,62.88096227551552,63.19948329801514,63.57420393112299,63.922653540403914,64.40337913922461,64.86684052990493,65.27581939266311,65.62079047739365,65.89829176648364,66.102471628289,66.25095920268559,66.43007380438698,66.72400442395615,67.08194717257857,67.510146567238,68.02027532624696,68.56840230344464,69.12664720612823,69.69211401443759,70.24573315121012,70.81007723143081,71.39306115477524,71.99110762980816,72.6049472142104,73.2278288519356,73.8347132480344,74.38533362317249,74.84046350074338,75.25949143606961,75.61951654099863,75.82798013407206,75.90308343369283,75.82255399828615,75.57890914254949,75.22319378509103,74.84666612550676,74.51656179090963,74.30010252824364,74.23267402795439,74.31497370185757,74.53811920781023,74.8889140900783,75.3086551851872,75.77070551995267,76.24679015495565,76.6632283226386,77.01893708632679,77.31413771599821,77.5283105548866,77.65280357629166,77.68094452862238,77.61083402298034,77.46065174298039,77.25332294852684,77.0427088314034,76.7337480276496,76.38913052905826,76.07327817720977,75.7112480173131,75.3470002048505,75.00156430235712,74.71449752595036,74.51012249015001,74.38212042425968,74.34353486306458,74.40627841181073,74.57214780325923,74.80893962118927,75.07468434048457,75.33121980527189,75.50180267545285,75.58992055281375,75.60295966895018,75.53867503534862,75.32056697425378,74.97318253926494,74.52483469611673,74.00057248111302,73.42008471976833,72.8374139002219,72.19334314389482,71.61517302490641,71.12564877495159,70.76553409208354,70.52917898975412,70.41077154654297,70.39709533452039,70.48011189550736,70.65075230881,70.9003093711672,71.19177349468225,71.54956850199973,71.93794818150899,72.30334313618937,72.62823243586452,72.86605013612244,72.99416677141132,72.9667268868925,72.78230635587843,72.4894655464555,72.13171943492499,71.80669022862186,71.58119028550362,71.50380398690825,71.58172495362524,71.80287622507517,72.14909071844781,72.60264877340589,73.1161960356359,73.6240277880522,74.06796911300353,74.41855911806132,74.65819241766113,74.77532561720689,74.79674053207309,74.74250556755192,74.57271688419404,74.36619542420104,74.04979005244029,73.67452201509919,73.24105237048295,72.881792815622,72.52593756498345,72.21173307816845,71.95422808907864,71.76366539965694,71.64006156365902,71.58159358110974,71.58134491970273,71.63599831853942,71.73698252637348,71.87462993971273,72.04850226680203,72.14285412826865,72.22044227167613,72.24874099880485,72.22463145906691,72.14022503759037,71.99573905163119,71.79149358407435,71.58319847624757,71.24728456579797,70.8585043319937,70.47740161872318,70.07595027567008,69.6564993246704,69.22104794146874,68.84528098311881,68.6060197290465,68.55128216590181,68.63648395235583,68.78059554694566,68.97878718566528,69.09210588853456,69.10073560360351,69.043283722945,68.88855196369737,68.6537634682579,68.32697754753866,67.91209888785784,67.412445999666,66.83920562145146,66.24891802474686,65.70096141421921,65.2127926665554,64.79159743199946,64.44051595197108,64.16244809679064,63.9582077011393,63.828614167405696,63.76768713583259,63.7631969614424,63.80927442861604,63.904067882452246,64.05018676258031,64.24458081266864,64.4849725950274,64.76682581219204,65.06901233509114,65.38553175419808,65.71805365644525,65.9832893494315,66.26684017211652,66.52936735619927,66.76895976997922,66.98512673751789,67.1694194118456,67.30224770679078,67.38609248657501,67.46513552146689,67.4583964249754,67.42870678241347,67.42086393387501,67.39685652033702,67.37695384287753,67.36613649096103,67.36758689805019,67.38460133675072,67.42004154870905,67.47656228790223,67.5568735781143,67.6639067985261,67.79298898092262,67.94150935907282,68.10651838340988,68.28835419361181,68.47095879796086,68.70042178299848,68.94844991320616,69.22536875094306,69.53358115192002,69.86804607662569,70.23551088245421,70.6032857214986,70.88880788363554,71.05810396089049,71.04942932790478,70.91938055130507,70.68292300724129,70.45582193607892,70.28708218371493,70.25109225840073,70.34025517235841,70.54216512930564,70.86578003146518,71.2790041043625,71.74661710642113,72.29039507081637,72.85539867873848,73.41548306623478,73.94807996801332,74.44615046018127,74.91354904057229,75.34003972445065,75.72842272889366,76.04703958774779,76.17110131861489,76.13245822390081,75.97197240978534,75.60467773018934,75.25098550413378,74.91408334237535,74.71087830503939,74.63504819458588,74.67749994068093,74.83298490359122,75.08705849219746,75.41947661522228,75.79864954418954,76.19336003531043,76.56875234581813,76.87816469055501,77.11959821009614,77.24930003404486,77.30395971614328,77.27697435744709,77.1741134882709,77.00404972728192,76.78677724010203,76.50217843523302,76.26498739353019,75.94254466875395,75.57347988410515,75.16892199072916,74.78931035171497,74.35040971669551,73.91074721131214,73.53326501266541,73.20468792096378,72.93014434884256,72.7298881686358,72.62321092795273,72.62523706168757,72.71316009049683,72.88739452045897,73.08775299566577,73.23092420095492,73.23379994162404,73.09817708439576,72.8388017792921,72.47618587429926,71.99761491260281,71.4395184532616,70.80531934832588,70.10616050025818,69.35014450836566,68.54919326862971,67.77506013687588,67.0871750848995,66.50377391249859,66.15358146956021,65.94123297727498,65.85052911901187,65.86716343169164,65.99849085466245
49.11418787682021,49.37910704053853,49.67663372272378,49.95000460387876,50.17196518266666,50.47091868601222,50.75315658751236,51.07036728113142,51.30682523888661,51.52779258428441,51.71520977062619,51.87762155461992,52.01484031362404,52.1222158388143,52.204043100362064,52.238610366130075,52.235600119096716,52.20240119570607,52.13627262487602,52.0340348781253,51.92269224338404,51.7569880655747,51.57678756248268,51.39211653793789,51.21403714648494,51.06093207336408,50.92060853708511,50.822256480021,50.67420603746635,50.5770836873867,50.49621349692426,50.43775312912181,50.409638800402824,50.41321811437855,50.4229006947935,50.420553321949704,50.431215403076415,50.46761037997507,50.53525596573609,50.648115218704596,50.82890637038217,51.023201835913035,51.21905468320068,51.43391179282373,51.66741021613769,51.86497925540009,52.13993751629894,52.48807222536321,52.679365020671746,52.92199526423328,53.15072879256351,53.375754891357424,53.587613391951386,53.79331641809724,53.98004695551432,54.19201874679461,54.284461888548755,54.31507258811016,54.27186890679659,54.18442347782084,53.98676865323343,53.72040353026481,53.38607156537355,53.03792185932978,52.730762734123715,52.50520345808143,52.389036629018754,52.4106468203781,52.61174340823528,52.9855394701522,53.33800150745196,53.664763619748776,53.95090993592458,54.18109234781548,54.3498181739943,54.425914331641145,54.41435954165422,54.3185624179433,54.14031536382999,53.89033794838611,53.58700773613504,53.25183904983994,52.90795504479205,52.576271161127664,52.26500704396253,51.97730318610148,51.719279321437824,51.495686298195864,51.315007975306145,51.18315201862658,51.100882580577775,51.0599542892198,51.05435179575011,51.09052272934709,51.16321708223316,51.26603416818085,51.409427239182065,51.5869420509474,51.784835678732044,51.99154852166059,52.21099194844739,52.45249595654467,52.72417405729785,53.02083547185358,53.32864510235072,53.637599612331975,53.94328209124012,54.234019798542846,54.5337055724499,54.82930861582441,55.12205135334397,55.407481721218296,55.69252103110494,55.96776762381782,56.233334348799836,56.464641950040765,56.698230924856965,56.917143026593855,57.12751401477856,57.336944699072546,57.550795392012624,57.78248399464656,57.98704883165238,58.177559084106505,58.34568320637085,58.4770223166131,58.57201304129994,58.671876514947776,58.76420775131308,58.885452436834385,59.02677146835072,59.17361259541558,59.322678668525064,59.486558591089235,59.67457893490285,59.88053738703496,60.112336472778914,60.371682489580394,60.62631852066367,60.88904273894095,61.1727156221855,61.453925586215725,61.742048879534465,62.05243502651927,62.38278919817526,62.725532474470064,63.070369972018476,63.369455260231575,63.776566814552986,64.08781456796389,64.58201390823024,65.01966083599504,65.3904735615461,65.70503316223424,65.96497143600692,66.16762958539051,66.32685661133326,66.52473671867143,66.82734499797738,67.19474824204566,67.63160952502427,68.15205431107215,68.712073274994,69.27784883445584,69.86770414041447,70.41961397939248,70.98179154491342,71.57132807128467,72.1725019888539,72.78310333537478,73.39746631783213,73.98033064082057,74.50817965389203,74.89495716737687,75.2865721878005,75.65740596233994,75.8346809338726,75.86943209816486,75.75580333353368,75.49097459117698,75.12907667427238,74.75613332314998,74.4483254317868,74.26295966755248,74.22868870185785,74.3459784915074,74.59949530180522,74.97127469874371,75.40294517600921,75.86724493089915,76.33411320080647,76.73911150493784,77.0790629202198,77.35450364755391,77.54760059946926,77.64993592164878,77.65461443684366,77.56003870351933,77.38610745927963,77.1571081893929,76.91003986332437,76.60127067890382,76.26375533768642,75.9321809932115,75.57639142770452,75.22478652239081,74.90149258021137,74.63945979963027,74.45885340303352,74.35920232712078,74.34816611061225,74.43179297800417,74.61004102084347,74.84995183154996,75.11065267178195,75.3524554529163,75.4656479644725,75.5316294648137,75.52438411105217,75.47493125844123,75.23449471866023,74.86871068876698,74.40542145255192,73.86776727694802,73.27794337770958,72.67596381675216,72.05027726748203,71.4873766750301,71.02268986582811,70.68605928321749,70.47178358983496,70.37637329671168,70.38920178408749,70.49941122601408,70.69792828825643,70.97129352543533,71.24196449361311,71.60398548506053,71.98892343159304,72.34228143900097,72.68342422373983,72.88054038581798,72.9660356073034,72.90175296470603,72.69045900731476,72.38217342976701,72.0281078552152,71.72062525009808,71.52273968619978,71.47957835761741,71.59854809728064,71.86070317724156,72.23872410351181,72.70902756292314,73.22294605136348,73.7203053956764,74.14172726725917,74.46449302879839,74.67667722546524,74.76911452164771,74.76350084312385,74.67876354306391,74.48435995570844,74.23408224436346,73.91552347710366,73.54667682242757,73.1288907559446,72.76183601141189,72.41559770101297,72.11664572603001,71.87652141940407,71.70396894591808,71.59887602085777,71.557657457741,71.57787666008392,71.6484574127747,71.76039374077915,71.90038127604285,72.05479520653533,72.15488536500757,72.2192913748974,72.23039885725059,72.18443933168122,72.07652225015848,71.90946429753438,71.6849030779932,71.43084137414722,71.091371743861,70.70800267433361,70.31774642787659,69.91539031084152,69.50911523483383,69.10654471537342,68.77544275332114,68.58513202541967,68.56988100332121,68.67915168761265,68.78230091821673,68.96797615955418,69.05102494102997,69.03890536178166,68.99266515091462,68.80820179263533,68.54689615768785,68.19812299539655,67.76689790654127,67.25786772222918,66.68377387466852,66.09939196269333,65.56174410275418,65.08801905452928,64.68292171824201,64.34955263211972,64.08865474538872,63.9017661740428,63.78887369432368,63.7425351635727,63.75688067952894,63.821783025950005,63.936597719157874,64.10168451487502,64.31667878031315,64.5751476450765,64.86897289077243,65.17789283918185,65.49475462645567,65.81430399090873,66.09317834587806,66.36743946024592,66.61783580274314,66.84055550050508,67.03614757844635,67.19823228684415,67.31120330009232,67.38019309769594,67.42894106802692,67.4224693551803,67.39659989516832,67.3779355063817,67.35226162321315,67.33431723374305,67.32934576491074,67.34003216818623,67.36855761080754,67.41714656387703,67.48802373850714,67.58346685967904,67.70429922150521,67.84908133219405,68.01353209716105,68.19458719410326,68.39317673905269,68.5488479972282,68.78417270162058,69.03175916397643,69.30500871976749,69.60580796724368,69.92500774202355,70.27525565386637,70.65565937197074,70.90108818487697,71.02888326097008,70.9920503007823,70.84874876008199,70.6227220391801,70.40593461920368,70.263856055188,70.2552590724019,70.37389395710423,70.60512380868266,70.95798503805476,71.39579358600817,71.88009179194886,72.43542732001048,72.97979205907517,73.52816805288552,74.0438933579934,74.52268848104468,74.97506857354483,75.37810411526323,75.73700972743818,76.05364979714518,76.1328064917251,76.05813729937452,75.85456500240586,75.50525107452276,75.17916252505637,74.83937441539652,74.66412135395763,74.61892167154019,74.693635062291,74.87918602057852,75.15560124675338,75.49836494582198,75.87855147278148,76.2642000293125,76.6220109682801,76.91348302660366,77.12992228945706,77.24737096791826,77.28165775524955,77.23461205756823,77.11270641513237,76.9242832049646,76.68946900484463,76.3905489274942,76.11223762086115,75.78735179112867,75.42142357257167,75.02522233600052,74.63052131220044,74.19872567751624,73.77447060209548,73.4144423683,73.10502022246523,72.85263765974787,72.67452061798404,72.59095184243235,72.61226466610533,72.69573367170553,72.88264356038644,73.06401049827575,73.18066090156717,73.15820438012307,73.00014213602368,72.7224587381638,72.34286840738254,71.85833063758,71.29276381178221,70.6513198028353,69.94466909377464,69.18333048369352,68.38873684374559,67.63085704136529,66.96812392918196,66.4214882424261,66.08529002041102,65.8938772491208,65.82406103888913,65.86462164521842,66.01480270736191
49.19605124597088,49.49283542669199,49.79952279989771,50.08020762287877,50.273889647227136,50.567988595499735,50.84090305098199,51.17263186883104,51.40085984945219,51.60727157566474,51.77999397623599,51.926891750068016,52.045611821546345,52.13204256345547,52.19084088482277,52.20608118199553,52.18430635917275,52.13459878441916,52.053842744712334,51.94286203384711,51.80827414157842,51.64647721191272,51.47307186150307,51.29747254007952,51.129310646669545,50.97540019971118,50.838783173060726,50.76180129928585,50.6036419875875,50.514995951153395,50.444993717061955,50.39876394132707,50.38142596900022,50.3938391457465,50.41597964157807,50.433282305840116,50.463615970030375,50.51841670087922,50.602516066551054,50.73151096943112,50.92180010810789,51.12742085370747,51.33187055332018,51.554988236404064,51.79453421747185,51.9663895510407,52.23743462064509,52.61009442293623,52.76499365542771,52.99812922648419,53.21492802871579,53.42679752691489,53.6207082975666,53.80563896829759,53.96948488280327,54.185293501301324,54.24825504773585,54.248457016093894,54.1744113787192,54.075437595769124,53.85021723157296,53.58181478532108,53.258985055893966,52.93700265133631,52.66744479772987,52.48227609755719,52.40473271910558,52.45858662490613,52.68480435335689,53.0735278114087,53.40969401981005,53.72615712617119,53.99576868875622,54.204996541922704,54.36418925513425,54.41241414324031,54.372496382679,54.25140818828661,54.05655058580115,53.796225261608974,53.486901924934415,53.14878472598461,52.804016910576436,52.473529477424016,52.16788288669828,51.88949702266231,51.64508201092668,51.43534782381756,51.26921296016087,51.15093850984647,51.07869231190423,51.04993417713341,51.0593851735071,51.110853564769364,51.20061595759051,51.3200672090517,51.47510354191361,51.661277844197706,51.868382141922034,52.08656823969673,52.31829830492342,52.571212343901216,52.85119266474019,53.154591555715136,53.4675932113946,53.78193018963021,54.09054773531618,54.393674266690574,54.6916201334251,54.984609957112816,55.27371893812331,55.555777291614774,55.83470616161241,56.10352576805868,56.36177783270355,56.60381668999414,56.832490199089904,57.04516567074609,57.24802439110919,57.448704095858155,57.65261957246263,57.86113125100612,58.06041950363879,58.24766990251176,58.41360281053153,58.54630361218956,58.64640169190197,58.73563128805671,58.83622494768917,58.96598754163999,59.11711539529251,59.27631715774929,59.44017813952186,59.61828308750846,59.81604422005786,60.02650096215731,60.266136901797935,60.529133454873836,60.78640078245183,61.05165951687243,61.3394475524983,61.621256139180296,61.91103881270396,62.226121549965015,62.5619444243366,62.91137250740373,63.257852183320516,63.5453034746647,63.97275961382139,64.25775822867631,64.75399583329025,65.16681428716676,65.5027910182424,65.79006498539194,66.0349615918794,66.23760610641186,66.40841226940192,66.62481212569448,66.93713564993126,67.31450941440374,67.76046873460612,68.29125969493069,68.86245912407895,69.4352547593375,70.04281474912946,70.59444748678602,71.15552307814625,71.74914483228905,72.35086990830773,72.95599571041572,73.5596851765239,74.11850204182016,74.62287785278474,74.95632594965527,75.32035058630649,75.68763584996663,75.83465917955901,75.83257934070159,75.68971464310836,75.40753437271997,75.04264347931495,74.67616940010252,74.39170156060021,74.23722224906447,74.23497365370179,74.3849979916395,74.66606039634922,75.05588888000526,75.49660772078646,75.96056903541951,76.4165222153172,76.80847931852328,77.1316750358554,77.386883461129,77.55875911571586,77.6392673237392,77.6214765627148,77.50413683555867,77.30861416381566,77.06035432668436,76.7816389837321,76.47366549102071,76.14346345185727,75.79974191411804,75.45133251612954,75.11307139923764,74.81148615297099,74.57360202280834,74.41577965337966,74.342428784462,74.35637704552862,74.45831017983693,74.64639911746127,74.88715331412611,75.1408935859763,75.36703501337048,75.4343798117281,75.47866629945733,75.45051124484148,75.40388933556748,75.14210658655846,74.75944233014218,74.28318887436998,73.73470234567594,73.1382087752605,72.52147858559209,71.91453505294143,71.36815006482536,70.92861698034511,70.61583318421094,70.42387715770339,70.35122873447854,70.38940546839731,70.52496585217489,70.74854745676892,71.04251287073058,71.30134670715223,71.66598539275802,72.04509563543405,72.38464742795054,72.72887261674965,72.8876863525958,72.93383138581575,72.8365520293615,72.60254941209426,72.28281997769197,71.93515956418939,71.6468705328376,71.47702160113046,71.46709513824158,71.62440041050576,71.92364020137491,72.32924493387257,72.81247239404368,73.32396299290413,73.80863677254489,74.20677780359426,74.50181022008123,74.68696310329968,74.75523270991681,74.72385307270399,74.61084438989259,74.39415150490512,74.10562758090619,73.78558926393849,73.42337092572883,73.02095529389891,72.64894200940692,72.31312681350569,72.02943204475422,71.8062762309961,71.65096861252249,71.56317424588528,71.53775547447282,71.57585622661549,71.6598396534762,71.78019457256377,71.9205488070373,72.056069829155,72.158964666729,72.20985102049293,72.2040549355674,72.1372962237143,72.00748036923903,71.81975379091615,71.57693210920179,71.28290122937865,70.94073748688932,70.56314797260266,70.16659782102505,69.76573793391238,69.3738382243219,69.00332247153517,68.71435299251881,68.56859449862998,68.58778348469498,68.71646486056055,68.78990396997,68.95917462190317,69.01436369975698,68.98081872822678,68.93431359252733,68.72201681881661,68.43626042890756,68.06769164450687,67.62228702098942,67.10587358825933,66.53260300557437,65.95550176753801,65.42921545294993,64.97055252151206,64.58204593862,64.26665461870469,64.02323040700067,63.853837680734216,63.75772901699323,63.72626799670784,63.75884138022628,63.84178019007645,63.97536219045191,64.15803683594574,64.39150478703847,64.66573482928452,64.9695730376904,65.28357938792917,65.59959671546446,65.90657465064515,66.19582615503462,66.46060002852231,66.6989668599762,66.90559838053083,67.08200578087114,67.2237235905102,67.318769537565,67.37449146470846,67.39692614509548,67.39109444943597,67.36922732934458,67.34201302545037,67.31596226324395,67.30093219870366,67.3023769896785,67.32249310063878,67.36243749220661,67.42381116972298,67.50839894173727,67.61804506707212,67.75176726593008,67.91080097255198,68.08948045842523,68.28464107718072,68.49763929785071,68.63695701075349,68.87679384565196,69.12425953914305,69.39373093870637,69.68640342370831,69.99057690803552,70.3212961918275,70.70141729167985,70.90977285002218,71.0002915871427,70.93933312599906,70.7860553096381,70.57205827422607,70.36816390750336,70.2533241308558,70.2721665340843,70.41940443770426,70.67853085958716,71.05843845770096,71.51823903603535,72.01669259120797,72.58084578376861,73.11052366169295,73.64854665048954,74.14839684006294,74.60884990897671,75.04462213241968,75.42260303105401,75.75022685043459,76.05314987343698,76.0913382394647,75.98475445452725,75.74452988626123,75.41323386426934,75.1105385301354,74.7759983113972,74.62845143023218,74.61269483339836,74.7174307736651,74.93008148812946,75.22573313212557,75.5762299814756,75.95515380250482,76.33016241537992,76.66969365072417,76.9426292461245,77.13455413072349,77.23864436364951,77.25273353710696,77.18605530263281,77.04579961171837,76.84010927872677,76.58924037967076,76.2775745000125,75.96342435161037,75.63670286294946,75.27423861804807,74.88644716889164,74.48006580414895,74.05632695380828,73.64760623137327,73.30477206638476,73.01397524122436,72.78276680185212,72.62557304470465,72.56310025754179,72.60132303824527,72.6828990642424,72.87601147190476,73.03795531138324,73.1282972056729,73.08074366956879,72.90042941814735,72.60451089565986,72.20826849193085,71.71723257214082,71.14438403614874,70.49655262745749,69.78419386954657,69.02009144133358,68.23375848467198,67.4934536315884,66.85634075371257,66.3457652902995,66.02530039750339,65.8552228845071,65.80649835359878,65.87040275112719,66.03887270054355
49.285778966794034,49.60504072636969,49.918443337812846,50.204199219700584,50.38041943835838,50.66867236307161,50.93182358246385,51.2658942121122,51.48487606427926,51.67682007920822,51.835054303701305,51.966775342829486,52.06786741188182,52.13474433537838,52.172385227995214,52.1698697365369,52.1311779742218,52.066768863832166,51.973312436758796,51.854963553581065,51.70075680215472,51.543138677774195,51.376642633036475,51.21008721431495,51.05176513641982,50.89851533261035,50.76642305233676,50.705375283513334,50.543980922049755,50.464190267554244,50.40515731923392,50.37100907222189,50.36435195107786,50.385581119859836,50.41972273321215,50.455420710231365,50.50400586055367,50.57572429326398,50.67492885322112,50.81834930089941,51.016800726306876,51.231965929121735,51.44330182922479,51.672703774821244,51.91638816060381,52.07264344255821,52.33940519444728,52.723102718732115,52.8542607819298,53.07819781236204,53.283590262088225,53.4818626117668,53.6582568734029,53.82233785814273,53.96294674899555,54.171043428077816,54.20686417294814,54.17964623482672,54.07850171542889,53.9668298087635,53.72174757223309,53.453855456041524,53.144422365590636,52.84918823379409,52.61628790761745,52.46969359181912,52.428181629795965,52.511303342751376,52.75898816710232,53.158510548540406,53.47924176817715,53.78377902089629,54.035780501672924,54.22349162125212,54.37006331362667,54.39156215881331,54.32502958024744,54.18069806146702,53.97078601395389,53.7014867951813,53.38751026632069,53.04782382542757,52.70361896567185,52.3757483045032,52.076752202053484,51.80840297433471,51.577812692488365,51.382332009851524,51.23105193113714,51.12666320013031,51.06508903850544,51.048705605533065,51.07307833887386,51.13968962750455,51.24599707099537,51.38139943720986,51.54770593742642,51.74226850131162,51.95812789158268,52.18709398309766,52.43024247954299,52.69358734568344,52.9811016595703,53.2905034359065,53.60800019429235,53.92680436437982,54.23778299218032,54.551272357210586,54.84741389008085,55.13779173254302,55.42335175426778,55.70207214138359,55.97518044558527,56.23788525059616,56.4892315046912,56.73989463413212,56.96379677604617,57.17062284351124,57.36658509675803,57.559345613578834,57.7543711775717,57.94256867155269,58.1370869298285,58.321421975644625,58.48549841571255,58.61972907684969,58.72492422779388,58.80594575042897,58.91470116490921,59.05293081149778,59.213697053370296,59.384791096256585,59.56270920914423,59.75423749019232,59.96125455073008,60.176316361906295,60.42319487937823,60.689823927815596,60.949670726459296,61.21739084142251,61.508846656259145,61.79143047998292,62.08265061169854,62.40152053252014,62.74163006000285,63.096106025722925,63.443381135979216,63.72590862490345,64.16301422734864,64.43133475289517,64.91965675207186,65.3086442872106,65.61298939597656,65.87597789829024,66.10824153744092,66.31229745584622,66.49544866290294,66.73009988485298,67.0530759198076,67.44085794660735,67.89627697058565,68.4373841236311,69.01903577113278,69.59831599256658,70.21755830392948,70.7700650448727,71.3308398439947,71.9261976379008,72.52603391106591,73.12357605929418,73.714577910471,74.24934559330983,74.72963199193948,75.0229964861508,75.35934907056918,75.71057099379131,75.82831422393905,75.79280417574651,75.6244125819506,75.32853739512414,74.9636751665396,74.60637841146576,74.34618277219091,74.22231916120742,74.25093782906288,74.4314787559616,74.73734078122673,75.14239075410904,75.58940409652176,76.0505746608299,76.49402092769485,76.8714493459523,77.17697823371955,77.41154791408701,77.56210990789312,77.62115034155543,77.58187535046292,77.44342415708492,77.22839097013892,76.96318544117496,76.65741099241431,76.35081501261391,76.028124023659,75.67564282561972,75.33567452934986,75.011387600026,74.73105617579391,74.51642997612184,74.3804036484074,74.33135487271193,74.36780711547854,74.48556911656469,74.6810761559571,74.92051741121023,75.165499086511,75.37512691588965,75.40685280929642,75.42984854595927,75.38028348189584,75.32594495392173,75.04380184671929,74.64574222281406,74.15843527300217,73.60157245630536,73.00096058297181,72.37382150796238,71.78595335826408,71.25724613263782,70.84312915156676,70.55449139530202,70.38503473999488,70.33487169535164,70.39724273403479,70.55635105928872,70.80228541838257,71.1137786369056,71.36851546651691,71.73415462024626,72.10521049880641,72.42933699066798,72.76504156278222,72.88789669104223,72.89786352593514,72.77128886175046,72.51855768045644,72.19118697334511,71.85249220180046,71.58490591887173,71.44341981384196,71.46570518741702,71.65868382102086,71.99121295712764,72.42034480305112,72.91285373297136,73.4192693175417,73.88919221181838,74.26337396707771,74.53080824233233,74.6893755809966,74.73402697355701,74.67812702329671,74.53900825054423,74.30226644247331,73.98075489885787,73.65988826451094,73.30449286443915,72.91713382931778,72.5428391315857,72.21818235836643,71.94971518703697,71.7430989340649,71.60427108124172,71.53258767929519,71.52155757695094,71.57506230480823,71.67003728115796,71.79640582769638,71.93526705594549,72.05245492997807,72.15540061942643,72.19247947767316,72.1700879373553,72.08356468514931,71.93341582695062,71.72685962813661,71.46775632486798,71.13928886704687,70.79526351506978,70.42380375322189,70.02366678588017,69.62655805711213,69.25012503032951,68.91080583005117,68.66147686593676,68.55602227729845,68.60482015547409,68.74848441559571,68.8020076393127,68.9514770762432,68.98093995045528,68.92544747955338,68.86863802268137,68.63036156988285,68.32216370713246,67.93592048727805,67.47842654124351,66.9565473365088,66.3857050171527,65.81719242639805,65.30326223768915,64.86023776240629,64.48877239386925,64.19158884165202,63.96590016566095,63.81411167518406,63.7348350836368,63.71849044967341,63.76868175826436,63.86887282695767,64.01999757478875,64.21891619127584,64.46881440138307,64.75659217631781,65.06857682745108,65.38610704837916,65.70016460373697,65.99496779647743,66.29152152378443,66.54664225836191,66.77310319501841,66.96442073030353,67.12299325391965,67.2461200860467,67.32509844082244,67.3690796667767,67.3689978134448,67.36416506353187,67.3464729017992,67.3128642573113,67.28765293539958,67.276431859935,67.28481587385347,67.31452249124197,67.3657718344559,67.43955617938177,67.53721275286044,67.66015273343656,67.80587422588147,67.9777620774021,68.16903526235478,68.37644297283737,68.60161440329694,68.73385563086923,68.97693058021555,69.2244538578557,69.48997512595457,69.77385575859176,70.06319996287017,70.37245038061874,70.74097942744072,70.91518929658173,70.97249225464454,70.89126408882919,70.73112837344851,70.5306561276638,70.34205597071228,70.2549388856544,70.30119395682591,70.47613923586508,70.76173835474133,71.16653436887381,71.64581097731747,72.15598354080653,72.7263337535558,73.2464181704888,73.77513540319669,74.2599082376031,74.7027647251734,75.12045487793304,75.47201285901068,75.76690981142701,76.04595167283581,76.0469667493736,75.91241216906685,75.64166714817065,75.3284070368772,75.04545681220992,74.72343905053668,74.60329464495561,74.61577891621178,74.74834183648153,74.98521882550585,75.2971223471563,75.65285796737626,76.02836180191788,76.39125155671805,76.71186882162509,76.96573399316799,77.1336335840568,77.22335485649516,77.2174538215384,77.13159051390731,76.97368295252191,76.75179608281942,76.48631101036307,76.1634156319378,75.81846358810877,75.49049367906792,75.13180653501868,74.75246959246167,74.33763781224475,73.92283804450791,73.52974041478862,73.20381927843516,72.93110593950459,72.72009055209912,72.58261788271356,72.53928849137483,72.59213243986245,72.6739347289774,72.86740018213456,73.00953308054694,73.07380126255573,73.00141379671585,72.79907064564735,72.48503390698478,72.07249527471703,71.57450182005537,70.99459557258702,70.34123248977653,69.62489500101067,68.86048332902594,68.08423080468961,67.36275160412103,66.75168702681441,66.27646832310359,65.97335530148293,65.82495672965408,65.79747675450129,65.8841293174359,66.07031179540175
49.38225870602762,49.71558077881307,50.03338292953216,50.32208883037111,50.49015799345726,50.77162293487731,51.02460012703325,51.35047480540613,51.55928797299965,51.7368784013598,51.88085069103237,51.99774713147519,52.08206885276181,52.13074238403977,52.14903043192417,52.13028013662599,52.07644901286457,51.99907386545727,51.89475934695075,51.77035868652986,51.599985096519774,51.446804721198404,51.28732293467806,51.129777760398426,50.981212699575785,50.830002880059,50.703199091153564,50.653319455942885,50.494784101535714,50.424185881041495,50.37619207770893,50.35395666329963,50.357862709157544,50.38786515770379,50.43354531070179,50.48641314654206,50.551869647149864,50.639064566798076,50.75206367558396,50.90826316698549,51.11359396955854,51.33660063887198,51.55319457754439,51.78700706212967,52.033024429887995,52.18238230686052,52.444451214169526,52.82738072216827,52.945732359696706,53.16068193589576,53.35510777617689,53.53943594203427,53.69875290704965,53.84203710151575,53.95927276718532,54.14975590318443,54.16069969316358,54.108934892303374,53.984271508123705,53.859114587302656,53.601180507251506,53.33619405067103,53.04190425323411,52.7738948123224,52.576668654679686,52.46683604878012,52.458820722600194,52.56833034015978,52.83398566801003,53.24039611419136,53.54646917402777,53.83757597889996,54.07100060004868,54.23672621656718,54.36786753593944,54.363784090430975,54.272349091765086,54.106761628065044,53.88330806282885,53.606366635629804,53.28902964992939,52.94909858762284,52.60684076123604,52.282941165721375,51.99157569356276,51.73394006724281,51.517371396219914,51.33650399650665,51.20035678308897,51.110124606083176,51.05981879941188,51.05598613220963,51.09513382772374,51.17671597760866,51.29904716090659,51.44972847825167,51.626932859685816,51.82961150066621,52.05377885618515,52.29284895017727,52.54657373225571,52.81940581560252,53.113713359333204,53.42841273790707,53.74973773941265,54.07214009656405,54.3849329135362,54.70686519334584,55.001141800653116,55.28891107436216,55.57100697129322,55.84642585635054,56.11399789975069,56.370894097748256,56.615734337340584,56.87303750787111,57.09231802487524,57.29367500013117,57.48333786135754,57.66898115865896,57.856121283004676,58.026735849458866,58.21697624619342,58.398730887539095,58.56127508445712,58.69719654575958,58.807474756270686,58.88258152190173,58.99939239034075,59.146026494768094,59.31625213868965,59.49877414805217,59.6900263025778,59.89419644188497,60.10999268254624,60.32974429626481,60.58329099909392,60.853520553521726,61.11588642030215,61.38598672039362,61.680676253187,61.964186155167006,62.256622342435804,62.57841299117379,62.92168628019207,63.27966351852625,63.62692905655218,63.91015139453675,64.34756255355506,64.60739437097457,65.07932850224232,65.44549423991717,65.72128632797319,65.96286385235265,66.18479057603142,66.39159989818677,66.58778827784774,66.84039985554372,67.17486534759614,67.57342109561107,68.03858700756496,68.58992024298192,69.18127913658873,69.76648354593655,70.39204726816139,70.9462980251343,71.50730985532417,72.10217268823244,72.69781652002463,73.28579610197104,73.86223700213351,74.37297943756606,74.82864584344496,75.09339541543577,75.40209007957026,75.72657618372646,75.81604541982064,75.75038561774332,75.56002180500073,75.25393256633522,74.89195270226706,74.54636441234102,74.31126166140008,74.21767929240917,74.27599017351776,74.48486733818157,74.81286274622232,75.23041444130116,75.68109558021793,76.13715863444637,76.56661306714632,76.9281391697822,77.21517731429824,77.42876776379154,77.55797678026767,77.59593753408987,77.53615524431517,77.37819640608457,77.14565699179988,76.86572561363843,76.53726068915874,76.23260179229696,75.91760620517965,75.5595656134068,75.2290207141272,74.9192678893908,74.65971380383795,74.467449440208,74.3522277953357,74.32553566829898,74.38209576812696,74.5133088874431,74.71392619917548,74.95001746509492,75.18456117682942,75.37689958972898,75.38192154925405,75.38399369353414,75.31264323379297,75.24149380069827,74.93997976791364,74.52797512620614,74.03145895987988,73.4685723778449,72.86627847139422,72.2328558850837,71.66436904144102,71.1544178168133,70.7659254125572,70.50166951672884,70.35483138334483,70.3268360148391,70.41224992758485,70.59314213265444,70.85881777713251,71.18490205381296,71.4420661029244,71.80707956267938,72.16801372748454,72.47524601478314,72.79239500972575,72.8815800557437,72.85844144664831,72.70612824276456,72.43846392264084,72.10705619984117,71.77972340800125,71.53421125023186,71.42131810788045,71.47475936378007,71.70080025654624,72.06294710415219,72.51171530456831,73.01004204591005,73.50888748256013,73.96214200665753,74.31176900277838,74.55178464597417,74.68424018838822,74.70584410411122,74.62665249738508,74.46351526752504,74.20887967910228,73.85938766324733,73.53832133038723,73.18993117799481,72.81731420717304,72.44325569992675,72.13042179150008,71.87711830557416,71.6865959388205,71.56348303384738,71.50674776164126,71.50873371082092,71.57527358017306,71.67894253633396,71.80904831214605,71.94467054601687,72.04407930432144,72.14450180909323,72.16753501564864,72.12887656621426,72.02360726596936,71.85464505541188,71.6310339055559,71.35755137215956,70.99991511225689,70.65483154858919,70.28983354261243,69.88866431015357,69.49741559267025,69.13743239005143,68.82841941101866,68.61627953880013,68.5470304900462,68.62082156110958,68.77527129711429,68.81721486335209,68.94397802610528,68.94957147886458,68.87176339237583,68.79604741627493,68.53360057347572,68.20491341757793,67.80304651611854,67.33547677734471,66.80997270572985,66.2430919123872,65.68440892639083,65.18377122985451,64.75691947211452,64.40290338472556,64.12412223088774,63.916389105404036,63.782277611362794,63.71984684247676,63.71880733690478,63.78600450837305,63.902667842555964,64.07014015062276,64.28399504634869,64.54836319188534,64.84757771484277,65.16593483455982,65.48551088757792,65.79656487378571,66.07958558922842,66.38055319901079,66.625886531181,66.84058747498989,67.0173548700702,67.15940190671934,67.26564853665671,67.33034203147821,67.36404978306484,67.34506313384698,67.34157455325746,67.32822042938913,67.29025696819483,67.26702813465035,67.26044933961269,67.27624812602487,67.31567313582998,67.37809149106324,67.46390240598815,67.57399002714433,67.70933439191539,67.86618339544006,68.04957882215012,68.25187732843915,68.46975582126822,68.70497458868233,68.83811364990781,69.0832282704344,69.33084493926407,69.59218099970695,69.86665320917183,70.14132329473614,70.42753610452137,70.77476572606821,70.91766494206617,70.94564857871168,70.84782947454686,70.68379612498825,70.49824001477806,70.32715697856487,70.26815279451996,70.3417206540048,70.54345097329316,70.85409836686732,71.2816668500433,71.77797993272787,72.29752867735255,72.87157452083714,73.38630026935968,73.9064508551568,74.376745373995,74.80256291083066,75.20081197082112,75.52480998632086,75.78589432395972,76.03246705155432,75.9999622089918,75.84121292270129,75.54577687495329,75.25055152979422,74.98426066411898,74.68118065297428,74.58807710922041,74.62758515603176,74.78582301241848,75.04414555196946,75.36943709068782,75.72803514871698,76.09808073957896,76.44747181653241,76.7486049094575,76.98292791178454,77.12730049961816,77.20173708171193,77.17608536836676,77.07150411265815,76.89664631203601,76.6596117514935,76.38090054270404,76.0482328024199,75.6772713326873,75.34862003433545,74.99400883796783,74.62316270976973,74.20293132117219,73.79788344855145,73.42045946798461,73.11114917596663,72.85596527956919,72.66416768743278,72.54522756592678,72.51914886202525,72.58441313271207,72.6681191267804,72.85671161819661,72.97868945132561,73.01714122149914,72.92021074831904,72.69609753340417,72.36410342734308,71.93565790251412,71.43031948509375,70.84361486732264,70.18557405737654,69.46693266160361,68.7045620945108,67.94012641707936,67.23865265553897,66.6540242168105,66.21346060782325,65.92919743299517,65.80276563078203,65.79663193295714,65.90542391216245,66.1087309531308
49.4843781304096,49.824313423263604,50.14432916811863,50.433985890917235,50.60170874992061,50.87549325706635,51.1179146297655,51.4266941431441,51.62450966524519,51.78788684856445,51.91784307623945,52.02028191457594,52.08867791231768,52.12045793889635,52.12113079865435,52.087616489134504,52.02035352372177,51.93167622080662,51.818261121223635,51.68906668189612,51.50580389608041,51.357307600224736,51.204935824022996,51.05636137808417,50.91746541997747,50.76958825005454,50.648782205751516,50.60597483981393,50.45561278672797,50.394502036067436,50.35758576675576,50.347074856053624,50.361404205760934,50.40011238026361,50.45686271505303,50.52570422619075,50.60669190232249,50.70796893115014,50.83348988347723,51.00088552156535,51.211865582442364,51.44108855967435,51.66139486490894,51.897846752383735,52.14449540967885,52.29424752085557,52.55117465627583,52.92321204266203,53.03797434824716,53.244062511114294,53.42787285447783,53.59800331383839,53.740690186096245,53.86336071229993,53.9573031504668,54.1219183026815,54.11017203736016,54.03661763651869,53.891852348001706,53.75280640188532,53.4883368686659,53.228499077454494,52.950951477595034,52.7105385925405,52.54796362980985,52.473083576353126,52.49608735902862,52.62920098337728,52.90948767461839,53.31909294100558,53.61120065883641,53.8874946751581,54.10148420925753,54.24484895863132,54.358029108540435,54.32950565016422,54.214844874637556,54.02992847866122,53.794403146966715,53.51110886948111,53.191656965396,52.85275125202452,52.51376184842682,52.19512158443478,51.9123140647607,51.66602732751077,51.46365815221834,51.297728923991826,51.17695941087038,51.10112124431022,51.06262763365399,51.07149331495395,51.125254175930124,51.22161767513769,51.359452965783,51.5247519577735,51.71248274265707,51.92300432063853,52.155040964200595,52.40355633924944,52.667041323011205,52.948452607369575,53.24884008157394,53.56816108719608,53.892677535124164,54.21785534616604,54.53194255108753,54.860503898339324,55.152858823377855,55.438025114817414,55.71674175871554,55.98889802234141,56.251212540835795,56.5026003358329,56.74132530322952,57.00340703662749,57.21822131472659,57.414482595847794,57.59842441454013,57.777722637522906,57.95794096442634,58.11357237789726,58.300012588705506,58.479512222229154,58.64083787930851,58.778603854085375,58.89394738462734,58.965300222312074,59.09005461135115,59.24501883981134,59.42451634735604,59.61800605025084,59.82188384500817,60.03793458533067,60.262041371133066,60.48654547521573,60.74620585451919,61.019989977108246,61.284805931596516,61.557197161588206,61.854699663000815,62.13926071127612,62.432692070833276,62.756579942915074,63.101953259922325,63.461975474912336,63.80846817159701,64.09691246715353,64.5266364908611,64.78478731326858,65.23334292146882,65.577707549077,65.82789944745686,66.05081479900271,66.2645880109908,66.47540969792664,66.6852536002477,66.95551189716359,67.30220347328671,67.71182611836944,68.18695162014616,68.74836069879161,69.34866514088009,69.9392084312407,70.56639410517211,71.12297779905272,71.68450112499995,72.27675618339639,72.86604025808013,73.44260755840732,74.00275493397154,74.48952171686553,74.92012317938998,75.16594937608242,75.44709605229139,75.73601620968465,75.7982521200116,75.70560268113559,75.4966669671992,75.18366879429878,74.82725705281814,74.4957314578297,74.2864308230688,74.22273153109754,74.30953963264314,74.54461029200725,74.89215258112046,75.31959406182777,75.77144344887773,76.22021778358508,76.6343023628786,76.97866637257033,77.24647707807749,77.43881376760613,77.54668353710625,77.56398146033493,77.4846606884987,77.30874932054415,77.060631342349,76.76809892484854,76.42109287375311,76.11890837868347,75.81177914850734,75.45119216316948,75.1309743172233,74.83624503196702,74.59697019226104,74.42616619570398,74.3307545013835,74.32452624765176,74.39888245113875,74.54126859172786,74.74480330996091,74.9756268180728,75.19817186037491,75.37252146414369,75.35844062367765,75.33991923139656,75.24653291211048,75.15093156309146,74.83103961891248,74.406505799742,73.9025582464344,73.33589687930308,72.73424211107849,72.0984450181767,71.54961896046333,71.05941805569749,70.6967047963806,70.45700314872948,70.33284213438867,70.32665552844898,70.43396339563245,70.63491435757099,70.91782013705381,71.25569435130534,71.52059394759198,71.88334661521142,72.23225102724282,72.52127038792587,72.81139690546848,72.86914510128656,72.81587456694191,72.64123495329535,72.36224824888701,72.03020944029491,71.71647082274464,71.4942663689493,71.41010026679216,71.49360852596705,71.75015164480229,72.13836830210096,72.60304803194518,73.10390779906368,73.59283994524318,74.02765645022296,74.3522161557652,74.5650369814292,74.67188245530672,74.67103089312229,74.56975929745226,74.38462558334129,74.11416612548133,73.74144933910337,73.4207893131336,73.07957440583199,72.72138427243652,72.34992003640869,72.04950256881148,71.81126455306172,71.636373655473,71.52821115211104,71.48528593347726,71.49895382172843,71.57626873822082,71.68644765951821,71.81814283188184,71.94889380050087,72.03107174750215,72.12657682172281,72.13537590362975,72.08079952574437,71.95778651615755,71.77148448674136,71.53252871953411,71.24649289824448,70.86469079011364,70.51932330763442,70.16110086719554,69.76130138155685,69.37787545281613,69.03521704068255,68.7555878345348,68.57822617633387,68.54123426549427,68.63561824705245,68.79688644951237,68.83412857919538,68.93577197502043,68.91907607072457,68.81873824330857,68.71695074820612,68.43209835723688,68.08481698545945,67.66930672343683,67.19359803933425,66.66623343467485,66.10477569426153,65.55709625463362,65.07062920232867,64.66044234553934,64.32424121192479,64.06402171633785,63.87442231026444,63.75802494324089,63.71241924173559,63.72682347283725,63.81041232528229,63.94277214283359,64.12542619640833,64.35294586664774,64.62990672708368,64.9385494735257,65.26159763352184,65.58182597257144,65.88890410812311,66.16053018972094,66.463209927597,66.69865322839578,66.90176236701063,67.0647331200778,67.19152364839765,67.28253570554324,67.33465233114599,67.35949389273705,67.3250291670742,67.32321627440217,67.31435372897135,67.27395892433127,67.25378235596646,67.25261775991237,67.27625945478187,67.32549783023687,67.39892731553651,67.49637066267697,67.61825561985671,67.76513457565153,67.93225806868661,68.12586538220185,68.33768747616776,68.56434256266843,68.80759238729789,68.94830086020177,69.19433228143147,69.44193560251779,69.69878827815845,69.96328401272635,70.22339329184197,70.48537124781654,70.80319613437723,70.91752720398601,70.91992387458029,70.80901556842619,70.64388673773244,70.47453435085353,70.32301310079546,70.29241833238862,70.3931259389989,70.62069227169499,70.95496296868735,71.40322997967941,71.91421642513997,72.44089203745406,73.01625137707762,73.52899464220255,74.04100955051979,74.49722607261974,74.90637444714451,75.28393857182003,75.57947080017225,75.8060161015769,76.01310786580522,75.95059480585923,75.77125919513831,75.45665915342829,75.17944828046852,74.9272933787017,74.64870713886927,74.5822249341192,74.64752478890969,74.82932906315416,75.10640918678209,75.44234556156248,75.80154777069083,76.16421588404637,76.49882755802841,76.77997034269613,76.99434164602465,77.11569472756892,77.17402567455636,77.1288949374149,77.00608252015176,76.81497956475366,76.56382441899996,76.27322862247632,75.9321864906086,75.5397635876769,75.21097772360362,74.86072704137979,74.49839962387493,74.07564031561552,73.68108766487516,73.31934970660433,73.02632693049463,72.78810622368152,72.61455698479692,72.51297452826014,72.50231368758683,72.57788537854918,72.66473071852126,72.84384770721152,72.94537006927787,72.9582852317867,72.83713051113305,72.59154179629844,72.24179511193931,71.79786552209511,71.284866671026,70.69165836658138,70.0297919978416,69.31046702476206,68.55238368552831,67.80141793512188,67.12105848241795,66.56321379202394,66.15660541144335,65.89256949268574,65.7883364341112,65.80359958032687,65.93390910332475,66.15374113492514
49.59102490667791,49.93109649896279,50.251269646635244,50.53999983736588,50.713675145145345,50.97893627578823,51.210449035735905,51.49487271975731,51.68095523064773,51.83028572726707,51.94649139733278,52.03485449070265,52.08815635868075,52.104312229404826,52.08904063023053,52.042182900934264,51.96312555541406,51.86473836139239,51.743895405512816,51.61110678888255,51.41805807224337,51.274479572892545,51.12930435866654,50.989655267126324,50.860335381464836,50.71699685059434,50.602843312371014,50.56368245836586,50.426028238309115,50.374657977084304,50.34882616064318,50.34983179197724,50.374422403409774,50.42174390852447,50.48909028727192,50.57273856059605,50.66795719857512,50.78196879598889,50.91877682673858,51.095849318515015,51.31130130953775,51.54519326824496,51.76774875794836,52.00517149963781,52.25085348433079,52.406880461451266,52.65817749723024,53.010880289630755,53.12955270709981,53.32682045204652,53.50027778048714,53.656050523300294,53.78256249813207,53.88493270437845,53.95587811193418,54.08801800262943,54.05569163451589,53.962989115467416,53.80137582626096,53.64841972301019,53.38303748851394,53.13043904463681,52.87108479744399,52.658535780067666,52.52954942390114,52.48781628245104,52.53941890059156,52.693448638649784,52.98518500546583,53.39450946162708,53.67326064407756,53.933481784646624,54.12728655467347,54.24800847820802,54.34097521789752,54.28915255008388,54.152906886270415,53.950528203836114,53.7043576809081,53.415957583261935,53.09558910235606,52.758924058086656,52.424461778401955,52.112303083999585,51.83892801918193,51.604583781262754,51.41657299058068,51.265871932515985,51.160691709335424,51.09945163141656,51.07326158026221,51.09494471155689,51.163141919366346,51.27407978014764,51.42690122408345,51.606167501371665,51.80405402030551,52.022144439605675,52.26162014410022,52.518939348627995,52.79139451175912,53.08051257469575,53.386294143837496,53.70959010925288,54.036691269795554,54.36386807316901,54.67875695653797,55.01223959543394,55.30261991649107,55.585190986156015,55.860613286050636,56.129548225181935,56.38687838556766,56.63305199116807,56.866043374935764,57.13116494581768,57.34167401474977,57.533206085902975,57.71198648593829,57.88568195659506,58.059901297501554,58.20301785004046,58.38612109333663,58.56368156374887,58.72409186280995,58.8638488369932,58.98423622015884,59.053863471497216,59.18644381530794,59.34965209498783,59.538225375475015,59.74222653996739,59.95803626162097,60.185226563273474,60.4171833721173,60.646480608741875,60.91172003922813,61.18899884369121,61.45618732795843,61.730772172808706,62.03068020541963,62.316391694853735,62.61059786280855,62.93580240473311,63.28227117421171,63.642972383979796,63.98797070767134,64.28507252634274,64.70046793768702,64.96236381013127,65.38203184741863,65.7056276184806,65.93304638765217,66.13992268966389,66.34761314565898,66.56362311955903,66.78766711611425,67.07523586910939,67.43478983686906,67.85570027183705,68.34092358293141,68.91219813686872,69.52066970444017,70.11594166027257,70.74071127830852,71.2999357381098,71.86198166588751,72.4496343235051,73.0305276481286,73.59396214856385,74.13622418844513,74.59909057348482,75.0042677718633,75.23908500666302,75.49288942771413,75.7392558615784,75.77533367731975,75.65873438036685,75.43447272348642,75.1176949869605,74.76936918451368,74.45408360303318,74.27118285203815,74.23690476570033,74.3509951520156,74.6101541711464,74.97473657570569,75.40956373593502,75.860208979504,76.29964893556215,76.69709254409865,77.023148536874,77.27108232554328,77.44195668289437,77.52855398267552,77.52563467928302,77.42773612724064,77.23537863845023,76.9735331353367,76.67042945557898,76.3088123459851,76.00961732038706,75.71051200573017,75.35020436059806,75.04113858539984,74.76185179238959,74.54233649622105,74.39208602324707,74.31548617376977,74.32788168719878,74.41780661217881,74.56918732867462,74.77356155115794,74.9973188124364,75.2064231405908,75.36216096838896,75.33526462464383,75.29644264876116,75.18089492842618,75.05465392829569,74.71738066848663,74.28169900284513,73.77203144409705,73.2037407296885,72.60493117257528,71.97045220846205,71.44153997332208,70.97199978763616,70.63516633610111,70.42012789154211,70.31864203976188,70.3338640716894,70.46191948476243,70.6812430193372,70.97896810218164,71.3259667592353,71.60269433173691,71.9615421729965,72.29666810385564,72.56630599772603,72.82251119789863,72.8510004822572,72.77047230580277,72.5767737742345,72.28989076943448,71.9604284778211,71.66235208598349,71.46455111705548,71.4091500741233,71.52160353261424,71.8061399135093,72.21700221062635,72.69403457870267,73.19432145863603,73.67114916287481,74.08590583567545,74.38496867110702,74.57086279911994,74.6526279115843,74.62993413213317,74.50777722598141,74.30259934049926,74.01830069229968,73.62686339145473,73.30719306431622,72.97331108738688,72.62923187008013,72.2625604630101,71.97508214620544,71.75177708219552,71.59203849423245,71.4980621178043,71.46783363535687,71.49188785531912,71.5778264644623,71.69244489122467,71.82371019287278,71.94807134264693,72.0135610548372,72.10193424330863,72.09636041082695,72.02623551954561,71.886464985697,71.68425055305771,71.43159616643139,71.1347565502905,70.7335267257221,70.3886205123923,70.03746925339225,69.6412889878016,69.26750254977921,68.94293571941773,68.69173572069677,68.54678194376305,68.53824873226375,68.6490407587537,68.8133908171862,68.85135172394983,68.92595342651963,68.88827151177492,68.76534380896601,68.6317569933732,68.32621944880798,67.9621818359924,67.53493810164129,67.05295063725332,66.52541326209607,65.97076836575945,65.43519939824364,64.96372292799435,64.57065107758332,64.25258817620269,64.0110542279284,63.83972486427669,63.74104312478884,63.71220722963568,63.742143671906284,63.841507903722004,63.98879263375283,64.18549199059981,64.42544111765632,64.71320057551651,65.02936548103295,65.35551579884232,65.67508737040582,65.97728888926171,66.23790375877792,66.53978045642636,66.7652627314225,66.95697053820068,67.1068878005734,67.219650388082,67.29700835590928,67.33818136143941,67.35550407495748,67.30880297389862,67.30898358275546,67.30475661740282,67.26373789195095,67.24761009431822,67.25257024300967,67.28443556871366,67.34354937029677,67.42781016138363,67.53648176258297,67.66953438626534,67.82709781778799,68.00366153970182,68.20623593296295,68.42614652503009,68.65996613723303,68.90934033243464,69.06298705408352,69.3088879783297,69.55622866676653,69.80823667950389,70.0622364065331,70.3078563423963,70.54477369478555,70.82669059918261,70.91510349985188,70.89548145748651,70.77480865574132,70.61122838515614,70.4592635511749,70.32917050713843,70.32718797419655,70.45478912518631,70.70721575277713,71.06368423292358,71.53061783625216,72.05399097742716,72.58563765771913,73.16004761374232,73.67332597291433,74.17732803343544,74.61966815685848,75.01232931531092,75.36807984166593,75.63447168775255,75.82611085782273,75.98828597180113,75.89913472751591,75.70265346608589,75.3741140704148,75.11487822634805,74.87489824879705,74.62550252838105,74.58516423074447,74.6750090508969,74.87831475036684,75.17155724920549,75.51551595862243,75.87318207849084,76.2266725038784,76.5453231444115,76.8060335498156,77.00010583993868,77.09895611807035,77.14045527028516,77.07614928850572,76.93561215765457,76.72897258516782,76.4647022195898,76.16351489546243,75.81543717565371,75.40585635540846,75.07746254172389,74.73184265973893,74.37805343783641,73.95545878025908,73.57207519241531,73.22599744629086,72.94891771353464,72.72708173410497,72.57081722113541,72.48543120362972,72.48841528615328,72.57226943912897,72.66304796506986,72.82871037630002,72.90952057996249,72.89720144270197,72.75216907191263,72.48543514921069,72.11818461597792,71.6592272802329,71.13832448162222,70.53894251658895,69.87410097875585,69.15565826392275,68.40400404981852,67.668077972098,67.00987078133382,66.47911722077781,66.10576600094866,65.86321418120022,65.78135598586186,65.81801538797097,65.96920745894076,66.20495330197906
49.70108670157051,50.03578784515204,50.354191958144995,50.64024010574395,50.824660616528305,51.080604937192405,51.3008852900198,51.55533102967706,51.72903875883914,51.8645153439126,51.967255592322644,52.041939658426145,52.080965959982365,52.08272648502194,52.05311422869745,51.99428347889697,51.90499915656216,51.79842271872675,51.671739845753706,51.536498256691765,51.3365924964155,51.19815289724118,51.06025159620384,50.92947662727913,50.809634667877894,50.67195408967582,50.56505332725243,50.52678333483811,50.405591716961744,50.36417294854439,50.34940103363998,50.361695612563786,50.39636326462573,50.452180863471625,50.52964336836451,50.62696076117653,50.73515010841128,50.860595570982966,51.00749385520569,51.19278751171047,51.41158689542414,51.64867834129998,51.87210232329258,52.10892995794635,52.35215103819826,52.5189225055555,52.76406171349677,53.090669072491806,53.219033395773415,53.4074366727214,53.570714837700855,53.712063366541045,53.82286363074647,53.90537709163452,53.95383786468165,54.04854237908853,53.99766891360869,53.888343977144366,53.712973534099525,53.54646902117598,53.285103198833355,53.04168246046285,52.80182497155159,52.61730258052319,52.52080262784684,52.510414274986815,52.58825270879935,52.76060667222324,53.06076847909077,53.46655410869994,53.732473551225716,53.97548398234141,54.14846286167053,54.24635340606076,54.317133050478546,54.24315050226083,54.08692508406926,53.868890394170265,53.61345807919368,53.32115686349892,53.00102295044501,52.66775924526332,52.339020102319246,52.03449918777195,51.77137826036103,51.549528454622894,51.37601594140399,51.24079816228796,51.15138557333809,51.10491428400731,51.091466678267,51.12605787980927,51.208499593905756,51.33378735269454,51.50107867426677,51.69367273464256,51.901345126596404,52.126729335944695,52.37322232435517,52.638721176626795,52.91938255844906,53.2153705712922,53.52588786366891,53.85254142955673,54.18165063179548,54.510096237556176,54.82532118159121,55.16212340787262,55.45048003822873,55.73046582062511,56.0026787228144,56.26843605069786,56.521049450673395,56.76229709007175,56.9899275250371,57.25647296085805,57.46284349409421,57.65000592553863,57.8241658051844,57.99297102229979,58.162073357895146,58.29501185906111,58.47522689605869,58.6511544961322,58.8109420975047,58.95282932964916,59.07823537016009,59.14803288929424,59.288315989578514,59.45967050865794,59.65711491915211,59.871175354316534,60.09823797760183,60.335847018457635,60.57520144112564,60.80931040682613,61.079614146794874,61.36031379838662,61.62978867700406,61.906461761857585,62.208381200162364,62.495316652443314,62.790077784279156,63.11586139361702,63.462480198078325,63.82258473482732,64.16540889133272,64.47351225569331,64.86928879245328,65.13897409191668,65.52572711775898,65.82959785191862,66.03694478178367,66.23027947575973,66.43384528337582,66.6561364275771,66.89485131145878,67.19937163077797,67.572323978333,68.00467081296839,68.50005567052277,69.08092520302176,69.69676874770221,70.29613424482548,70.91511125091749,71.47700321378743,72.03931949085214,72.62049330867103,73.19110121306623,73.73981159240162,74.26273724801443,74.70180414970042,75.08128339295375,75.31122894574983,75.53799264482019,75.73665992932028,75.74768944455298,75.61005972988073,75.37356372880274,75.05596005226609,74.71807006367452,74.42102490305284,74.2650103431492,74.25962788464537,74.39976567721182,74.68094552930684,75.0601410197626,75.49995758386902,75.94715344909956,76.37534891769363,76.75498734001349,77.06170324525057,77.28919785718152,77.43846726701982,77.50391192124218,77.48124974992665,77.36572600476815,77.15838009778929,76.88458148431349,76.57284128660353,76.20032390564245,75.90461116602134,75.61367392893627,75.25628409138275,74.95911676541853,74.69562093529355,74.4953238708759,74.36471470347448,74.30592521971346,74.33515706336854,74.43850769891209,74.59680419753907,74.80005498561103,75.0150667904783,75.20940702092048,75.34598653172003,75.31124814422931,75.25238143484259,75.11467169431768,74.95305658350524,74.59940218540702,74.15391949493907,73.64017686429911,73.07229869800972,72.47842532643537,71.84874075716034,71.33996893800828,70.89191595097505,70.58100906478289,70.39067934540482,70.31180614609987,70.34799548006845,70.49565454155977,70.73170340325201,71.04193727655105,71.39553050745553,71.68696258657647,72.04025263118865,72.36001066309744,72.60924873181348,72.82620183490445,72.82755485324199,72.7225440822176,72.51290948647357,72.22137159452284,71.89749509553437,71.61698483767064,71.44454533658165,71.4178513134201,71.55809524235796,71.86816699038756,72.2983744893808,72.78436653836172,73.28115349083102,73.74383759273883,74.1370604561756,74.41027979387277,74.5695596494688,74.62680208705315,74.58290061268664,74.44103608545569,74.21769668150516,73.92145829024662,73.51555328533013,73.19743343550127,72.87102976209573,72.54074484507572,72.1809053017096,71.90681797958685,71.69827904567143,71.55319686530896,71.47264261269873,71.45402230783381,71.4872057572386,71.5797254444084,71.69682647196741,71.82577120108795,71.94233769570441,71.99167602164354,72.07088265984412,72.05084680645076,71.96556325121799,71.81000522457084,71.59325968647948,71.32848834260778,71.02251797546552,70.60633374418727,70.26260488304966,69.91880222762367,69.52833811659943,69.16586179578904,68.86004516345176,68.63628768960177,68.52141200631269,68.53768901897575,68.66091964166436,68.82484534453191,68.86748723472267,68.91361688413392,68.85597558775532,68.71055186596254,68.54087512667428,68.21632837583064,67.83731539439218,67.40017764314038,66.91369488114306,66.38759592674586,65.84108192986459,65.31866334433822,64.86293917973418,64.48739036314903,64.18774657829508,63.96498669558543,63.81202185147521,63.731021609977105,63.718865754399445,63.7643727485472,63.8788939384221,64.04033622127595,64.24997381165164,64.50115326485782,64.79800030572224,65.11988376603092,65.44763990502653,65.76533014812716,66.06182579971404,66.31180845722218,66.61055353238216,66.82603542167735,67.00655465568012,67.14415123180396,67.24407403489982,67.30929325095785,67.34108114397206,67.35217240889023,67.29629161509246,67.29876983410689,67.29931291154048,67.25936163728424,67.24820584467584,67.25993991108027,67.30036217640948,67.36938055184385,67.46427088211239,67.58375651884097,67.727351181638,67.89476865146776,68.07995710256645,68.29030464983917,68.51693529451555,68.75638948515709,69.0100909573836,69.18074202388554,69.42554072625208,69.67222695116,69.91896592193817,70.16199862786989,70.39315883460773,70.60456132970954,70.84566906729914,70.9107212471742,70.87248464266648,70.7451950217664,70.58564924073448,70.45215203102686,70.34517536732812,70.37191419487979,70.52608952594504,70.80237403824607,71.17961423229816,71.66322449823153,72.19677411246282,72.73132957475582,73.3026465222963,73.81811894539197,74.31392284805369,74.74238945009235,75.11855749652588,75.45148094109504,75.68828903624944,75.84501430624141,75.9584132257547,75.84585216150182,75.63549821525186,75.2979417127321,75.0566223048809,74.82741856724412,74.61105084166886,74.59632111018873,74.70944917804482,74.93223483573472,75.23913725850144,75.58861648071003,75.94272431731008,76.28535586763346,76.58696293888713,76.82686295929062,77.00035113757714,77.07722452128371,77.10126050415496,77.01811518146211,76.86037944643307,76.63891524777159,76.36251328751388,76.05197900744497,75.69814533670502,75.27546563821285,74.94797028354782,74.60723720752962,74.26199725471321,73.84208069978716,73.47047053010823,73.13998900268729,72.87848669660211,72.67244477310281,72.5325071733921,72.46217002595137,72.47708597581848,72.56728557620652,72.66234932729617,72.81120155258274,72.87108662893814,72.8338580035285,72.66532241741251,72.37780930702148,71.99334759466346,71.51985232370048,70.9908740206525,70.38568376357102,69.71871566770334,69.00266655252233,68.2594791351217,67.54007914128849,66.90499124886234,66.40159597139512,66.060805643324,65.8408741991842,65.78151113225421,65.83951504724992,66.01094154702838,66.26197841548696
49.81345118182535,50.13824530107287,50.45308369571084,50.73481613207835,50.93326860146636,51.17915218742838,51.3879053376925,51.608389567334555,51.769174339451226,51.89101600494599,51.98059559921924,52.042012216317296,52.06756848435387,52.05612193520439,52.013705896099886,51.94422232989438,51.84620837578675,51.732891724321824,51.60187208788169,51.46526033452644,51.26125204000357,51.12815983131,50.99760059423012,50.875642658296776,50.76517536305668,50.63418537529635,50.535083166636156,50.49561849247008,50.39386448336847,50.36256619489996,50.35879816001493,50.382134459306656,50.42667275193057,50.49084436609025,50.577937299336824,50.68781543935081,50.80775520433456,50.94338066580109,51.099210318716196,51.29133305502776,51.51240808468098,51.75130735555555,51.974301627571485,52.20907078136374,52.448440455635655,52.62901503007624,52.86742928153944,53.162862000662535,53.30498237378664,53.48439208716785,53.63757630961506,53.76452763968184,53.860087371528856,53.923317887951335,53.95002262180339,54.00397880811915,53.9365143036166,53.812976869544315,53.626777062715455,53.447468766881386,53.194354831661805,52.961897833177495,52.74269275868843,52.58625519952629,52.52109983254016,52.54025766187334,52.642026145162305,52.830208450343555,53.135928914031595,53.53513531486816,53.78866380175536,54.01344794321838,54.165068355622715,54.24003237295299,54.2869297927514,54.19192521876595,54.01728942543969,53.785344640244205,53.52199075636411,53.226950796718775,52.90815539929842,52.579399053008565,52.257516371336436,51.96172341910808,51.70962549183264,51.50078037371536,51.34188703478526,51.222372753516694,51.14887289773244,51.117307718687606,51.11698896669879,51.16455037750198,51.26102973542172,51.400425452834355,51.581672054791845,51.78696528318254,52.00405449549505,52.23645648803266,52.48955343343663,52.76262502155973,53.05075472303066,53.35281145087003,53.66743355861316,53.996856673586954,54.3274273094926,54.6564577993107,54.9715802779509,55.31020645889833,55.59649414682681,55.87390675047195,56.14299523852272,56.40562108471496,56.65377975288015,56.890383658861886,57.11301672611132,57.37949280716499,57.581897121909435,57.765042569996645,57.935104101910945,58.09970174106153,58.264528221271924,58.38949399813179,58.56725513284364,58.74184660341319,58.90129364593602,59.04544316721937,59.17583894192612,59.24757009554033,59.39542712153039,59.57481832918208,59.78092067449283,60.004592230413074,60.242243418136304,60.48957059362732,60.735878333784825,60.974795579451374,61.24966877079359,61.53370148631054,61.805368046349464,62.08401593653724,62.38756596694799,62.67577313058835,62.97086990116266,63.29653792655589,63.6424205065402,64.00074301655343,64.34075494913874,64.66111233879413,65.0333309535802,65.3134683889789,65.66476057015706,65.94996165318152,66.13981226307602,66.32197710871374,66.52326372748122,66.75284588647398,67.00662867229272,67.32771904156616,67.71450543766832,68.1583649987181,68.66390065752236,69.25403454305923,69.87643819109954,70.47923719669284,71.08970648634595,71.65401159756748,72.2160826127593,72.7890193390066,73.3475834757893,73.88010760988155,74.38238659513947,74.79778058778899,75.15137381475007,75.38080783191513,75.58092814259119,75.7285932028228,75.71571877451909,75.55985774412085,75.31406463808861,74.99841289816119,74.67314065662138,74.39615941298999,74.26740589124309,74.29032977636048,74.45526015380847,74.75643092019642,75.14789220307567,75.5904097258759,76.03203813466715,76.44721455729571,76.80799047983005,77.09444808025741,77.30102847347828,77.42861627734602,77.47308115707293,77.4311792312582,77.29897476530833,77.07804943654789,76.79399550282979,76.47545849869594,76.09553235251286,75.80377246419988,75.52113407021373,75.16911324121386,74.88451210404112,74.63708522531377,74.45544347138345,74.34355801702345,74.30157404643353,74.34590745258956,74.46062515900348,74.62385829757687,74.82413767616472,75.02884409449115,75.20721550480728,75.32416658339207,75.2852457745107,75.20655307885542,75.04680562136272,74.8465352159145,74.47750343844451,74.02353203544735,73.50729281847195,72.9417655532753,72.35480424320943,71.73317396549228,71.24474271251299,70.81891948405988,70.53393201549007,70.36829311055571,70.31190950003806,70.36858358909421,70.5347049126094,70.78587079461433,71.10640326419721,71.46419682581863,71.7719940433279,72.11806438494197,72.42102441074253,72.64899447781809,72.82293276437414,72.79921686882732,72.67239931517307,72.44980687090418,72.15667083439159,71.84119107654955,71.57998671775897,71.43372886955929,71.4355877682288,71.60243451383457,71.93563480315744,72.3820107980167,72.87373550444329,73.3642743618525,73.81092769211912,74.18129060488408,74.42840276913135,74.56142508289834,74.59473051154542,74.53027712632564,74.36986567835822,74.13017774886525,73.82381383001143,73.4074424857584,73.091411278255,72.77261896939471,72.45581104239511,72.10468287448572,71.84436752486052,71.6503935961854,71.5194551789126,71.45155931856594,71.44348339146187,71.4845774731325,71.58174436356992,71.6994846422604,71.82434666249632,71.9318273829228,71.96554544323823,72.0337306573227,71.9991933597116,71.89916142436158,71.7287697827622,71.49882831912532,71.22345734442348,70.90995282093738,70.48302267061412,70.14115813979335,69.80496331631105,69.42215975566195,69.07251810307496,68.78600210997953,68.58866836134699,68.50158152920781,68.53917025425132,68.67108544123542,68.83131097594566,68.88113804862115,68.89785685139427,68.8210060844055,68.65333419091263,68.44471412300759,68.10278966594656,67.71052508587421,67.26526234034255,66.77599108104472,66.25286516737653,65.71572838956064,65.20743308003462,64.76816473043085,64.41050489713902,64.12951871893777,63.92558604923499,63.791038355894536,63.72764985277616,63.732049764249325,63.79311551719535,63.92217312411249,64.09700981136524,64.31850793801816,64.57975477373562,64.8840614862393,65.20996235718594,65.5379205265797,65.8525893727815,66.14262142199256,66.38234644587666,66.67581790234767,66.88129168057661,67.05085738656894,67.17685573401653,67.26508649797856,67.319617153892,67.34350370035757,67.34959097369953,67.28740215142783,67.29246838424586,67.29790642824132,67.26059792656145,67.25526410200958,67.27435988629976,67.32362498645848,67.4025441707122,67.50784033123072,67.63771574458579,67.79123086124243,67.96769160983378,68.16070805136118,68.37768570823626,68.60973460411358,68.85337554663575,69.10971679543577,69.30013556194031,69.54293589032164,69.7884332748478,70.02941572365614,70.26105891401457,70.47774715668488,70.66355203686975,70.86055148554169,70.90470786346361,70.85109674535633,70.72016095177555,70.56697747794247,70.45292420569407,70.37057385109897,70.4260494693745,70.60640645465307,70.90551974980829,71.30210503953326,71.80044404408751,72.34203635312036,72.87753182517211,73.44373139420455,73.96219824353246,74.4493105385243,74.86370777570248,75.22318897198534,75.53238703084352,75.7393992328506,75.86156216037718,75.92390148387861,75.79101729535691,75.56989592234409,75.2279421671993,75.00446145351503,74.78519762688198,74.60483609889201,74.61512168354457,74.75025640640479,74.990544080936,75.30869673393177,75.66131532666752,76.00996073234161,76.34017124386978,76.62375130466076,76.84252699959588,76.99520818299047,77.05063978737033,77.05667601142235,76.95505937610696,76.7806708077537,76.54509742705788,76.25752575702329,75.93884060420648,75.58047145291239,75.14850743842108,74.82239674392689,74.4867921992361,74.15010417756451,73.73520005888409,73.37589817689022,73.06091069143673,72.81459905121248,72.62374830293844,72.49918561851085,72.44276342914112,72.46795807467613,72.56265405153694,72.66191326606994,72.7912231631804,72.83001386176353,72.76822306354981,72.57658653438736,72.26869598461136,71.86735970320042,71.37984979927079,70.84269639188688,70.23209855375329,69.56385073226824,68.85165206399752,68.1188648891779,67.41739405597411,66.80632158157927,66.33051151219897,66.02158760555419,65.82529224728327,65.78848871950854,65.86773424952419,66.05873393560555,66.32442743664318
49.92700601418037,50.23832670596673,50.54793245239577,50.82383735239598,51.03810253735639,51.27323097264564,51.47019112382929,51.65436882716103,51.80177606211586,51.91022801681218,51.98697135603287,52.03554696294696,52.04842569992661,52.02491980940893,51.97116993448255,51.8923035607983,51.78698726170856,51.66830780968983,51.53436977783217,51.397412271589225,51.191881574414396,51.06433263313835,50.941174410340565,50.82797055993351,50.726769550841176,50.60341611545333,50.51260374676254,50.4705289545012,50.390407798211896,50.36935696060327,50.376505314036784,50.41061647369918,50.464796827845994,50.537155537365635,50.63338742119494,50.75474720653743,50.88525705884852,51.02985549011187,51.193495567107746,51.39111890234284,51.613450621887715,51.85284388772778,52.074192737415075,52.30554262394436,52.539774120997414,52.73579941192133,52.966882177822264,53.2277426835603,53.38596560065818,53.556167609414786,53.69925447972583,53.811929138843716,53.892727508068596,53.93737910721212,53.943272596393626,53.95481466578167,53.87263823351758,53.73718244066204,53.542918003306795,53.35193343062509,53.11061321903697,52.89075367102563,52.69320891762512,52.5648098426963,52.52981762887435,52.57672655102354,52.700176571190774,52.90178733925669,53.21035712882673,53.60016151277577,53.841655817141,54.04732034225342,54.17715826190405,54.22919400964811,54.25079263118398,54.135902411670095,53.944389867787294,53.70022053263849,53.43024212696002,53.13358346944817,52.81718333855175,52.49398572077646,52.180030136611386,51.89398930136418,51.653630417131374,51.458258564664305,51.31408630082155,51.21046084641108,51.15298557737249,51.13643045206257,51.149574484588044,51.21013976242582,51.32043487978762,51.473679140623126,51.66836810411749,51.88574277258791,52.11188056096675,52.351023374246644,52.61031939981577,52.89037408174066,53.18526026545354,53.49262006714041,53.81074354621532,54.14237746682288,54.47389299125559,54.80287071841583,55.11747929732076,55.45653987175403,55.74071720052126,56.01557090794367,56.28162000269146,56.54116291305904,56.785123308915054,57.01735972385647,57.23534995073626,57.5003862101549,57.69900226734492,57.878476474518905,58.044943105750306,58.2059860193046,58.367336963296715,58.48640386042508,58.6621309396634,58.83567346962579,58.99505157064711,59.14158818486999,59.27694104275192,59.35223671007261,59.50753319853094,59.694839804920555,59.909378337602696,60.14221690537176,60.38980700841005,60.64617193152669,60.898996805721566,61.14269683660047,61.42166450479838,61.70892855257897,61.98268350361075,62.263184704650136,62.56799782549551,62.857498675832346,63.152712279376644,63.47761302053888,63.821932274615456,64.17737771825679,64.51398110764706,64.84675345923417,65.19282631948818,65.48469693167199,65.79946404228008,66.06706242605988,66.24186646475377,66.41510753994945,66.6158477813151,66.85364776074286,67.12282168462747,67.46007796087079,67.86103375486482,68.31641008604066,68.83201131853232,69.43101880278965,70.0591539550654,70.66470152766806,71.26460944794074,71.8307922609318,72.39183904447428,72.95489861462434,73.49979695919401,74.01480192096456,74.49526471228036,74.88713803002712,75.21474280934105,75.44624830373117,75.62021836000882,75.71542047199848,75.67982102002597,75.50840743753076,75.25610010628442,74.94500243259141,74.63436192967514,74.37909118794609,74.27786209116093,74.32843932927348,74.51688752738214,74.83605689752291,75.23751641542941,75.68055428220183,76.11462431320967,76.51514268168448,76.85610569275529,77.1215006244518,77.30677897491952,77.41267447123656,77.4363854944344,77.37577568227013,77.22782685308837,76.99468239271253,76.70199430443604,76.37840517262987,75.99434248638406,75.70698376353627,75.43276158165068,75.08837369578167,74.81692784802931,74.58577742708523,74.42220645290159,74.32812174453117,74.30193506114892,74.35968793129038,74.48379844011787,74.65008872804368,74.8456636856635,75.03862406676745,75.19994059569458,75.2968695526603,75.25611210756462,75.1577750700143,74.97623912113903,74.73548551271782,74.35208369637004,73.89090138379349,73.37367761804687,72.81233606449383,72.2341475934482,71.62361513467862,71.1556981548273,70.7527633252364,70.49363422128681,70.3526047872329,70.3185271482119,70.39516223427479,70.57860694449622,70.84332047872303,71.17204166915519,71.53177694417718,71.85638403320846,72.19356382941055,72.47845505256542,72.68443912336973,72.81316793419595,72.76639518359953,72.62034742365604,72.38763070841797,72.09576859928029,71.79129820398136,71.5509753662014,71.43158155801964,71.46174322209558,71.65397220568032,72.00794527953923,72.46743679618652,72.96183307046839,73.4435545379043,73.87244191829957,74.21876657496159,74.4395908419516,74.54675664983094,74.55673871489336,74.47241046459298,74.2945958071721,74.04030268508583,73.72554222228338,73.30245445776829,72.9890274441436,72.67796724872007,72.37431830701016,72.03362150331701,71.78738823793132,71.6077438864333,71.49041984525341,71.43441891717744,71.43584832679473,71.48367294864654,71.58366190745777,71.70031164261763,71.81945738306707,71.91667492755154,71.9352981149382,71.99078682173776,71.94175833981994,71.82740874257635,71.64312121025415,71.40127288311382,71.11675526823856,70.7972367338739,70.3635043301076,70.0241620028102,69.69581604587546,69.32246489270076,68.98703638386645,68.72026329619588,68.5483023560296,68.48675567767349,68.54230756671151,68.6793687029179,68.83284865582355,68.89090710275248,68.87776783183169,68.78218078746514,68.5926625604307,68.34368295727131,67.98596784679737,67.58211833565397,67.13042918565624,66.63999954699953,66.12130472274036,65.59471974783132,65.10145359245011,64.67928635296704,64.33983937445588,64.07770689886661,63.892619218803084,63.77649946156916,63.730617307156486,63.75141420740771,63.82797679228619,63.970948155523125,64.15842030998296,64.39073064815378,64.6609181097731,64.9711396856061,65.29945928316435,65.62630823800708,65.9369001114149,66.21978233860975,66.4496198855641,66.73586231320624,66.93135188953651,67.0902213979872,67.20533362745806,67.28297968644569,67.32820682791471,67.34560105220957,67.34785184854954,67.28204164367689,67.28997258896182,67.30042098436226,67.26721452601284,67.26847936128972,67.29546329084381,67.35380970744993,67.44259302273595,67.55804936224654,67.69788025295223,67.86069828034638,68.04541122602907,68.24547768016679,68.46799328355993,68.70422527331361,68.95068726186405,69.20809037988217,69.41973746058028,69.6597188356613,69.9033504569797,70.13802580285272,70.3579055022449,70.5600676968363,70.72056370054739,70.87175780072516,70.89739076623064,70.8314810807922,70.69969273104294,70.5550412702553,70.46130449046134,70.40491212818525,70.48904627261686,70.69511922468841,71.01600550917033,71.43050872735112,71.94167055229013,72.48924822227316,73.02380844557608,73.58298552093224,74.10438855123272,74.58200764899723,74.98194095706998,75.32435372288532,75.60904327164754,75.78627866474368,75.87459013377425,75.8851626023855,75.7349003166211,75.50594906707049,75.16391552063554,74.95817660969843,74.74857872054969,74.60634232020985,74.64099206190453,74.79684197202816,75.052697247649,75.3797831947582,75.73328069533719,76.07467756877848,76.39102390114564,76.65569260493778,76.85309409920606,76.9848076202291,77.01934176649148,77.00693642734403,76.88724863226315,76.69677266288281,76.44780899751972,76.1500077623689,75.82431933152955,75.4625760034256,75.02489775836405,74.70063771771258,74.37038914934273,74.04224730944945,73.63451084223414,73.2879826316975,72.98834882818223,72.75681994888123,72.58054528587515,72.47041133343548,72.42678384711485,72.46066390082,72.55809512687537,72.66101824226119,72.76867713521366,72.78624792399738,72.70026477204948,72.48595740959198,72.1581268968609,71.7402965967933,71.23932885371684,70.69397269909548,70.0784033333615,69.40972084003455,68.70277497178503,67.98221725972735,67.29999532943565,66.71376347606045,66.2657253115124,65.98797515462414,65.81621102614302,65.80197559384509,65.90230868615437,66.11220719269015,66.39191132664209
50.04063886537355,50.33588989907509,50.63872582126274,50.90741320272371,51.13776586159524,51.36149423899367,51.546424593505506,51.69358930358778,51.82725801646484,51.9225916859561,51.98684280077377,52.023018696886005,52.02399937483193,51.98954133709225,51.92586064589023,51.83883127848041,51.72756986294827,51.60483340634289,51.46931056154056,51.33297331708279,51.12832597105479,51.00650356076558,50.89079610213037,50.78627753194349,50.69422931507138,50.579371718144195,50.497285983872004,50.45185574417088,50.3947829221746,50.38406449010662,50.40201026997437,50.44660979723467,50.510181454893726,50.590535498282954,50.6954090749449,50.82720067415502,50.96714024445669,51.119551453584045,51.28991895021802,51.49177800753176,51.714400251623765,51.95305151453285,52.17162171945323,52.39829413974261,52.626204418637975,52.83791702799873,53.06102237880925,53.285594730602455,53.460549035906745,53.62124415349112,53.75414163152922,53.85275366014784,53.919277827955064,53.94618476330005,53.93242800154652,53.90153732813641,53.806451132289595,53.66125533849236,53.461527947071644,53.260377482905824,53.033699192996565,52.827918482252166,52.652894207132235,52.55238271565243,52.546332607742656,52.619201050350334,52.76214134839506,52.97487670520859,53.283743942014624,53.66154113506683,53.891274018857146,54.07704785442243,54.18478780588855,54.21398694690964,54.20914875224411,54.07550779304415,53.86861636851764,53.61384766193365,53.33849860552207,53.04129896821377,52.728303657840534,52.41166148802105,52.10664094930183,51.83131035789641,51.60335373979185,51.421882053593905,51.29251376960987,51.20492758118001,51.16355550711228,51.16208100073732,51.188969270965224,51.262543592371685,51.38641756287677,51.55323347611681,51.760853560702564,51.98970282845508,52.22452175697681,52.470127472963725,52.73522615196372,53.021691555483436,53.32264844566733,53.63458127381447,53.955630144020375,54.28894543474378,54.620919365453105,54.94925295485472,55.26296329140444,55.60117476968267,55.883204157548064,56.15551542528745,56.41861018483655,56.67512112155582,56.91513413550519,57.14327331137345,57.35696617148968,57.619314895244194,57.814326299550196,57.99046809434729,58.15382454633498,58.31193576345344,58.47057065963436,58.585681039113624,58.75977945248988,58.932550678804084,59.09212093418121,59.24116221776713,59.381435779932424,59.46179435272825,59.624390207947705,59.81947918423381,60.04222360458727,60.28378911630737,60.54068317360869,60.8054256748999,61.06433961256259,61.31277488825626,61.59538194238337,61.88576164230796,62.161493116403996,62.44371807399869,62.749440095523894,63.04023083471876,63.33534298483865,63.65886769255509,64.00085567732214,64.35241932903604,64.6850595934152,65.02931630060236,65.34800678859757,65.65150995035003,65.93016937179532,66.18124357434425,66.34332502004148,66.50976272089036,66.71157674821734,66.95843831487694,67.24325283447439,67.5962482480887,68.01160846991226,68.47843333189068,69.00394042815475,69.61137062802153,70.24439196003307,70.85197824954453,71.43993259904879,72.00717657536227,72.56615679886251,73.11781733563663,73.64756418617651,74.14384624561163,74.60146408189718,74.96999461869137,75.27159414881547,75.5059769997702,75.65438573605464,75.69750652675987,75.64039553388145,75.45598782455406,75.19979478833052,74.89567756350247,74.60151484915656,74.36942428302247,74.2958715377438,74.37338543181221,74.58405674350958,74.91927001499418,75.32853994660842,75.77002537309286,76.19467326172985,76.57903011817605,76.89933670799618,77.14297846039109,77.3066541619912,77.390912606055,77.39414873759337,77.31539166195485,77.15262671233538,76.90857470426978,76.60879700268272,76.28180538917917,75.89665910704375,75.61412761264414,75.34842561533523,75.01374734077636,74.75596724414484,74.54123030524289,74.39512397058822,74.31791166663488,74.30651067107866,74.37605357589953,74.50766698992014,74.67523458819518,74.86448707695189,75.04438004959985,75.18767429702572,75.2642638687799,75.22270173546778,75.10486489753384,74.90191460522426,74.62030316110952,74.22354222795445,73.75639229940101,73.2396295744552,72.68420500067387,72.11653504770241,71.51992756593987,71.07267212294224,70.69320041285029,70.45981471523731,70.34324997567455,70.33123413725677,70.4272652511183,70.62689698380515,70.90362774087697,71.23852809546011,71.59808209238385,71.93872788743542,72.26533735974847,72.53104829434042,72.71447855609821,72.79737129225809,72.72949845214504,72.56669782665313,72.32654577990655,72.03864499942853,71.74759826094451,71.52956842295069,71.43758324399414,71.49570145856666,71.71205917653157,72.08450034725331,72.55417814354264,73.04835082995788,73.51886448519035,73.928402728564,74.2496586595688,74.44409725740249,74.52585190068916,74.51315222692911,74.40964741903161,74.21555627438053,73.9483316326731,73.62681837775175,73.20051266638856,72.89018278473327,72.58696313950801,72.29615448389272,71.96744951018209,71.73553757470411,71.56995306911104,71.46569727454155,71.42082809030485,71.43074855438614,71.48416212942624,71.58525676158271,71.69919971355313,71.81112416876914,71.89701485284002,71.90106283206045,71.94235973908275,71.87890001598622,71.75068390946232,71.55342205702988,71.30090981056357,71.00863421041318,70.68454536144301,70.24768954777272,69.91149819228706,69.59122394273807,69.22896451542746,68.90898155039295,68.66228545929563,68.51461429374682,68.4763996169347,68.54671608497745,68.68559997216279,68.82951932856184,68.89539733422393,68.8524443289772,68.7383174826739,68.52750875113115,68.23819060436358,67.86622744602471,67.45240256894682,66.9959151714899,66.5058805890486,65.99299833158973,65.47806800766033,65.000669868702,64.59619082022542,64.27523849000214,64.03211341881735,63.86585313421572,63.76813025253357,63.739613427088614,63.776614032097044,63.86856138825499,64.02482172738391,64.22417462309141,64.46627822051288,64.74431573845368,65.05899047236103,65.38823257263252,65.71275361381389,66.01829743107344,66.29341513207814,66.5137309371075,66.7909755118411,66.9765364299733,67.12498935705496,67.2299172323756,67.29804550942858,67.33528903622904,67.34752522114167,67.34704711260434,67.28011715261185,67.29117580404424,67.30674039676026,67.2789792018688,67.28754611748643,67.32288324688803,67.39050204797294,67.48907990374924,67.61442882866761,67.76377085707509,67.93527829421761,68.1274720331966,68.33382928306395,68.56084155121596,68.8000881216051,69.04808757103706,69.30508424401377,69.53811751213792,69.77453492739406,70.01548131670529,70.24323587772273,70.45102662983874,70.63856684327061,70.77441420502367,70.87970795966436,70.8890973729858,70.81380096421022,70.6837766448427,70.54966879114797,70.47701730061328,70.44773636832137,70.56035707954297,70.79160714942913,71.13318393803873,71.56417736847384,72.08629810130938,72.63788024279461,73.16972347257578,73.72009219394431,74.24351455238971,74.71053072362224,75.095406817576,75.42018173042176,75.67969482424324,75.8274037191164,75.88293393997677,75.84260843748804,75.67777141283443,75.4437601291389,75.10566185986004,74.9175487108792,74.71790514108629,74.61505352578166,74.67335835636115,74.84861711096629,75.11814909755182,75.45194416024259,75.80418078556129,76.13666107181372,76.43781910801945,76.6827912029237,76.85863268659583,76.96928009334347,76.98347030880839,76.95227638717655,76.81494970975353,76.60897143308694,76.34733983365011,76.04022743780169,75.70863483519669,75.34461946739448,74.90455260037267,74.5825889997564,74.25790957233382,73.93829975342707,73.53970703452161,73.20634839346643,72.9218897285669,72.70471456112382,72.54238868417636,72.44574309510986,72.41380371378855,72.4548357723439,72.55332906397693,72.65894271673972,72.74346539580324,72.73973446119838,72.62995127831101,72.39343102978104,72.04613375865065,71.61223393064664,71.09839863381158,70.54488404604834,69.92481454862136,69.25654065858647,68.55619544932154,67.84959219451011,67.18785557495386,66.62721862888161,66.2070988376585,65.95983155751858,65.813373236409,65.82165860148412,65.94287404850088,66.17098388630012,66.46404104667805
50.153237402142835,50.43079271963943,50.72545139537477,50.98565311908851,51.23086201157979,51.44259493262197,51.615287691796446,51.726371491046,51.84603429213006,51.928547318822694,51.98066987145217,52.004902216705275,51.99475127720115,51.95040774771108,51.87813233236768,51.784109589812516,51.66819022812655,51.54263094579319,51.40677208494221,51.27196272020977,51.07043010133151,50.95450487223105,50.84628872719477,50.750380774080945,50.66736673958729,50.561777591366294,50.4888007942049,50.439939884718534,50.406551115939195,50.40620802786224,50.434800802096426,50.489582571406515,50.56227259559547,50.65040536982741,50.76341760159272,50.904620453622165,51.05288933366263,51.211999965886264,51.38804981788468,51.592943324470475,51.81494271846858,52.0516938126869,52.2664346403159,52.48727398281292,52.707783732911786,52.934009255216324,53.148451860964435,53.33670175120634,53.52729863905103,53.67810263342577,53.80063004852129,53.8854869997153,53.93823211877767,53.94835887009837,53.916329050356275,53.84463417124373,53.73836342891066,53.58549021103004,53.382738485208,53.1733153942223,52.96343358557826,52.77306077510198,52.621269385980405,52.548390024014004,52.5700213600383,52.66706126776666,52.8273578382855,53.04900991444509,53.35578017213363,53.719182614385325,53.93734282837824,54.10257715470133,54.188012212950234,54.19455981550103,54.16242534239967,54.011167074958976,53.79035888503631,53.526555618710226,53.24704660659091,52.95034137954224,52.64171324680026,52.33256859419644,52.03742836056556,51.77370011206098,51.55875616334863,51.39156986662827,51.27706947124723,51.205638098032374,51.1804145818058,51.19405788131696,51.23491936486076,51.321479425130406,51.45868032056255,51.63877351937144,51.8588151630059,52.09854307638039,52.34167651749051,52.593466262560945,52.86397961835172,53.15630064110193,53.462668523621666,53.77847992460335,54.10190566957332,54.43640220282898,54.76837812045378,55.09552246861058,55.40797731190561,55.74416227592718,56.02400997614323,56.29379743475054,56.55402295447385,56.80755529603105,57.04386624937768,57.26817244773079,57.477904360949324,57.73644058784924,57.92803658767473,58.10117788472372,58.261890153297365,58.41766287993241,58.57430038594965,58.68726512737001,58.860125807294956,59.03239381498205,59.19240679908163,59.34406310107688,59.4892172607626,59.57600464334436,59.74575413714807,59.94848071548212,60.179192171552025,60.42904860033462,60.69462633891781,60.96710646649118,61.23168950993465,61.48479044440161,61.77060167712271,62.063967400613556,62.341554952345284,62.625366052385374,62.931656096752086,63.223707153791175,63.518500083466215,63.84008295959364,64.17903088967839,64.52579833798981,64.85396263300083,65.20768154648763,65.49910425932876,65.81275767536708,66.05720839636994,66.29284850182519,66.44440556216377,66.60603460295992,66.81042993152789,67.06711381336935,67.36774460784494,67.73602976261672,68.1659291228004,68.64406199322269,69.17924076099176,69.79458266456338,70.43162812643585,71.04051837411568,71.61578840301696,72.18299591234076,72.73860388878933,73.27746170215595,73.79070767963309,74.26719230378359,74.70107718645,75.04646849605832,75.32213160526213,75.55842055860451,75.68195270971033,75.67521615701952,75.59784166889332,75.40287791963432,75.14527333916739,74.85038719884002,74.57438038138649,74.36676275332049,74.32092682583279,74.42459697240446,74.65617674776732,75.005516826318,75.42048908639715,75.8584571187952,76.27194625723054,76.6387736940865,76.93768725475972,77.15899917063265,77.30085883517931,77.36360143916488,77.34669469081643,77.25037972930481,77.07371878727652,76.82002210920614,76.51462271112027,76.18578322911748,75.80238701427966,75.52508656013711,75.26799532335548,74.94491606188824,74.70123353914936,74.50297662442172,74.3737071796012,74.31243356397181,74.3148032834416,74.39455946284548,74.53187025607528,74.69903497728704,74.88046191287442,75.04608538528088,75.17050861224412,75.2265179610061,75.18386925029678,75.0466400506287,74.82277448519615,74.50138384828392,74.09227830196873,73.62036954169346,73.10544699912819,72.557567130824,72.00204627652275,71.42197456049675,70.99550147484888,70.63998368524736,70.4321725304057,70.33986427611875,70.34960551380819,70.46442647513278,70.67911137712113,70.96636786637512,71.3055381471471,71.66292350029127,72.01762093722607,72.33197137110979,72.57754984184194,72.73800866363344,72.77600678644876,72.68893532905015,72.51175994315119,72.26671686626146,71.98528014507582,71.70987303055375,71.51538352795974,71.45121376951411,71.53684626118827,71.77604628502463,72.16470193401989,72.64176049973749,73.13298037643281,73.59007466991447,73.97883258019628,74.27413715186637,74.44217526055283,74.49900838589542,74.46429657748487,74.34233478118435,74.13307688246663,73.85452473413334,73.52781720710576,73.10154057664796,72.79477815159024,72.49949518119475,72.22120741801467,71.90589521705957,71.6884729910837,71.53664429691449,71.44489387698704,71.41039351971979,71.42781551478983,71.48571496111731,71.58630761145564,71.6960410955809,71.79936782557161,71.87298168203763,71.86296838992203,71.8887579953511,71.81097665742095,71.66936562861959,71.46003487307246,71.19805553359316,70.89934626730746,70.57205435081246,70.13548914871444,69.80304842841079,69.49105053331995,69.14136961155367,68.83791851488395,68.61152533647368,68.48702879459582,68.4699785122165,68.55201093767016,68.68960979442113,68.82138393855664,68.8932116801427,68.82098084636178,68.68823395577158,68.4568445396284,68.1286460391826,67.74393299127027,67.32168521096816,66.86195729025196,66.37379451723316,65.86802973267689,65.36578517203128,64.90502689590751,64.51876490508864,64.21654693868042,63.99254057952585,63.84505472539901,63.765655812822246,63.754327666542956,63.80730418653975,63.914474119537175,64.08339653442475,64.29387965665283,64.54478693354983,64.8296201252607,65.14736941504253,65.47614025425678,65.79720722850533,66.09681639880313,66.36362638491025,66.57478176132969,66.84144624513559,67.01716568330316,67.15550393089227,67.25093886901615,67.3105758760547,67.34109054203799,67.3494282287675,67.34726884502817,67.28153573900485,67.29597138528266,67.31674848229231,67.29565972035965,67.31215886557007,67.35625287660807,67.43328771661675,67.54155760958619,67.67650958400188,67.83490837008918,68.01449575812389,68.21341856447934,68.42532615413342,68.65584468661002,68.89700396847749,69.14533941434988,69.40057092112163,69.6538455089457,69.88602953064286,70.12332867317429,70.34348566646112,70.53891053407382,70.71169098419642,70.8239214345798,70.88482190917414,70.8801551012397,70.79821971084655,70.67239897844892,70.55068821409553,70.4997870514346,70.49859274124174,70.63943436508892,70.8952495422532,71.25640765811994,71.70246303562362,72.23372076961526,72.78740293755811,73.31484094277924,73.85473470470583,74.37840093090041,74.83339630654926,75.20242318060167,75.50880297579066,75.74258684936686,75.86125078315636,75.88542929252901,75.79665084539884,75.61990077153688,75.38343158825722,75.052981271692,74.88235869450533,74.69352018133084,74.63045373576679,74.71164667800693,74.9049930592706,75.18635439232278,75.52472714964664,75.87368379618208,76.19569748664041,76.48046213304947,76.70505146182391,76.85921119023988,76.94875624638404,76.94316526448243,76.89293052617664,76.73842936840106,76.5175535396325,76.24397980994209,75.92845291757261,75.59200676099057,75.22676232396883,74.78738796677781,74.4681463849099,74.14923498269373,73.83813461255653,73.45048262043083,73.13061996113322,72.8611197082338,72.65784805945569,72.50883146010531,72.42473968047784,72.40339546307814,72.45010600734159,72.54807612459672,72.65496515037545,72.71548987206978,72.69041911892525,72.55725073161804,72.29900338170931,71.93274828486116,71.4832473599649,70.95716828632794,70.39561153651556,69.77154864575856,69.10452485550805,68.41207367004364,67.72104564126639,67.08094740580951,66.54658873661856,66.15449355896034,65.93702008122236,65.81652157872688,65.84722458864584,65.98906602792428,66.23468658445343,66.54042755794538
50.26368929122615,50.52289300690119,50.80809676779483,51.05866653751725,51.31599442470692,51.51518599968003,51.67546236377746,51.75303588396698,51.85851897874332,51.92853522185688,51.96891250607835,51.98167232097562,51.961143175165645,51.907940270722136,51.82833929595959,51.728442601666366,51.609082405864115,51.481862859552876,51.346831993972565,51.21439973017285,51.0180388366514,50.908168825574116,50.807475343128914,50.72009748610005,50.64599390822892,50.55035914311702,50.48681909400162,50.43512239938357,50.425273640188266,50.43530681832242,50.47436468467175,50.53900293770804,50.62051621247294,50.71618627298424,50.836828342144464,50.98645115635742,51.1419888989699,51.30673243668722,51.48745751994537,51.69424780703505,51.914763767001595,52.14853435890604,52.358477566632985,52.57243080720968,52.78456444817325,53.022717470482064,53.22777260075186,53.38134735478934,53.58478036960976,53.72522396324771,53.8371120141981,53.9086149536672,53.948084168125725,53.942525441490254,53.8938159559171,53.78459257116401,53.66878555235872,53.510181706269854,53.306681208913965,53.09126163507321,52.899637228819735,52.72584905781996,52.597855212940246,52.55224797340027,52.60026047665453,52.7196873111854,52.895263402372436,53.12372033321219,53.42615663772217,53.772994383375334,53.97968666717885,54.123854918065994,54.18688670846311,54.17106124618574,54.11104958811856,53.943305969485465,53.71000737474892,53.438673993548775,53.156172544707196,52.86095478996027,52.55760899506643,52.25684927875665,51.97247192156036,51.72117208721406,51.51979839133639,51.36724102989158,51.2676534358307,51.21245753717707,51.20339469630711,51.232159610406654,51.2871708053051,51.38666481849282,51.536925688718306,51.729984330443024,51.96193964948636,52.21196114196018,52.46304327647314,52.720737221415405,52.996285727450896,53.29392453690998,53.60506975926615,53.924100873218194,54.2493824404192,54.58458939655778,54.916140944626314,55.241597219666616,55.552466410527984,55.88555351373052,56.163189614542716,56.43047406858008,56.68791548111926,56.93852502231054,57.171373667259665,57.39210515924649,57.59820349169304,57.85192501338643,58.04030050086802,58.210766300890015,58.369281656269884,58.523279275165905,58.678597217907445,58.79109571836685,58.963095140050584,59.135118462193674,59.295814227891555,59.450188669965364,59.600179592537415,59.694629201758104,59.87138097349955,60.08158864702592,60.320019734602525,60.57773509456833,60.85139092952304,61.130988949044685,61.40082925346442,61.6585042150194,61.94710430259054,62.24331247261177,62.522627079050764,62.807878647612576,63.11440914889913,63.40766517959296,63.701921641176945,64.02103983864365,64.35629808670222,64.69744523421669,65.0206624529615,65.3807298804789,65.64635063010212,65.96729033707722,66.18091295367122,66.40222061229323,66.54532572434519,66.70401513758172,66.9123866345866,67.17957052071326,67.49611949075052,67.87922236385174,68.32369525351912,68.81292332699128,69.35746509164545,69.9801475582237,70.620338374707,71.2297729131749,71.79228932319218,72.35808164334917,72.90874832712014,73.43351791429474,73.92904996245991,74.38479181544145,74.79419650839891,75.11667780440452,75.36655895076977,75.60200561880634,75.70144171995756,75.64891415268998,75.55255877786952,75.34935673721516,75.09266041373537,74.80908024654971,74.55273949268572,74.37071065394152,74.35252055026899,74.48150283947803,74.7326564857321,75.09424388520219,75.51289012458017,75.94548363955496,76.34620457671453,76.69427023673198,76.97116106225285,77.16968033773381,77.2895977949699,77.3310117279298,77.29434715837036,77.1810924433125,76.99144752213891,76.72932034550813,76.41969054329915,76.09046277321859,75.71143100787945,75.43974315462872,75.19133985779955,74.88156174480754,74.65232997980465,74.4705491492567,74.35746723509843,74.31119321717924,74.32631530545679,74.41476066855677,74.55604768624814,74.72122899457491,74.89344225627556,75.04371341610315,75.14853554479305,75.18380025859406,75.13846924412834,74.98191801851345,74.73776117263236,74.37912326143538,73.95869118718362,73.48319787009437,72.97142820349724,72.43261722395276,71.89076095045999,71.3296194195699,70.92402306853823,70.59286608077333,70.4104066998561,70.34208328880355,70.37321632450157,70.50617974182639,70.73478647102911,71.03111614051633,71.37274742825124,71.72611239775202,72.09165851379764,72.39205225864859,72.61670540084441,72.75392533360527,72.74953836465623,72.64511446890133,72.45584319213681,72.20830874837436,71.93565414646169,71.67790429592382,71.50803832118143,71.47195297661086,71.58456141350666,71.84528438979574,72.2479519675594,72.7297095244235,73.21541330341408,73.65705555828059,74.02375393048031,74.29237234501498,74.43407809647157,74.46652365587221,74.4104972963928,74.27081934259411,74.04748743391352,73.75914213197277,73.42871362103472,73.00546165357531,72.70271439628067,72.41545191321649,72.14936495434787,71.848686945928,71.64585194297494,71.50744072253957,71.42761606279998,71.4027218871938,71.42668064855951,71.4880013893654,71.58659314258739,71.69072802921492,71.78420915944353,71.84470993839383,71.82114358383988,71.83029017653624,71.73834653333456,71.58383260364805,71.36332220836503,71.09302648432123,70.78914353528144,70.45993934915016,70.02681395803775,69.6986944313682,69.39515934404231,69.05939116879098,68.77341218956886,68.56743966492482,68.46497047867379,68.46695752874392,68.55780725341079,68.69122871514391,68.8085034302041,68.8829530776161,68.78247188751645,68.63074799249772,68.37964170253687,68.01545823662657,67.61944901017566,67.19027368693345,66.72879253435084,66.24390164159445,65.74648266475418,65.25788324392792,64.81446966118398,64.44689538043941,64.16360941539324,63.95879068172787,63.82999092227891,63.768801226469705,63.774449479490016,63.84313961895823,63.9653198005681,64.14627527137554,64.36714231662954,64.62589306571901,64.91650373567754,65.23603208218903,65.56304035670351,65.87961965658668,66.17249208165012,66.43052267961853,66.6328745190535,66.88756325997299,67.05356003094234,67.18210778661911,67.2687308576267,67.32086269545148,67.34583810854453,67.35146209670069,67.34860912498515,67.28620446362808,67.30425268846646,67.33032905781539,67.31702384771572,67.34201210051081,67.39520530217958,67.48175242197057,67.59957893608092,67.7438224817572,67.91081360512925,68.09787552733293,68.30279535302026,68.51953158745589,68.75261686514789,68.9946536334202,69.24220573199756,69.49442294449673,69.76549124333607,69.99284801053072,70.22539534553631,70.4372148872627,70.62004545222806,70.77788650782233,70.86790327349705,70.88751959606934,70.87089136850278,70.78490063593735,70.66554601713581,70.55792771257313,70.52933815820997,70.55702741668065,70.7257306041909,71.00542571653867,71.38502929112047,71.84471780152263,72.38333263567775,72.93728682943704,73.4587248927945,73.98659634468189,74.50787237066174,74.9491209419281,75.30130786952812,75.588347440188,75.7959645077545,75.88629624405138,75.8809119049751,75.74770168233063,75.56155858026838,75.32506592413331,75.00567384295056,74.8523874980248,74.6757671341224,74.65202697032453,74.75528313793447,74.96538105299237,75.25676789364007,75.59767968223215,75.94145792604185,76.2515730584516,76.51885824479402,76.72247774484389,76.85489803861293,76.92336672340124,76.89856648367487,76.8291334796009,76.65795436802856,76.4228054037859,76.13801880088859,75.81495233593265,75.4746547546937,75.10916505229841,74.67331985991045,74.35720566802453,74.04424689490675,73.74162498989695,73.36653158464605,73.06042183363425,72.80562508282605,72.61578561539233,72.47942657592543,72.40695986648326,72.39513152889961,72.44610692390681,72.54205657048983,72.64836400403829,72.68465249113396,72.63824754273666,72.48213128125403,72.20267045213147,71.81800219037304,71.35341253995263,70.8157469580389,70.24633627426722,69.6188220709988,68.95388809838339,68.27056980738817,67.59663354773632,66.9792434352834,66.47177549584707,66.10777094374093,65.91940399272033,65.82539875374215,65.87836040155055,66.04052031578503,66.30293785516793,66.62068182163847
50.37088219936147,50.612048600101865,50.88664953158587,51.126562894036816,51.39176666115851,51.57792134924778,51.72563207974207,51.77390297678191,51.865126165936495,51.92299570150364,51.95203064266254,51.95380380826793,51.92363683685675,51.86256013558215,51.776835838710774,51.672134420913714,51.55048044478167,51.42269157913412,51.289567934566975,51.16030359617466,50.97099704842125,50.86732767883413,50.774179007528,50.69524486775508,50.629922904836306,50.544841781393814,50.491011799502544,50.43774431140543,50.450511755604424,50.470880105939415,50.5201896919691,50.59433903763261,50.684358268047866,50.7872993287387,50.9150566376062,51.072137393779386,51.23392351288204,51.40328027565558,51.58771140623773,51.79532440910146,52.01354914180226,52.243336729906446,52.44759656503443,52.65371326698729,52.85659894877679,53.10268313981315,53.297586933907674,53.419815150768805,53.631562173618065,53.76109126283317,53.86198138133722,53.92062399284992,53.94732794728127,53.927308500188666,53.863728931323166,53.72189990395758,53.598127931611764,53.43562447220662,53.2334877093876,53.01473067595723,52.8421309547587,52.685951838650986,52.58217244678233,52.56337276943047,52.636426548484586,52.77645928851951,52.96529540216615,53.19854132775583,53.49456415731871,53.82288487468085,54.01812995673341,54.14082781949236,54.18146651780123,54.1436398697272,54.05544867586863,53.87235018869443,53.627951795061044,53.35053237702983,53.066162834411585,52.77338328599455,52.47618779227456,52.18464578115576,51.911851183444035,51.67373980671186,51.48644112728971,51.348814569507994,51.26416569345729,51.22525103882302,51.23232774547024,51.276184704611495,51.34546963132871,51.4578173302498,51.62085620321741,51.826550969387554,52.06991375860278,52.32965465079081,52.58832046789003,52.85163782790415,53.13185040773244,53.434286441221495,53.749601412550405,54.07122897337015,54.39787277410303,54.733348641409464,55.06407952633938,55.38739516800603,55.696375638975184,56.02539960633565,56.30079803098246,56.56560245902328,56.820344934288634,57.068089886220044,57.29771040587828,57.515119472238474,57.71790253629862,57.96592989727215,58.15128540827957,58.31939379808814,58.476140784885025,58.628896855578304,58.78353223117258,58.89711240527674,59.06861258672869,59.240640204472996,59.402248283154236,59.55943675959875,59.71421688255188,59.81742964780664,60.00102670436954,60.21854722722552,60.464441989844275,60.72958833612324,61.01073137060995,61.296847765304555,61.57154159877869,61.8336769100925,62.124670412361,62.42356350341863,62.704467564136465,62.99100586748279,63.29746257168389,63.59184245866767,63.88534572388837,64.20151934669424,64.53249744341176,64.86729050681531,65.18513127985484,65.54734486713859,65.78997779933802,66.113966438887,66.30161488136638,66.50970330953893,66.64630313981037,66.80379627617927,67.01742616073336,67.29570470140185,67.6281999692025,68.02562591119049,68.48460640205813,68.98464459015098,69.53816619471796,70.16755795481103,70.80999862527985,71.41919287851553,71.9695478229213,72.53226513986932,73.0761581267203,73.58567217216547,74.06241355755326,74.49659650054615,74.88091453020402,75.18074068600663,75.40507995742718,75.63515948786727,75.71137529708008,75.61896530368374,75.50494621361784,75.29570329174017,75.04208066697487,74.7717056145772,74.53637314937504,74.38087203998697,74.39014530589357,74.5435319214608,74.81290490298055,75.1848977453546,75.605269350942,76.03073905561821,76.41720949718463,76.74541657342861,76.99976185968252,77.17513954425186,77.27307584184885,77.29341422971333,77.23742994452176,77.10788236297023,76.9061573611497,76.63676515116228,76.32421961276981,75.99596810225623,75.6236958876309,75.3579799447326,75.11832837075549,74.82336627522454,74.60885981287241,74.4434806443827,74.34591529223782,74.31369640689428,74.34054914434314,74.43621226946198,74.57983872810361,74.74155573931449,74.90328216999981,75.03723748435922,75.12184709811588,75.13627919079902,75.08535630921394,74.90951630244484,74.64581713666597,74.25391708775827,73.82318015237017,73.34524204402727,72.83787149899364,72.30955004906876,71.7827587400648,71.24272544438003,70.85807376200141,70.55160053777391,70.3942162566527,70.34954261396715,70.4016416159723,70.55205888670717,70.79345861211395,71.09744784859953,71.43983154280764,71.78746001461873,72.15943594836745,72.44416641751896,72.64726068760285,72.76112668211421,72.71842997476872,72.5984445262849,72.39925699259688,72.15148620713687,71.8897471138257,71.65147384016952,71.50715044256864,71.49928070731582,71.638230699068,71.91912434948132,72.3336523755921,72.81755087725307,73.29534120442268,73.71967761649249,74.06318923669993,74.30453453217532,74.42005901022758,74.42869526104201,74.35207991348518,74.19544789480375,73.95911773120439,73.66244396869766,73.32968253022791,72.91219936219935,72.6138923703708,72.33472187500944,72.08051493786415,71.79555301876596,71.6073318862827,71.48196549868221,71.41347024219044,71.39741987449848,71.42697539624892,71.49069135981607,71.58589204048882,71.68315275496924,71.76566897635398,71.81233414515809,71.77571720913097,71.76726486863157,71.6613679129375,71.49446353814787,71.2636466128907,70.98613909486636,70.67827811069529,70.34837600362395,69.9215748008476,69.59831792134611,69.30341390132625,68.98274017485102,68.71502748667709,68.52948518184391,68.44786396607792,68.46680183174202,68.56372016082038,68.69028727978213,68.79093874790036,68.8632244862861,68.73601218052998,68.56467816160911,68.29487323100622,67.89903617159364,67.49314003038258,67.05847542205811,66.59665789619501,66.1163622721736,65.62844086657394,65.15437422633397,64.72894315164866,64.38046901916043,64.11627061504322,63.930666026159244,63.8204286547815,63.77729157751044,63.79966831990029,63.88377527757492,64.02070324578314,64.21306063296626,64.44356950898378,64.70923289547483,65.00463903518762,65.32473404233889,65.64879090863904,65.95994147256317,66.24535954666044,66.4942105987155,66.6881113711018,66.92961530323659,67.08603985430712,67.20514359135561,67.28362551845431,67.32919787674635,67.34975849895176,67.35377884655486,67.35116003163942,67.29403038725367,67.31591306938513,67.34736594018638,67.34283935016732,67.37680031727893,67.43937364577819,67.53548187262356,67.66269667906757,67.8158983754415,67.99100737533017,68.18494245711256,68.39514693196237,68.61600887711215,68.8507722622353,69.09271793592266,69.33844946417524,69.58651284743006,69.87162450764149,70.09363573218063,70.32018415294107,70.52286325832239,70.69291962157918,70.83559980235695,70.90517760605654,70.88822096716486,70.8616335922857,70.77400705471871,70.66320404617747,70.57121546005588,70.56539503622415,70.62258656437255,70.81869827178501,71.12151498566352,71.5184014587469,71.99029373889307,72.53452777796684,73.08700244130479,73.60093935922956,74.11536040533747,74.63075355557065,75.05622117586529,75.39037870907633,75.6569451196827,75.838073357028,75.90101688863989,75.86821755058381,75.69617280449599,75.50301502656889,75.26876561647504,74.9635396604549,74.82741605888563,74.66498929230002,74.67925724961415,74.80369384723626,75.02919232818303,75.3288443631819,75.67034927726098,76.0071713739829,76.30407403244035,76.5529127118114,76.73507441518909,76.8457616601896,76.89324216844554,76.84981381654691,76.76111988270591,76.57379146845895,76.32501344681363,76.02974668098265,75.69999382713276,75.35679846208865,74.99198813153313,74.56226428210152,74.24966264395181,73.94282682345721,73.64864398850744,73.28754791185165,72.99537850990573,72.75499216798673,72.57809240044921,72.45372699390003,72.39196243007002,72.38858434516887,72.44247084013338,72.53499066341149,72.63841773859808,72.65085518011648,72.58316537819137,72.40456107650255,72.10442822780229,71.7019271900668,71.22280512581433,70.67424379571746,70.0972393630734,69.46685127056782,68.80484505479662,68.13184403479173,67.47641186166003,66.88271627665625,66.40268060314295,66.06679246032338,65.90684655899734,65.83974746210045,65.91475288641847,66.09687260344361,66.37536026646158,66.70441479895173
50.47372602765608,50.6981173384829,50.961097279810915,51.18945162467412,51.45720084313758,51.62996509987302,51.76502738921858,51.78929326392208,51.86626994334141,51.91236906420787,51.930484219215025,51.92177147715303,51.88269403040578,51.81468857174786,51.72397626266597,51.61548915442631,51.4926183934999,51.36527953604909,51.23505755266089,51.109693567417885,50.92914960804785,50.831813690050424,50.74622277798724,50.67564011880017,50.61896581324939,50.54495091419403,50.50104982694804,50.4481466440235,50.48182672287027,50.512447135165495,50.571763598257256,50.65505901267354,50.75324472484196,50.86316565807596,50.99751782898394,51.16112377730667,51.32817774790264,51.50117489246,51.68838082659945,51.895806084545725,52.110984587450005,52.335864502404235,52.533637702150145,52.731070016200135,52.92393961907685,53.17293369517676,53.35695532479803,53.452388748562065,53.66682309718979,53.784853683328286,53.87431206021912,53.92060280783597,53.93500209290066,53.90177785032896,53.82523131971627,53.657043545684786,53.52680099564781,53.3621131568351,53.163289577826966,52.94423386253207,52.79073559543284,52.65303762583994,52.57374184627728,52.58118061772392,52.677896166421704,52.83675730768191,53.03689119917703,53.27300626432191,53.56069354946162,53.86876252094594,54.052497118516456,54.153442533956266,54.17180686633858,54.11244431688891,53.99604979211776,53.798725444656796,53.54458210337828,53.262460359733936,52.97730389024472,52.68787095417174,52.39764652806016,52.116100340847844,51.855645697374364,51.63141679391054,51.4586450747432,51.33620951160167,51.26650627422403,51.24388374317909,51.2670456241492,51.32593168053664,51.40956188196203,51.5346545181922,51.7101743999332,51.928158496261034,52.182424228814014,52.45132122846861,52.717206525706445,52.98586556040427,53.270379587667485,53.577109552350294,53.896012743424066,54.21964907877034,54.54718898816981,54.88252156286339,55.212065553961594,55.53283427361201,55.83965004895094,56.163751676985484,56.43689018369849,56.699239738327314,56.95136848349791,57.196309473585316,57.42293048196056,57.637263413024726,57.83704046734382,58.078616964922816,58.26115867905885,58.42722083155999,58.58260926877522,58.73462752759397,58.88917650140986,59.00525478127227,59.17660328330118,59.348874625854,59.51161402741293,59.67170520514313,59.831223238100925,59.9441676013271,60.134447317125534,60.359100704441346,60.61219463338281,60.884348062114114,61.17240208736423,61.46445755801502,61.74360930150412,62.01006923960374,62.303080600008165,62.604487138150176,62.886834475218556,63.17449771979841,63.480579684825436,63.77597653755877,64.06851039751807,64.38130250073453,64.70746913482502,65.03526464488431,65.34734134023844,65.70689810361583,65.93021766545681,66.25232168108376,66.41964601712262,66.61563999735287,66.74755544178387,66.90546997017607,67.1255278133081,67.41541261992826,67.76380852921231,68.17504026402986,68.64836210840721,69.15885303965636,69.72089684481138,70.35630650013387,71.00008479858762,71.60822928193109,72.14761722411326,72.70532980959686,73.2404013004552,73.73361067588064,74.19062098780923,74.60255807905858,74.9613237343254,75.2387752831412,75.43789839732318,75.65688639804901,75.7107614155014,75.58573439991338,75.45540332894618,75.24219659765292,74.99365875382628,74.73821221086817,74.52506231777524,74.3968509665582,74.4332936875475,74.61011310678056,74.8963309450893,75.276924960483,75.69715305526717,76.11385748723116,76.48472229564364,76.79210953149253,77.02349337625574,77.1754943727442,77.2514977763022,77.25107970187901,77.1762668535374,77.03110204727054,76.81819274853599,76.54265226415517,76.2284290330827,75.90242329700415,75.53908645332173,75.27967947906235,75.0488300143115,74.77001153882951,74.57042628511437,74.42130387443476,74.33856250617723,74.31944891375426,74.35700720731961,74.45846934198957,74.60288282930664,74.75975431076145,74.90983571689176,75.02663093234172,75.090535275656,75.08412318687617,75.02368888613674,74.82860380560611,74.54624108537337,74.12616101444692,73.68614446629924,73.20686682291567,72.70507519704869,72.18856037518056,71.67811931588795,71.16115593614776,70.79749041322943,70.51593999459485,70.38330023385966,70.36187785184762,70.43445643485583,70.60159774528324,70.85466414696062,71.16493827592359,71.50646609485145,71.84677758074405,72.21964904922534,72.4871204334231,72.66832001588752,72.7590384409768,72.68314556467445,72.54933415578724,72.342310763518,72.09641402344057,71.84753915740743,71.63036344640548,71.51233753207421,71.53267680366032,71.69723790141855,71.99691702271762,72.42120508583834,72.9048102178786,73.37245567297957,73.77781131075409,74.09716095613904,74.31079400650802,74.40037124688973,74.38582075182731,74.28936995859414,74.11656722935614,73.86829757682231,73.56469038681428,73.23089884537458,72.82167716754883,72.52821292542681,72.25719360600985,72.01454521353537,71.746221757552,71.57257027691185,71.45984177803824,71.40206282536852,71.39409416340537,71.42833119841181,71.49345481811503,71.58398299067075,71.67320751335781,71.743768082272,71.77598882557982,71.72681806111234,71.69999065763051,71.58039906544023,71.40163713571894,71.16137063663258,70.87770979734714,70.56700208990915,70.2375399614017,69.819682502249,69.50180061853139,69.21567773159295,68.91112761744535,68.66232931843817,68.49711862442581,68.4351338769054,68.46897658643577,68.56936478851998,68.68661603378678,68.7687508360416,68.8330230684361,68.68102294460185,68.48932112724209,68.20197884660837,67.77978881898203,67.36537057953267,66.92659784155752,66.46579036819296,65.99133671901183,65.51398807688844,65.05527012223305,64.64839235441885,64.31937259413431,64.07437523253289,63.90796891355579,63.81613485283277,63.79085194997892,63.82967364174424,63.928866110612226,64.0802292696177,64.2833553139268,64.52276813967785,64.79444270127165,65.0936984892743,65.41323086403054,65.73324993872976,66.03812325094003,66.31545386088013,66.55479672471367,66.74059447829747,66.96789112180969,67.11492553481368,67.22495401222173,67.29595517174597,67.33587332906676,67.35307847646263,67.35653049994362,67.35501364415515,67.3049205706538,67.33084588382813,67.36774294626228,67.37287399394478,67.41621801084467,67.48839102957955,67.59406177716495,67.73046363438024,67.89226811856257,68.07501049382671,68.27522140273048,68.49001783444864,68.71432131718288,68.94992505327797,69.19087769547434,69.43383355107797,69.67671316321267,69.97089979947968,70.18715590660545,70.40638112140459,70.59910841302822,70.7562905080181,70.88358638657253,70.93480214802213,70.88734596927547,70.85270919009895,70.76570228242679,70.66535935084802,70.59037963001882,70.60768210076182,70.69481635405175,70.91778984280738,71.24289666300581,71.65587678270569,72.13854292045708,72.6867002749526,73.2360202960348,73.74104837869253,74.24071017813773,74.74606359019846,75.15354320483407,75.46834933630609,75.71321684384604,75.86775023860433,75.9044418448431,75.84658742304941,75.64247606810765,75.44454029797842,75.21463314499029,74.9263788110242,74.80722531453588,74.66152988729449,74.71162859379504,74.85630491700486,75.09583812089394,75.40203856262653,75.74228345399483,76.07049233884747,76.35298665379969,76.58253080265996,76.74284583606496,76.83187048344459,76.85851322556735,76.79704711325992,76.68912437074837,76.4862074295151,76.2244640899821,75.91945332471728,75.58384552542387,75.23865752895799,74.87539204082275,74.45413723568191,74.1454131075432,73.84485628282945,73.55906471144712,73.21322558673184,72.935114488884,72.70880727935888,72.5443335861417,72.43128567629246,72.37930614818193,72.38332634580188,72.43883007411506,72.52659866511671,72.62445541202251,72.61399986613802,72.52511827084804,72.32450826664714,72.00427269547647,71.584554998823,71.09150077275453,70.53276794613654,69.94850190670415,69.31585269069129,68.6576103923318,67.99605652569105,67.36043653077769,66.79133854320888,66.33920575508196,66.03141957703076,65.89921104703818,65.85931040444736,65.9560888894699,66.15775858226056,66.45157638635229,66.79123745107944
50.57165954033992,50.78095706128578,51.03142760553293,51.2474421654561,51.512673014362846,51.671828874067444,51.79423362204025,51.7995272398187,51.862364400589925,51.89709561641453,51.90473317374599,51.886050126201795,51.83877652394411,51.76474680867593,51.67011486986991,51.55881090907589,51.435730300639506,51.309789161809924,51.18337849418966,51.06258889310516,50.89234138693802,50.80145911726239,50.723429712101854,50.66110043898952,50.61293471730819,50.55041194951508,50.51660409257852,50.4665186742855,50.51877980266838,50.559527150452936,50.62857417780501,50.72063100432419,50.826621545376945,50.94320638198126,51.08362725728375,51.25285491835787,51.42423617653521,51.59994769676919,51.78903513086817,51.99532578724382,52.20675584852425,52.42588125311557,52.6164470446101,52.804449708902645,52.98663884342784,53.233766713744444,53.40629366919967,53.4793517575865,53.69121340561944,53.79725816485626,53.87491759449705,53.90934935869053,53.91188824128029,53.8666438209081,53.77891326545373,53.59051087240598,53.45521517344478,53.28994240815008,53.09621840543006,52.880048566969826,52.74527198287981,52.62677492763173,52.57208417019567,52.605087723899885,52.72404592135915,52.89996147658548,53.10948815491533,53.346648509156374,53.62423563268932,53.91053575481464,54.082612574002454,54.161645736433684,54.15796297944916,54.0776232184343,53.93328012333379,53.722857449443396,53.460288257106185,53.17478753224162,52.889882126747246,52.60466188101852,52.32218209205871,52.05135519728695,51.8039350145091,51.59421657216632,51.436370937231466,51.329344882296745,51.27457520822796,51.268220790454194,51.30738022719802,51.381199054787174,51.479193596235476,51.61689394011083,51.80458281473906,52.03449197111945,52.29915779857891,52.57665850058999,52.84939988388767,53.12311789729282,53.41157919572725,53.72211706861026,54.044053011836766,54.3691460431299,54.697143400164556,55.0319497863988,55.359970715861635,55.677832496467744,55.982234692158926,56.30066084892296,56.57152103092673,56.83144303873938,57.081043298262955,57.3232433702321,57.54708791223369,57.75858500792322,57.95565625740643,58.190147941754816,58.37008768235538,58.53440785654738,58.68882883757285,58.840583197637315,58.99560110428409,59.11546243952609,59.286992365739955,59.45973731037069,59.62381652321087,59.7868918417646,59.95109276647955,60.074604682156604,60.271398799134985,60.50299332703369,60.76301336132366,61.04175400965572,61.33615750497145,61.63359296992021,61.91681511726748,62.187441913536,62.48211545910622,62.78585002192248,63.06948587991308,63.358104212361894,63.6635238080427,63.95980496280979,64.25115372798358,64.5601703177536,64.88105333596017,65.20129813752231,65.50726486066988,65.85979518728435,66.06730212687889,66.38306118010959,66.53533819860718,66.72037407952557,66.84930026349029,67.00912817099558,67.2366708956507,67.53859054078568,67.90276765679137,68.32726528176671,68.8146619125562,69.33517593246196,69.9052098165278,70.54588584000074,71.1900728150636,71.7963331352149,72.32602175562636,72.87677101706458,73.40104586119021,73.87701962555258,74.31349477612412,74.70262827093967,75.03551660322314,75.2908997380848,75.4652180425465,75.66782103535026,75.70022737979468,75.54958623129141,75.40432947666227,75.189115669397,74.94751932923005,74.70854894336829,74.51858796420721,74.41825148875655,74.481458290072,74.6806752838651,74.98234355763502,75.36977208429522,75.78806752734025,76.19447305463991,76.54850424909438,76.83424593823975,77.04235934117946,77.1708624057681,77.22506839881596,77.2042789017904,77.11118168968387,76.95110405520582,76.72789812852501,76.44727742247328,76.13253791778834,75.80995243823605,75.45750750473958,75.20472430623161,74.98271394055567,74.72117942131267,74.5366326432922,74.40355160404782,74.33492003207455,74.32795651839635,74.37519190160515,74.48108696256807,74.62481943752213,74.77556380817144,74.91295695979584,75.01186710234316,75.05469208085677,75.02750067608068,74.95381060810746,74.73962053622003,74.43953130361183,73.99625072869563,73.54798339774165,73.06843696618311,72.57333760909373,72.06984297129672,71.57692234848011,71.08477419609373,70.74210988021336,70.48563738958191,70.37735766454112,70.37872460268312,70.47123582778762,70.65433015306269,70.91793942215402,71.23316270778741,71.57232668841777,71.90387632598058,72.27204906960284,72.52102801455175,72.68029179022258,72.74829184899062,72.64414908226165,72.49819201199473,72.28531392388702,72.04325697817708,71.80901038744638,71.61435489774648,71.52321722965102,71.5716211076757,71.7609668041045,72.07801326814102,72.51001202601843,72.99101320595257,73.44644830260567,73.83132710726923,74.12569154608146,74.3113210611738,74.37526805152699,74.33819767865056,74.22269296155181,74.0345241377942,73.7753567732505,73.46614152882887,73.13253747716399,72.73381853465254,72.4455769130149,72.18275564565388,71.95134362633341,71.70042148426478,71.54122457076718,71.4406927133036,71.39300022254425,71.39235143568611,71.43037949560188,71.4959617099079,71.58064467864402,71.66078454489465,71.71852728316658,71.73580850290838,71.67457493510098,71.62877612952651,71.49579826005326,71.30573209996133,71.0568568295738,70.7680550238822,70.45556756928309,70.1276068696512,69.72104788734688,69.40902424311092,69.13181436126348,68.8442644842856,68.61488259708148,68.4697967298654,68.42620483125339,68.47294695805024,68.57435626513072,68.68004552260892,68.74200063902401,68.79274452580636,68.61790488572939,68.40526311034739,68.10156816179125,67.65812515368985,67.23650518526755,66.7949483706471,66.33642694275301,65.86898529215034,65.40320803445003,64.9605829346089,64.57276225661177,64.26349287824372,64.03776796276482,63.89050164465327,63.81687644635879,63.809207427909655,63.86415489899233,63.97806706629256,64.14350268650708,64.35676200898705,64.60434511467402,64.88115876156384,65.18335456342096,65.50127811580246,65.81627547564197,66.1141155662225,66.3828100913553,66.61238764012552,66.79042600146344,67.00267946257559,67.14053745387828,67.24188171633756,67.30605213774868,67.34118096154013,67.35602480428018,67.35986907848061,67.3602620416965,67.31878207460069,67.34894448758499,67.39134389290008,67.40689554527843,67.45995967617831,67.54189057575925,67.65707784418395,67.80243259785307,67.97246256462833,68.16234377375368,68.36823721945443,68.58695259362203,68.8140322017488,69.04968941368162,69.28881373156464,69.52812093290082,69.76489642513552,70.06299951567117,70.2732385119803,70.48398260770755,70.66609691482118,70.81042854110832,70.92224947470726,70.95717494494679,70.88531454921608,70.84444557945307,70.76014963429773,70.67199821642166,70.61524839593704,70.6559237671076,70.77326295545262,71.02245779219415,71.36895006194352,71.79680788470333,72.28881741893684,72.83924420510495,73.38381091650038,73.87861598779145,74.36232895454762,74.85368033886132,75.24118089182657,75.53544588322634,75.75756630938926,75.88561032295854,75.8972485454349,75.81663539502547,75.58702332937821,75.38640458203693,75.16277098938696,74.89399138147763,74.79159620242356,74.66553532421928,74.74862502302648,74.91254245833282,75.16472966717645,75.47580525365215,75.81302973169547,76.13108901947781,76.39809716772267,76.60761778589799,76.74579637067691,76.81329293685262,76.81931053881715,76.74040622397517,76.6133815789849,76.39546901101987,76.12144375455777,75.80742860658547,75.46677556505696,75.12045160108433,74.75953725931709,74.34885472298254,74.04435285365034,73.75021678750781,73.4727602617751,73.143258593971,72.87925426950532,72.66665673258568,72.51407434398536,72.41165558536606,72.36854979776282,72.37892996471463,72.43481694394559,72.51660083736066,72.60623204268309,72.57398847631926,72.46405186626538,72.24194100097138,71.90219984190875,71.46591733152219,70.95957513597767,70.39142855606912,69.80030500892954,69.16604277759492,68.51239877857307,67.8633674535228,67.24876350282943,66.70508284822206,66.28125264823989,66.00151376218611,65.89636072382767,65.88383028142847,66.00205525692502,66.22281394359638,66.531208782858,66.88076073921597
50.66466025785316,50.86042560775198,51.097628101814884,51.30064395240964,51.558832474703784,51.70424417793811,51.81404219653068,51.80492539890306,51.85382362731384,51.87761566456855,51.87523744426575,51.84711455398507,51.792346085603064,51.71315607582314,51.61560596236737,51.50240379173424,51.38005021482115,51.25638288792883,51.1346084050887,51.01900882243913,50.86041725649852,50.77609621850935,50.70562286746703,50.651443028077395,50.61164170085274,50.56095029535436,50.53734551263433,50.49242863466286,50.56093225568138,50.611639396254,50.69010920488113,50.790523154077896,50.9039346921745,51.02684262143981,51.17280026351167,51.346775428351535,51.52158337128331,51.69913009825182,51.88924366888157,52.093516471071794,52.30054866960446,52.5131505587566,52.69587065904418,52.8738009991492,53.044749006184226,53.2857406642497,53.446267340542846,53.50098778725947,53.705600281041505,53.7992862972566,53.864885739073074,53.88796279137482,53.87911596120397,53.822994031055366,53.725758599312094,53.522789260181526,53.38378089398067,53.21940687414638,53.03240578339502,52.82205990151792,52.70556094913735,52.60683225227123,52.57672017730813,52.63451029357763,52.77425240419012,52.965451903143176,53.18252363089145,53.41900142850513,53.68488122554022,53.94811300893095,54.10830074466592,54.16538410190046,54.13999008250702,54.03932520512683,53.86756685598462,53.645171915125125,53.37546021365038,53.08784348513344,52.804183958459824,52.52400015306157,52.24999137390571,51.99055258992714,51.756798686006064,51.56215266483535,51.41957941828914,51.32813970771737,51.28827252556608,51.29812732085721,51.35316344947072,51.44178534396822,51.55411081317954,51.704253153796564,51.9037839835083,52.14523645401884,52.41980120635631,52.70536409275125,52.98459897639903,53.26309231694687,53.555155160382895,53.86903218831525,54.19347147773812,54.51950472015999,54.84754832763228,55.181474937495025,55.50766670040819,55.82230779655645,56.12407462030277,56.43617824539108,56.7047455309032,56.9622694925067,57.209426548099664,57.448951161986166,57.67023671342479,57.87913228325193,58.07378887906425,58.300684553184546,58.478239787318635,58.64111532829225,58.794941220910395,58.9468757721327,59.10287711546014,59.22767497321077,59.399704970016934,59.57314384205714,59.73876083309134,59.904894504629326,60.07371957498272,60.20850251013233,60.411637137765304,60.64996934336296,60.916633869772326,61.20154591586281,61.50175204861721,61.80402864376433,62.09094180169546,62.36555564187215,62.6615555832293,62.967418799851515,63.25217984583611,63.541575352975684,63.846058261054665,64.1430652809642,64.43301378120245,64.73790381474063,65.05309022183525,65.3653214738279,65.66487406770675,66.00657349625084,66.2014630820246,66.50700607613315,66.6490232634873,66.8242489598476,66.9517552381542,67.11486283006138,67.35083471110109,67.66513472846721,68.04489983795102,68.48210082379782,68.9832053544949,69.51324052552235,70.09065788446941,70.73578862022013,71.3794385951411,71.98295545016035,72.50400701775098,73.0459770984832,73.5576598217907,74.01558522129385,74.43085744539415,74.79675879615039,75.10358561935733,75.33723219311402,75.48724266518597,75.66888408272473,75.6807377371792,75.51088558773039,75.35212400957404,75.136739521416,74.90378704812652,74.68266472002317,74.51673105499172,74.44467766168343,74.53413170830812,74.75464734114232,75.07035168619433,75.46288567049909,75.87753905694571,76.27221987809055,76.60831663453962,76.87172262098646,77.05636348366063,77.16136122588097,77.1939925098761,77.15328258681107,77.04249825722795,76.86824094576852,76.63561794534387,76.35093636410316,76.03676538043706,75.71867960672571,75.37886384167219,75.1329969748539,74.91984930157605,74.67655180836432,74.50708213416763,74.38975659785682,74.3344990250877,74.33872500145777,74.39460563441874,74.50362020762601,74.64528800041496,74.78872333080012,74.91249996155656,74.99291933665621,75.01440951716152,74.96658008766781,74.87635404300953,74.6432938153006,74.32643830390411,73.86458191769883,73.40909621546835,72.93031723325313,72.44295704656004,71.9535926064258,71.47924750839204,71.01344352543862,70.69176902094425,70.46044566108081,70.37608758176121,70.39971846671172,70.51155484140308,70.70978994555361,70.98282078427908,71.3016964294899,71.63708892754167,71.95856748018095,72.3170182806724,72.54648333381196,72.68388077336357,72.72968574033787,72.60190447541854,72.44542674949376,72.2285758926906,71.99217985223798,71.77414091418214,71.60322997730727,71.53940717525191,71.61559346139329,71.82880119067207,72.16176394438772,72.59947512385268,73.07568550112734,73.51701068682198,73.8800954722418,74.14880346381106,74.30628598933332,74.34500266920817,74.28612359193423,74.15237445219047,73.94966541166073,73.68062512297206,73.36705753724769,73.03477333628543,72.64854692853922,72.36588518470133,72.11129653337775,71.8907980212301,71.65788052088283,71.51295222375356,71.42414145717417,71.38588884392776,71.39179837311222,71.43275172837288,71.49788198084033,71.57565578991951,71.6457760900938,71.68996738500684,71.69192770039325,71.61911662641386,71.553929870313,71.40792376598702,71.20712713447509,70.95046774169752,70.65749120659011,70.34422664517724,70.01875237554036,69.62558178124627,69.31987051527143,69.05168731675904,68.7818617630834,68.57225223483651,68.44697623535744,68.42050144921916,68.47817811181046,68.57830971927363,68.67040629169956,68.71074910124369,68.74309456570391,68.54724162267017,68.31330557678096,67.99443113829739,67.53445415061533,67.10690837522888,66.66383443454232,66.2088046122837,65.74946830163032,65.29618447801099,64.87032466644516,64.50199784534475,64.21271664437141,64.00629350064158,63.87806652018755,63.82242036528558,63.83208309533715,63.90280154561508,64.03103309283836,64.2101283108867,64.43288341287695,64.68790733993455,64.9690173548058,65.27327972311099,65.58863136619298,65.89772554804208,66.18786899291581,66.44746330513199,66.66708992746354,66.83770810142249,67.03426907241757,67.16319599291715,67.2562693708231,67.31424873670943,67.34541268329389,67.35882424560745,67.36394660377947,67.36699730342765,67.33552195986641,67.3701022364451,67.41805259695674,67.44467177039863,67.50771980825006,67.59950540649301,67.72411578226972,67.87815636532018,68.05601256714665,68.25252802824588,68.46351476255221,68.68549574262553,68.91470482489065,69.149679518852,69.38620686368304,69.62107454983887,69.85093516648965,70.14829032056448,70.35228070776301,70.55355559478664,70.72453537105366,70.85613225969855,70.95253905431714,70.97315943994461,70.88254665380151,70.83717017785858,70.75751242556768,70.68310692817248,70.64564993128558,70.70984445054626,70.85747253830955,71.13215459488141,71.49905449585471,71.94054738644637,72.44046930705451,72.99155364689395,73.52984482557495,74.0132062231343,74.47990002603224,74.9537186945966,75.31952322696601,75.59225570067795,75.7908018911739,75.8926017389852,75.88042054324177,75.7792655718295,75.53022644452038,75.32887806628439,75.11328162937289,74.86617745863437,74.7803096599967,74.67651830566285,74.78973055746775,74.97183258231267,75.23527820308192,75.54959919793704,75.88213562962474,76.18862961471625,76.43919181940237,76.62807893008382,76.74393038223039,76.79009744888835,76.77576475224538,76.68003099885394,76.53412614267215,76.30184297279624,76.0162388618071,75.69396240108023,75.34905208028297,75.00240032425017,74.64458426616595,74.24633274633432,73.9463776771246,73.65878985197658,73.38960374255046,73.0773409182534,72.827422350706,72.62812684331013,72.4868798454956,72.39438968338415,72.3592521557566,72.37496763582301,72.4300637677188,72.50471744189842,72.58371600677519,72.53072293778087,72.3999118100021,72.15682742875883,71.79820565385383,71.34604590304494,70.8271038706883,70.25033477228817,69.65282977351967,69.01763797750444,68.36942488110452,67.73393699172367,67.1414487255554,66.62392180497652,66.22872297919254,65.9769364841125,65.89815885635063,65.91304979368937,66.05233883500415,66.29167437881155,66.61388002399661,66.9725956245557
50.75272991383581,50.936380817122945,51.15968636171977,51.349166421561634,51.59632852402985,51.72794251759217,51.82524453101347,51.80580823560635,51.841061713145045,51.854369515114854,51.84245696878453,51.80543955907376,51.74386448351401,51.66033760264617,51.56080384220308,51.44657190927309,51.325812184665594,51.205223145917934,51.08882493129339,50.9789726046225,50.833222088136196,50.755557251830666,50.69262530167792,50.646485085817964,50.614898847723026,50.576291359709266,50.56294500335586,50.52528590049416,50.607845342591844,50.66830311702095,50.755856453754376,50.86420360342806,50.98463012775639,51.113495497436844,51.264452188673744,51.44232991870626,51.61970390465056,51.79825350657655,51.98857579047727,52.19001108990562,52.39204879527008,52.59743599604344,52.771754612082304,52.939072540994204,53.09832249170038,53.32941401542605,53.47754171225781,53.51758044699832,53.71085090559049,53.79191967036882,53.84530424884929,53.857542251849964,53.83781482145549,53.77191609990012,53.66675116482135,53.454366085071776,53.31290858623352,53.150801202818755,52.97198330291987,52.77011552190891,52.6714233262431,52.59287810800333,52.58717062638529,52.66886453237642,52.82789220580786,53.032608695267896,53.25543498861568,53.48959838861414,53.74232114655272,53.98140271593893,54.12938605198133,54.164604305332496,54.11794340088617,53.997698907730005,53.79933717653812,53.56609455377284,53.290487930416454,53.00195780898993,52.7204957999231,52.44612985682757,52.18127126323671,51.933834758222496,51.71431626302305,51.53523859527385,51.40823122145084,51.33251301398775,51.30749825633545,51.333468474597076,51.40422718582136,51.50748906468494,51.63405957182467,51.79644971704028,52.007480442114336,52.26007700501518,52.544041190605064,52.83713563054877,53.12250223720582,53.405486297743494,53.700813410105546,54.017578109779144,54.344017401077764,54.67050996357176,54.998216088118035,55.33093864163139,55.65502519596989,55.96617813386132,56.26511488508622,56.570354989632776,56.83661864186386,57.091776231876395,57.33657540252392,57.57349243467332,57.79243090226095,57.99895326532881,58.19147730489509,58.410388524628395,58.585782363098104,58.74750370203651,58.90108814842028,59.053617157504526,59.211075610602784,59.341831975498884,59.514666232104055,59.68900980494725,59.85635201959753,60.025611028903405,60.19899777090539,60.345622705091394,60.55491832038401,60.79977300178953,61.07279185483436,61.36346351785018,61.668940143487134,61.97553922229153,62.26577211041484,62.54417113459507,62.84118156595152,63.148960117053335,63.43467444060382,63.724661149442205,64.02794636358033,64.32549503856544,64.61382862309227,64.91428400868472,65.22341996746833,65.52726514289978,65.8201411879067,66.1477704086218,66.33293242931433,66.62497750932302,66.76103304943017,66.9276080421095,67.05513799900022,67.22276589879695,67.46799856299913,67.79494144746616,68.19002755870278,68.63934674952007,69.153691974213,69.69267407579211,70.27679382323825,70.92550748660058,71.56765805925339,72.1675472385609,72.68081611640683,73.2123362120581,73.70981119512201,74.14899366321684,74.5425315185155,74.88490137465166,75.16562326518803,75.37789079050548,75.50417603733032,75.66099622312615,75.65325703487409,75.46999725914284,75.29918628048934,75.08534716815353,74.86258656545608,74.6605084487785,74.51927255644956,74.47573354044023,74.59080653709695,74.83145816703995,75.15976427634396,75.55571227280242,75.96509393386809,76.34673207782929,76.6639207289822,76.90443640704876,77.06550953290625,77.14710841564009,77.15847490996855,77.0983615143046,76.97054036043627,76.78286527795106,76.54169664321962,76.25392482703133,75.94133053457942,75.62872888324688,75.30306026390734,75.06438003354283,74.86010524946082,74.63581058567468,74.48137800450242,74.37945162049674,74.33681064037448,74.35126014357579,74.41475081297935,74.52562415359192,74.66392796565006,74.79897197790321,74.90831878501851,74.96976097757337,74.96977958801361,74.90152985089271,74.79195175872638,74.5403509638617,74.20771259877306,73.73155026865079,73.26988218825024,72.79287238354924,72.314231820879,71.84000404957644,71.38517446617443,70.94702722540309,70.64630469341316,70.44011774743726,70.37918901858416,70.42449504417155,70.55498852233765,70.76751095826413,71.04884457992074,71.37011472632994,71.70042841625833,72.01066227319778,72.35494743947241,72.56408130505801,72.679791728066,72.70401894920067,72.55687569203336,72.39144702287071,72.17240608891552,71.94334742651493,71.7429108478542,71.59677046820258,71.56052500882973,71.66407370684452,71.90012484466749,72.24751991009408,72.68899630706144,73.15835276305538,73.58383441914944,73.92398687187568,74.1665191666117,74.29585908414724,74.30982834500222,74.22989604210079,74.07873996034229,73.86233784249868,73.58443242847011,73.26769855457695,72.93778133342816,72.56578581423767,72.28903859205225,72.04270480861774,71.8327962431973,71.61832718938469,71.48741069177584,71.40981116234586,71.38033509972912,71.39204165745535,71.43507933727854,71.49888557655792,71.56879501000806,71.6280743894692,71.65810919376179,71.64448094128386,71.56057193036796,71.47576046598336,71.31713385245196,71.10620094286024,70.8425659229868,70.54633477758948,70.23323141395177,69.91115212623698,69.53319500905212,69.23422115519983,68.97516012450075,68.7236304415503,68.53400314393268,68.42811387809681,68.4174483508998,68.48413521294145,68.58084027956983,68.65752888650965,68.67505716709684,68.68477889543578,68.46961677418174,68.21424999239876,67.88135773786927,67.40918478465669,66.9769446770584,66.53356345845853,66.08316036919342,65.63294605749296,65.19300114632367,64.78450732072557,64.43604410773506,64.1669306654,63.979796541065745,63.87046584089444,63.832533539539156,63.85920403629587,63.945303035582924,64.08741913847206,64.27971095719191,64.51132222032645,64.77306172142177,65.05765475945192,65.36314643382775,65.67504618374053,65.97745818459639,66.25933410552518,66.50944856925624,66.71901016924026,66.8825429389975,67.06294869821892,67.18322153334651,67.26845964279846,67.32087728887528,67.34886040345552,67.36170356364744,67.36891509745378,67.37531150851271,67.35504728722321,67.39421248619794,67.44775287528914,67.48597043553563,67.55919290203018,67.6608686439564,67.79476130001144,67.95718773261572,68.1424489796254,68.34508407043806,68.56057888729157,68.78519181460214,69.01590248068915,69.24950954419486,69.48273791131895,69.71245734208719,69.93470192056606,70.22715126986894,70.42468490252432,70.61566941871052,70.77513149459456,70.8942007510566,70.97540547296404,70.98361953870518,70.87946222984664,70.83121040282612,70.75795397147276,70.69867177137465,70.6814124095396,70.76916856636252,70.94699127235688,71.24633272580537,71.63258927811735,72.08644790964131,72.59285065753234,73.14302267878952,73.67359254613199,74.14438312132913,74.59310668405662,75.04629355819473,75.3889592003756,75.63936613950159,75.81373196406147,75.88967261557886,75.85494139109028,75.73538205877895,75.47249726974674,75.27223093826073,75.06626754465597,74.84273712931359,74.77314662470324,74.69386424760233,74.83442921727821,75.03360140003699,75.30689496466175,75.62287515715936,75.9491486670444,76.24278232340502,76.47605685403184,76.64381950377575,76.73725223393087,76.76235244802643,76.72800650990246,76.61606128805751,76.45159269706669,76.20559607466699,75.90913583299644,75.57934458269455,75.23094320535292,74.88472334423813,74.53069354051914,74.14648730806822,73.85138337281755,73.57045699072007,73.30946825683239,73.01516654426337,72.77924323142231,72.59280392717537,72.46231526218786,72.37904093261012,72.35097199910709,72.37101179304301,72.4242028635284,72.49066874048519,72.55687727327812,72.48410517764356,72.33264374761691,72.06913569929297,71.69228611806646,71.22497242827184,70.694162632091,70.10959574156662,69.50625730424464,68.87085473664555,68.22890336751024,67.60792531373035,67.03854814669576,66.54782802675307,66.18151844451567,65.95754921113299,65.90446871159196,65.94671164187561,66.10662646992746,66.36397557926658,66.69921267778605,67.06635306829295
50.8358702419279,51.00868052864017,51.21758997831055,51.39311900893899,51.625810462210524,51.743655399136685,51.82863204381223,51.80249624435985,51.82449274771537,51.82779747449843,51.80685168531258,51.76149994003867,51.69379348580826,51.60671261860177,51.50606281142183,51.391619368564236,51.2732502587935,51.156472367289425,51.04610571873916,50.9424994888579,50.81060075325782,50.739674475265694,50.68426007232977,50.646043811965455,50.62251824175905,50.5961605505772,50.593073480983485,50.56449984704903,50.65908032408238,50.72903755720604,50.825303698693546,50.94114049386795,51.068153814644326,51.20258613095759,51.35799837377604,51.53896300084065,51.718082349140445,51.89684933141207,52.08660084549295,52.28444259762133,52.48094197010054,52.67850114169222,52.843944970354435,53.00021298849206,53.14741168433075,53.36534523600699,53.50078215777481,53.52941334622042,53.707832461400855,53.776139874032424,53.81726087872778,53.819186886077205,53.78911439081869,53.71449764657166,53.602874805511526,53.385728723137085,53.24300867918124,53.084420042162,52.915082555202666,52.724063083875265,52.64267994623478,52.584581003072906,52.60295627619768,52.70756664591551,52.884341917105644,53.10081196087257,53.32765958959837,53.55797275572929,53.79624621426527,54.01031330848258,54.14569291742319,54.15925302170572,54.09187815996062,53.95289295700722,53.729018271462145,53.486051077457404,53.205761364809966,52.91746009439167,52.639104065677756,52.371295078843175,52.11621864968718,51.88134394162708,51.67656729671781,51.513487886838014,51.40228705025114,51.342383827231984,51.332152430633094,51.37410939188264,51.46040333110395,51.57810873354244,51.718785911201294,51.89320118763278,52.11537472643049,52.3786986841645,52.67156448978399,52.971670739578904,53.262808100273325,53.54999731805978,53.848259873366416,54.167478031315795,54.495440041805296,54.82194662707634,55.1489589991668,55.480182524287194,55.801917890915426,56.10936146836557,56.40530053821292,56.70324220489097,56.96719532204466,57.2200203890957,57.46254703105162,57.69692677411928,57.913724495469324,58.11809598047182,58.30876050747674,58.51942158150275,58.69288277884332,58.85373343302203,59.007411349734966,59.16091926017719,59.32026766537691,59.45787303956309,59.63180128797324,59.80725078307512,59.9764951452727,60.148939249753,60.32682146154258,60.48572688687098,60.70099833435853,60.952148550673776,61.231223012615274,61.52724655273254,61.837476214766845,62.14789934824601,62.44108879905225,62.7230491016876,63.02077400084701,63.33024061864397,63.61672773183225,63.907111609563906,64.2089514353386,64.50683178215708,64.79333631957061,65.08909191657496,65.3918827478775,65.68705963383647,65.97303844782728,66.2839233025039,66.46194206716845,66.73779661984788,66.87169939410303,67.0307947301018,67.15966617925295,67.33292932862582,67.58814175468473,67.92790696227556,68.33797330505796,68.79880291833028,69.3258213117004,69.87310384022577,70.46317040743644,71.11453508495059,71.75420712783372,72.34955951220991,72.85569215751353,73.37523651599466,73.85706799404957,74.27693115143407,74.64833951838438,74.96700772640439,75.22172202317535,75.41299367253569,75.5162219310684,75.64507813950823,75.61874982009857,75.4272860354413,75.24591564221599,75.03521762405317,74.82404253615921,74.64202903757993,74.52599343490154,74.51102318012826,74.65097537127961,74.91053664998586,75.24999027366047,75.64769844491299,76.05025844789192,76.4176437741022,76.71507780942494,76.93228412374279,77.06980121812325,77.12822155760283,77.11872039957933,77.03978644163455,76.89563180357557,76.69532961074587,76.4464786663795,76.1565385492443,75.84645249376582,75.54022434857323,75.23000157123272,74.99875603091208,74.80335093629805,74.59863763893402,74.45912350105823,74.37216943660252,74.3413660330929,74.3650677253876,74.43512984450591,74.54665387689431,74.68037878089233,74.80604884873632,74.9002674930261,74.9423653673873,74.92089429685642,74.83251839501062,74.70123632314146,74.43151930291738,74.08410470074142,73.59755146874588,73.13074058485823,72.65646717649497,72.18746024348188,71.72927206975712,71.29478289237802,70.88538859720781,70.60555375561114,70.42440658699702,70.38636100807405,70.45268993530071,70.60111191722675,70.8270270267023,71.11554715566392,71.43799288360643,71.76202075860277,72.0599719348837,72.38622730304138,72.57441684214409,72.66872941708542,72.67209030976126,72.50952667999432,72.33666148671192,72.11711393154849,71.89692448189948,71.71530029870218,71.59475815354718,71.58618837033741,71.71654168606067,71.97432154963697,72.33463202389649,72.77797750336504,73.23854065138906,73.64661109310902,73.96287177237468,74.17886111176732,74.28021063877621,74.26999832397799,74.16981257957273,74.00211501583945,73.77288822185085,73.48710849222788,73.16832472332295,72.84173637928146,72.48545865677664,72.2149379866339,71.97686901080999,71.77722613720684,71.58148981174902,71.46425743073888,71.39732498151457,71.37594540015839,71.39268797048702,71.43699376287259,71.49864244270633,71.55984102442048,71.6075716835349,71.62297351540052,71.59360274882965,71.49906964228029,71.39457650253102,71.22378678865854,71.00333222871676,70.73351392342475,70.43490216899895,70.12283397196671,69.80498176890899,69.4437983958694,69.15195788308299,68.90209631090976,68.66928150739795,68.49970023659945,68.41266639527838,68.41647015639256,68.49028342666827,68.58156307464036,68.64124385249025,68.63498578097959,68.61850322230902,68.38561395902168,68.1088978230567,67.76313792224934,67.282726030712,66.84697861839764,66.40444286761121,65.95973120589063,65.51957886977948,65.09374177814037,64.70314290043383,64.37484603089995,64.1260217142122,63.95812177893988,63.86750190750971,63.84698289904561,63.89029533482035,63.991348822866385,64.14688015141601,64.35185543985811,64.59168112606541,64.85941516509786,65.14670725395656,65.45262716105465,65.76027813698357,66.05533141397129,66.32846147855588,66.56880095077416,66.76825494796816,66.9250326750114,67.08900708686296,67.20093445658263,67.27879519938365,67.32627011449318,67.35181603115238,67.36488952160317,67.37492658111717,67.38529673611586,67.37726511744322,67.421168592633,67.48032854475431,67.53055930691984,67.61407345248891,67.7256134103251,67.8686001059984,68.03907949557379,68.23130265557249,68.43953271346508,68.65895444894028,68.88558534269481,69.11718846322505,69.34879366511595,69.57808769396182,69.80203224984089,70.01606922065577,70.29996141929391,70.49085350483489,70.67089341554767,70.81859299831278,70.92543310245024,70.99179907820977,70.98941914691811,70.8764812241663,70.82689367186616,70.76163758724911,70.7186790313023,70.72236400417414,70.833620529841,71.04136532732902,71.36444465990209,71.7689337221095,72.23386207599464,72.7453135430924,73.29304537926174,73.81452460104477,74.27171071898402,74.70163222008581,75.13151983044617,75.4498778021786,75.67736455053814,75.8271649029136,75.87777108163415,75.8217946418069,75.68588896119131,75.41424766127002,75.216733385506,75.02183121494406,74.82347048033448,74.76988803399126,74.71695856601491,74.88220502261714,75.09727502259825,75.37899118796726,75.69508789299736,76.01361636321622,76.29321534438641,76.5084785168041,76.65474477553204,76.72576628898378,76.73012636274161,76.67616645583882,76.54863694174712,76.36601587742521,76.10699507645504,75.80042108939233,75.46386502592144,75.11271707451772,74.76764030683073,74.41802556152648,74.0492344105151,73.75926573558066,73.48509971822264,73.23222690767996,72.95642945668517,72.73434141059053,72.56027429982446,72.43994576557762,72.36516229530727,72.34326810475814,72.36663487029054,72.4168665494682,72.47417499487598,72.52568581117121,72.43403712302798,72.26219332466854,71.97883396185742,71.58443722130137,71.10272862208343,70.56082707539015,69.96932061067749,69.36076870487449,68.72590950124398,68.09104890537435,67.48549259297955,66.94011771399067,66.47677412683247,66.1395407407851,65.94321341157067,65.9151535565364,65.98455852663284,66.1646050079153,66.43935323632194,66.78682931224422,67.16164403162216
50.91408297576951,51.07718258154509,51.271326544650236,51.43261115056862,51.64792758911526,51.75211432867877,51.824996153250545,51.79530991959479,51.80453082065664,51.798339849164144,51.76888153186015,51.71577049545068,51.64259486061716,51.55270235314663,51.45173717206831,51.33785027647937,51.22259848582554,51.110292983555425,51.00652841336138,50.90960872434796,50.79239812327021,50.728280146853784,50.68035023701775,50.64993640627402,50.63431196680082,50.62028327595555,50.627401861757605,50.609479849597015,50.71419846083558,50.79336196126158,50.897938713967406,51.02080196689096,51.15395171535999,51.293535642987216,51.45285415982456,51.6361192861733,51.816203277256534,51.994448982427066,52.182888183766266,52.3764439480949,52.56691393867525,52.756109572419135,52.91228780049049,53.05717099569717,53.1920689684298,53.39409279472599,53.516654050524096,53.536770094343105,53.69741213060705,53.75292849808695,53.78184338361059,53.7739958400177,53.7341442380773,53.651826290199324,53.535113364912625,53.31736455043779,53.17449160180183,53.0205580401709,52.86183513144147,52.683750243149554,52.61915164115006,52.581609445724865,52.62359788551595,52.75003283981421,52.94297812897669,53.16944180787013,53.39863479534979,53.62365789609654,53.84634724721625,54.03475321920597,54.157045762466005,54.14927692599602,54.06184958510439,53.90505598372196,53.65703732722458,53.405467198249696,53.12167047423651,52.83467993191915,52.56029517026439,52.299739905635086,52.055030422892614,51.833222379594915,51.64363133824814,51.49691406288399,51.40170760822467,51.35767117357423,51.36213507855603,51.41991521292284,51.5215237801725,51.65344286714583,51.80803587033986,51.994225123364934,52.22716937233011,52.50078655152276,52.80205784235199,53.108667045438,53.40521499956683,53.69632285627276,53.99720047863667,54.31845515123906,54.64748865987038,54.97359956438485,55.29958937832358,55.62904821094172,55.94821647361344,56.25177576005233,56.544576631386526,56.834891014408605,57.09653052968162,57.347059096411805,57.587398603198636,57.819313766149826,58.03417150977698,58.23660845499896,58.42567745938695,58.627945449223986,58.79970840370373,58.95996497649067,59.114052554486854,59.26889398657506,59.43052435544728,59.57573775857598,59.751035273596344,59.927782360474716,60.0990952726601,60.27477700234415,60.45708475418919,60.62857667530821,60.84963316705631,61.106840238376016,61.391663039220575,61.6926347576247,62.007114687641966,62.32088366437193,62.616674623234516,62.9019502531326,63.20011348148991,63.51102694973949,63.79809778713751,64.08867674114322,64.38883679604852,64.68681305828254,64.97127493655498,65.26210855540049,65.55831873808083,65.84463543573669,66.12353807402611,66.41556955600365,66.58872389400737,66.84628454787634,66.98135413517312,67.13415242761508,67.26555741213689,67.44544507097146,67.71124358949781,68.06392753738861,68.48855956302798,68.96026918962528,69.4992929069468,70.05415707577788,70.64934041166613,71.30236406107866,71.93856172131542,72.52844328290081,73.02787824699084,73.53406616849821,73.99899823143872,74.39908388605794,74.74810396789704,75.04302957136949,75.27197437577934,75.44265898148127,75.5235841184889,75.6220505148247,75.5781806400719,75.38311670653829,75.19271144756186,74.98662990355848,74.78827961517626,74.62717539437318,74.53667465666848,74.55015063584892,74.7141308056972,74.99131167840785,75.34043862372057,75.73829074053867,76.13255888880175,76.48458908715544,76.76154915287061,76.95516259838463,77.06924226851868,77.10481823432653,77.07493377919447,76.9778281261645,76.81809639091249,76.60598650314543,76.35030845905065,76.05907326872862,75.75235037154674,75.45329008347856,75.15959256343595,74.93600751557516,74.74945551417584,74.56471485383263,74.43992187059682,74.36744281080911,74.34767635840076,74.37965352753046,74.45524513621739,74.5662644539617,74.69427989380668,74.8096930425552,74.88820014842388,74.91070584839052,74.86784564713331,74.7597141492767,74.60484030413816,74.31752615348155,73.956365122332,73.46298120517844,72.99207067406317,72.52146637151388,72.06294062579998,71.62159143597644,71.20815245755352,70.82839094207338,70.56935306552924,70.41306511810583,70.39730258329507,70.48393874033735,70.64950007270585,70.88787198637623,71.18246485809352,71.50490618661827,71.8215415586102,72.10630769509133,72.41124862841768,72.57808485892443,72.6513986031774,72.63469865620178,72.46032138718964,72.28147879560379,72.06300883957626,71.85307579928332,71.69128937696557,71.59697481645573,71.61601489972773,71.77247724107312,72.05077508912674,72.42245114443114,72.86582064048376,73.3157748257808,73.70503230222162,73.99662063994273,74.18585175656169,74.25951094638098,74.22576585120441,74.10617075477258,73.92282514851408,73.68166334126018,73.38898311672838,73.06919618599194,72.74681338453456,72.40748892118489,72.14348422001244,71.9136776793907,71.72397554823067,71.54709670995437,71.44314989654748,71.38630606737621,71.3723261554257,71.39334399397886,71.43812644570872,71.49682252493122,71.54857251866767,71.5841602128049,71.58458115589202,71.53942764627998,71.43473855746785,71.31068656594945,71.12824084381725,70.89889969564467,70.62367429299456,70.32350981293705,70.01328641558226,69.70041695072415,69.35730276680312,69.0729624191077,68.83235940240714,68.6185259483379,68.46890842506627,68.400090524097,68.41699148579463,68.49608791821592,68.58009323310634,68.62138173509234,68.59059588728812,68.54497325363067,68.2958167959476,67.99805053461071,67.64056165318014,67.15548686367953,66.7173747268883,66.27678008721571,65.83875411478375,65.40952704853106,64.99849011221343,64.62624340855353,64.31834860195674,64.08987656369061,63.94111390916656,63.868977020769165,63.865535373730864,63.925082074945024,64.04062836143589,64.2090710798927,64.42616657332061,64.67356282482378,64.94657457692516,65.23581111677413,65.54139437027506,65.84408279446049,66.13120326483308,66.39520168651312,66.62555551673181,66.81493084615974,66.96527947028697,67.11273298523295,67.2166551440417,67.28761870769868,67.3307595338102,67.35457147551199,67.36860888267765,67.38213307638328,67.39704506540127,67.40208251129862,67.45086391153973,67.5156634222092,67.57820615078151,67.67205595459659,67.79337282777473,67.9452179088197,68.12338445002855,68.32210444849576,68.53539477046176,68.75816630276604,68.98622086004653,69.21812606657899,69.44714605702092,69.67193703110107,69.88956221329506,70.09490960004975,70.36709982454872,70.55118892326544,70.71979692136665,70.85562759507721,70.95062840114727,71.0026702176161,70.99142217027291,70.87402358357528,70.82454740248924,70.76872658813289,70.74311499322953,70.7683328886643,70.90292475626644,71.1401408729603,71.48594287210773,71.90746714120911,72.38214250721289,72.8972100364569,73.44101582678054,73.95211151318672,74.39475305270703,74.80515992558486,75.20951241214136,75.50266802249826,75.7068382846283,75.83190908259178,75.85784526604566,75.78196384821818,75.63169038438409,75.35588947530286,75.16265559556011,74.98007511994506,74.80817759851621,74.77031482530879,74.74518667687768,74.93254199364388,75.16227956108902,75.45097810904984,75.76569216712929,76.07508623740202,76.33959687650268,76.53624305291227,76.6607600139111,76.70947691059457,76.69348762150854,76.620375234105,76.47789781008416,76.27763031900437,76.00630673798328,75.6903810522612,75.34781360525386,74.9946418220283,74.6513708578106,74.30674080833778,73.9544900560059,73.66992056026547,73.4025995489686,73.15775279815227,72.90082364020314,72.692341387147,72.53012427690048,72.41933652718039,72.35230673373896,72.33569924965357,72.36140930148161,72.40768714363199,72.45495646682598,72.49011158943382,72.38042070105482,72.18850618671566,71.88589036573569,71.47465495031325,70.97934619936024,70.42717285579035,69.82961852639367,69.2165450791793,68.58301871752539,67.95607616228091,67.36679900290795,66.84621337518023,66.41073271849545,66.10269156457657,65.93379055374855,65.93007665816879,66.02633314860658,66.22596129518782,66.51744304133817,66.87635249538907,67.25807947573759
50.987369849000636,51.14174481507919,51.32088365380177,51.46775228247742,51.66332920461352,51.75405081232552,51.81512827765204,51.78456975574243,51.78159002160072,51.76643694555698,51.72900644643751,51.66872602388062,51.59073037607204,51.49872803573749,51.398181226187326,51.28556873989029,51.17409091438244,51.06684742622815,50.97017066109542,50.880319560295376,50.77845906958014,50.7212065246343,50.68071885333709,50.65798006849792,50.65009210668832,50.6483849438417,50.66560106191858,50.6596352834077,50.772761013534065,50.8607955736398,50.97324927384475,51.10265616399042,51.241469792425114,51.385765154511006,51.54843488782537,51.73324338612277,51.9135512615024,52.090583869290185,52.27700715513487,52.46564809520236,52.64965044557367,52.830024864940306,52.97662916912038,53.10989521666395,53.23234672835193,53.41621516031664,53.5258227639359,53.53993430078372,53.68045709534357,53.72326713237191,53.74013951839984,53.72306825963264,53.67403393201516,53.58498964991246,53.46445068655467,53.24976094303425,53.10776778307328,52.95950984484025,52.81237262283432,52.649024655464274,52.60065924302663,52.58363194420408,52.6486162131107,52.79567931969175,53.003177432314246,53.23787834417346,53.467797967380335,53.68618717596181,53.89231506394408,54.0546308807531,54.16326900858424,54.134622693179324,54.0279129016915,53.8543366186377,53.5838215302933,53.32476862822059,53.0386052161017,52.753946912152905,52.484355528223674,52.23170842372997,51.997903472488545,51.78961231158009,51.61558793877183,51.485530646767984,51.40645359890604,51.378294079138676,51.39734623020131,51.470751077926536,51.587420427881064,51.733289982100224,51.901555488270844,52.09923908202759,52.342566915686575,52.62602566714599,52.935207986767864,53.24782217372242,53.54942136905166,53.84416039075952,54.14734115438748,54.470232667862774,54.799912515222616,55.12525362920843,55.449919543133426,55.7773773270743,56.093792632432574,56.39333896890488,56.68288821631074,56.96535254142864,57.22467922301068,57.47294948607191,57.71118728848088,57.940712996590726,58.153825961911046,58.354538715228166,58.54226713320352,58.736121853208545,58.90642660682884,59.06635878768433,59.22115349230839,59.37765324312252,59.541916756478784,59.695365725710154,59.8722933249453,60.05052012118005,60.224057464302966,60.40302212184302,60.58968175614024,60.77393369024021,61.0005788058448,61.26359231325663,61.55384763075582,61.85936786964142,62.17760998729809,62.494266813413475,62.79231233858831,63.08063529891293,63.37898060145434,63.69108575545589,63.97854267413567,64.26910655198259,64.56736576542903,64.86517641348536,65.14738253996298,65.4331149421504,65.72256811309643,65.99992303769902,66.27161229306078,66.54324654722772,66.7135098082514,66.95126243357701,67.09032911030764,67.23802453843992,67.37302933087669,67.56040507725741,67.83728337077827,68.2028994372985,68.6416088186243,69.12354542280191,69.67380629994206,70.23546103940299,70.83485661052943,71.48848706079332,72.12019776013176,72.70364956242699,73.19661749075831,73.68821332777412,74.13516992015484,74.51513806720088,74.84164738994966,75.11291862950796,75.31647280546014,75.46700485961881,75.52646637168063,75.59283403202927,75.53251404201322,75.3378540623464,75.13997304933476,74.93986302111308,74.75542245744761,74.61589642710385,74.55109718807117,74.5927199627036,74.77976543519078,75.07321214073374,75.43051827210087,75.82693571338723,76.21152154638213,76.5472021372351,76.80309603632206,76.97296865829036,77.06383641329943,77.07701602836852,77.02731984929991,76.91275732525797,76.73825792671373,76.51518851414215,76.25353046546016,75.96182472347085,75.65924328147261,75.36805016873662,75.09173804030482,74.87601703614573,74.69828813518234,74.53372411606072,74.42337635987988,74.3648045077515,74.355252771456,74.39452333064155,74.47459909533274,74.58401096122262,74.70527075205801,74.8096436586154,74.87197081405635,74.87475576287565,74.81072564228761,74.68328554294617,74.50339626959995,74.19909883656815,73.82524437606754,73.32823516514281,72.85427172463596,72.38823472802947,71.94097127926467,71.51715691724303,71.12536283225167,70.77589756122052,70.53753948115853,70.40584627910944,70.41171277731134,70.51787705951956,70.69972803541033,70.94957967279397,71.24913403379448,71.57042992066437,71.87866642031567,72.1494807836733,72.4304021726398,72.57568026925323,72.62850404909747,72.59264282270442,72.40972376150758,72.22630760413269,72.01040023198557,71.81196615955795,71.67085819288394,71.60320224004299,71.64962223695359,71.83136021391324,72.12886924668301,72.5103281303344,72.95192764613792,73.38958094588307,73.75878964000829,74.02510394078367,74.18751355827871,74.23393030012217,74.17738417175036,74.0392681181227,73.84119588819844,73.58900999226952,73.29038610445485,72.97057308509015,72.6531872598768,72.33180007249123,72.07457814375407,71.85301935379616,71.67293232124054,71.51487620597929,71.42374554510653,71.37637757262667,71.36908377574103,71.39361640970242,71.43810882634068,71.49309576887819,71.5347681782604,71.55773221779322,71.54295292120538,71.48209015688433,71.36770747124761,71.22439924223205,71.03085428713855,70.79328204724402,70.51340958167931,70.21247414152245,69.90484084115847,69.59763331885034,69.2736189469582,68.99711648346081,68.76581292541408,68.57107475208181,68.44119262156256,68.38984300174747,68.41843695920315,68.50101385280944,68.5760458835888,68.59777307976695,68.54194843041857,68.46489469670779,68.20080890371703,67.88250959291678,67.51441889240414,67.02787625845741,66.58849753017208,66.1508825424875,65.72046608828126,65.30295090378887,64.90732988729512,64.55382084806847,64.2664968080227,64.05838198671799,63.92861762664834,63.87469348140866,63.88795789352104,63.963289340704435,64.09283110526198,64.27364687212454,64.50224917201487,64.75657001133148,65.03414686286598,65.324602626359,65.62912052697237,65.92621572470966,66.20493176584819,66.45950530390209,66.67974733417523,66.8591444463275,67.00338548564716,67.13441514021224,67.23070397713998,67.29527283486362,67.33467786707328,67.35741864566172,67.37308841007388,67.39068660486576,67.4106485755331,67.42940652956158,67.48319179870762,67.55364132451074,67.62867873335104,67.73283490332332,67.8637800184809,68.02420041706455,68.20965539181405,68.41438521190308,68.63219105456288,68.85773930403663,69.08664289980032,69.31827858483182,69.54418089531556,69.76396674222619,69.97481017264475,70.17109559203905,70.4289455413427,70.60609356638668,70.76294927223604,70.88694299775673,70.9705857344155,71.00896923874491,70.99049251445918,70.87250925488856,70.82449901220595,70.77938428936024,70.77196594243051,70.81914723648512,70.97680566092353,71.24286407898508,71.61027983735838,72.0475688487943,72.53064182500258,73.04789221034804,73.586328099816,74.08582380543123,74.51307415910614,74.90337309201885,75.28038620407074,75.54771885145779,75.7283746926129,75.82877287795753,75.83084329770794,75.73643256315067,75.57369043367474,75.29783456805787,75.11026775596306,74.94110173936684,74.79665857067793,74.7742079361038,74.77793399616779,74.98492415051771,75.22804112660188,75.52226696396086,75.83414274123335,76.1331058088635,76.38159511859608,76.55913670754931,76.6617704874712,76.68838846196869,76.65250465280188,76.56076348875136,76.40398374322984,76.18667065706079,75.90379781907463,75.57930214286944,75.23148019518487,74.87698558213567,74.53613464296026,74.19699976010283,73.86217024687156,73.58324364172344,73.32283799744229,73.08591903130848,72.84804307950154,72.65286766002795,72.50194017404654,72.40005271851156,72.34002721016853,72.3278242107373,72.35490752053211,72.39629696411352,72.43273341809028,72.4501245770453,72.32315783884476,72.11152797931695,71.79027306021135,71.36293529185689,70.85485687498284,70.29327562849605,69.6905986354882,69.07376753092917,68.4423988317155,67.82419980581409,67.25200471695219,66.75689107800461,66.34967641502284,66.07087261246588,65.92914210598973,65.94910128347402,66.07177820844251,66.29038217796537,66.59788068567579,66.96740479523855,67.35527036183367
51.05573259526133,51.20222506848395,51.36624889882816,51.4986518406923,51.6726646085748,51.750196356184055,51.799819835340315,51.770596247234,51.756084440179436,51.73252907012187,51.68768636705489,51.62084132389941,51.53866180030428,51.44521089583108,51.34574927582358,51.235078865668754,51.12796159308488,51.02629812681973,50.93711010787676,50.8546512459028,50.76862846359445,50.718285866646575,50.68518897888294,50.669991998391346,50.669670745261584,50.680190962233056,50.70734199770681,50.71437552375067,50.834329242860406,50.93085763879297,51.05072315259434,51.186171226659695,51.33015400836143,51.47869578651413,51.644155898784554,51.82977991210766,52.00961087438159,52.184785401670126,52.36852710943643,52.551687992819716,52.728837235375245,52.900010595971835,53.03681514287405,53.15833430544678,53.26829734845156,53.43227080151233,53.528953671440505,53.53918957495967,53.657834537744954,53.68813736672679,53.693237037997605,53.667503290883175,53.60991304141606,53.515075344840355,53.391870613967654,53.18340527698681,53.043247651973566,52.901570104164826,52.76682662057932,52.61973397655195,52.5870235839022,52.590317006755434,52.67753201775252,52.84392229116744,53.06431641801152,53.30550167769552,53.534586467200306,53.74509396157104,53.93384048298717,54.06985472576804,54.164187077252436,54.115236998231474,53.99012333509597,53.80088349251788,53.50979806713616,53.24438107944094,52.95695554781111,52.67559062567354,52.41157155409628,52.16744471965451,51.94503468811046,51.75065597703669,51.59251664944669,51.47935116184621,51.416485725829894,51.404171570049456,51.437685915665924,51.52648212710267,51.65792516908366,51.81744859501079,51.99909080402466,52.207960621411615,52.46126989237323,52.7541010910902,53.07070166149047,53.388833750028496,53.695125642693085,53.99320739989714,54.298387829090004,54.622533779500884,54.9524608678116,55.27669367525826,55.59976181114135,55.92501149816419,56.23851805574155,56.53396905490637,56.82018034468924,57.09467790919405,57.351696360267816,57.59774869032317,57.83397025641421,58.06118405126774,58.27274186859868,58.471934787477416,58.658568501504284,58.84411251887279,59.01320475736816,59.17307532184494,59.32885589283203,59.487308936243934,59.65451594413621,59.816696534138195,59.9955005779921,60.17537964922514,60.35128678274456,60.53357244341577,60.724506574690686,60.92155955150418,61.15359123809148,61.42214902367599,61.71751248332652,62.02718562589746,62.34871653892082,62.66782343811483,62.96778470074035,63.25886494901149,63.55715595431445,63.87018368090918,64.15782046044286,64.44815104988443,64.74430166319912,65.04165939430898,65.32139719571218,65.60189209381385,65.88447104794234,66.15285292882206,66.41723333148889,66.6674916542827,66.83653170832092,67.05355141711851,67.19895615717382,67.3427544663668,67.48229956869692,67.67790129890722,67.96624040186595,68.34471892649839,68.79694355785826,69.288431477257,69.84906103067593,70.41664298805573,71.01927177862841,71.67239672990307,72.29859116471597,72.87462936258184,73.36115299473563,73.83706615202779,74.26515107306332,74.62477989497543,74.92879230743848,75.17662662078068,75.3553097946778,75.48614944922491,75.52507246273244,75.5583493740757,75.48271457314178,75.2918628927781,75.08809980034256,74.89519599116058,74.72559571791368,74.60814104371761,74.56904199543045,74.63833521579363,74.84737185460149,75.15566692539137,75.51963816437805,75.91307991716654,76.28667271041753,76.60511704458736,76.83947973678202,76.9855991307762,77.05358738167247,77.04493252228609,76.97608341038163,76.84484479627854,76.65644021524598,76.42328820272841,76.1564891298352,75.86508865145747,75.56735033709391,75.28462868512109,75.02634280162705,74.81866714123734,74.64971795140565,74.50534731130857,74.40909021566915,74.36378729206461,74.36360642741647,74.40918291535813,74.4926941290709,74.59944847510558,74.71299080331121,74.80563979617268,74.85143355276807,74.83448845313522,74.74962628576267,74.60340100527425,74.39753678741023,74.07696467319121,73.69149297447093,73.19370903583335,72.71774300534753,72.25713700546528,71.82185051530726,71.41616328256536,71.04649368702319,70.72777175586988,70.50994986049005,70.40250300835356,70.42929062318707,70.55414049308547,70.75137085197566,71.01168392146371,71.31509102935173,71.63413937104359,71.9330709477543,72.18930243048221,72.44407869274619,72.56779798698479,72.60075051760124,72.5467216434513,72.35819775083637,72.17155656688499,71.95959752776312,71.77376034361507,71.65398685669679,71.61322220742379,71.68662802196789,71.89267044661239,72.207987805852,72.59761384024263,73.03570044804789,73.45948467134825,73.80757469998996,74.04819214110131,74.18386897420227,74.20363899316044,74.1251065306847,73.96940222004565,73.75755276472474,73.49527496642173,73.19164725789038,72.8727155631238,72.5610329159974,72.25831557572438,72.00812060942506,71.79478257346251,71.62398430120831,71.48455662180241,71.4057018323209,71.36716264996178,71.36582467131456,71.39311189942927,71.43657234532226,71.48713212019291,71.51820668870961,71.5281799390138,71.49810961730968,71.42172480389212,71.29810517893658,71.13602311737225,70.93198538783287,70.68685798711482,70.40308233946209,70.1021115868737,69.79774934505551,69.49680652045545,69.19265776143966,68.92430179632916,68.70232040635175,68.52663890634129,68.41611773831781,68.38138056542469,68.42023119671536,68.50452639567388,68.56903615470885,68.57024843196507,68.48910435476712,68.37897325884737,68.10117390108758,67.7630764638308,67.3854996016638,66.90030318994386,66.46071155589058,66.02705765864195,65.60510411879157,65.20001074559414,64.82034484213776,64.48588722196229,64.21923563621506,64.03142475617697,63.92047762628782,63.88445359016395,63.91401738834216,64.00464221613306,64.14764650831506,64.34026247633395,64.57970805037617,64.84030538031841,65.12173892888251,65.41271806116556,65.71547809662997,66.00643249626958,66.27637494568292,66.52132290522815,66.73141147015052,66.90100233098396,67.03945288191477,67.15434229868406,67.24340133729372,67.30210024799851,67.33835743452951,67.36064945072904,67.37855486699492,67.40073918817818,67.42619934567547,67.4591442330042,67.51804560992609,67.59414606851593,67.6817448208587,67.79610479363947,67.9364681046193,68.10513333932221,68.2974451167645,68.50767579930232,68.72944237890319,68.95719830801983,69.18639599509909,69.41720931206417,69.63951235540563,69.85385764682654,70.05753906808505,70.24449972991465,70.48587762538521,70.6559698427693,70.8009198042244,70.91324691922024,70.98610418952272,71.01164648915798,70.98749408516646,70.87235818492087,70.82707591852682,70.79377400616728,70.80521816417941,70.87463522111177,71.05498765909698,71.34908111513776,71.73690803059024,72.18861815824299,72.67871265107017,73.19671213748798,73.72837627683802,74.21513200065175,74.6262380747894,74.99595501085278,75.34425610702473,75.5854192791804,75.74256112533266,75.81856466387245,75.79771330551561,75.6861843394308,75.51279321438075,75.24049479574776,75.0598400542548,74.90501355291727,74.78871348363884,74.78134830382437,74.8145859398624,75.03883551339796,75.29398583022933,75.59226898875167,75.89989437698777,76.18722259686254,76.41887826950894,76.57694572590839,76.65768146477063,76.6625053063116,76.60724588509633,76.49746186382836,76.32703459134542,76.09337152685103,75.79973507955191,75.46747078248352,75.11515467020742,74.76001648909077,74.42215130806233,74.0889628959715,73.77219098544299,73.4991307748061,73.24569657812803,73.01659871020769,72.79778175926471,72.61554472816967,72.47530830690575,72.38165951108662,72.32787668685933,72.31920176495318,72.34670196135801,72.38232832900654,72.40722611042405,72.4056947429849,72.2621504635185,72.03120434803118,71.69195019456791,71.24927423268696,70.7292923638318,70.1592110487118,69.552370084734,68.93261716389416,68.30426629004005,67.69563450355793,67.14126990854905,66.67220677020393,66.29357782969541,66.04398558102882,65.92912953661731,65.97209069943689,66.12063640678612,66.35755450246812,66.68030186069521,67.05960877981055,67.45282765110473
51.11917294819161,51.25848118100082,51.407409872792364,51.525419261240145,51.67658310086851,51.74128246636143,51.779862244638956,51.753709888500744,51.72842816602462,51.697056529303765,51.64538123172255,51.572591194077866,51.4868509014452,51.392572162884115,51.29479562302187,51.1866847606865,51.084444570553586,50.98880751684234,50.90742439964071,50.83262303037289,50.762751176719924,50.71935043092996,50.693583671250536,50.685789395708504,50.692859966360594,50.71542673912702,50.75229558536266,50.77310994589546,50.8984644094972,51.003067401173396,51.129848124484944,51.2708152963921,51.41945032569065,51.57174865998184,51.739432533708126,51.92517347554658,52.10386668839765,52.27658498923556,52.4570173965086,52.63419659482297,52.80416005265941,52.965830342229914,53.092691788381416,53.202436916100055,53.29997321308312,53.44281818704665,53.52671214646815,53.53481952628828,53.630411639945606,53.64852079099114,53.64222369730595,53.608400079730515,53.54291113506379,53.44317099411235,53.318356990681586,53.11878492835585,52.981341637480696,52.84703346613943,52.725328715874504,52.59572586214509,52.578065495814435,52.60133314162383,52.70986605821201,52.894177959860514,53.12577167696178,53.37169191634921,53.59843765632002,53.79991161917015,53.970614322883954,54.08033318689476,54.15962438994503,54.09106651612842,53.94853611069181,53.744845236125975,53.435394124221034,53.164730263981625,52.87711142677032,52.59994066306157,52.34222966242284,52.10719287993537,51.89662095939387,51.716495615418765,51.57449702143047,51.47838913147482,51.431764692530805,51.43522267243074,51.48305416504693,51.58697350066009,51.7328698986343,51.90571722248262,52.10038785663179,52.32010729930783,52.58298083826345,52.88469788341137,53.208225604978665,53.5313993999526,53.84202625445643,54.14316136206267,54.450046431215405,54.775081684467175,55.104882977587025,55.42770455624546,55.74892849989233,56.07179234969075,56.382264431908986,56.67358397804003,56.95639806822572,57.22291824094774,57.477636899689024,57.72151384141278,57.95580467651456,58.18078651600663,58.39097324656697,58.58884469806466,58.77462053686699,58.95207917163311,59.12021022447117,59.28027503421437,59.43730148569021,59.597972972363735,59.76839299408439,59.93966977703275,60.120582168708594,60.302276528644,60.480688290528114,60.66632580222849,60.86145331713551,61.07121587893722,61.30842645116378,61.5822546179945,61.88239329303821,62.19582776350756,62.5201887676958,62.84132818122011,63.14287446531739,63.43639991341113,63.73442013364438,64.04808737121543,64.33568921367518,64.62556024265122,64.91940780907778,65.21599954729692,65.4930569697201,65.76822102737995,66.04386771763666,66.30335559820445,66.56037341586804,66.78884225527513,66.95802149263632,67.15397263866953,67.30756711343892,67.4486856151863,67.59358575882219,67.79802568734435,68.09809398610082,68.48928226948148,68.95438626674131,69.45472721238737,70.02475663913816,70.59733017869058,71.2021386905652,71.85358571421644,72.4732178555014,73.04083369515875,73.5207278648425,73.98001279946453,74.38850970302951,74.72769556949399,75.00936124325968,75.23410526514863,75.38857782589238,75.50021089257612,75.51960616373302,75.5195172239177,75.42974678067675,75.24550798774597,75.0374910533931,74.85290782814451,74.69892405151487,74.60385815216013,74.59029004506706,74.68660045022045,74.91644265877044,75.23810492080857,75.60720724612875,75.99616990558437,76.35753867069252,76.65796792945834,76.87046153125335,76.99295084315817,77.03849890284474,77.00868529863664,76.92142926292564,76.77436129658982,76.57296706077594,76.3306381278967,76.0595288964029,75.769160790675,75.47689065196106,75.20314971340572,74.96331164719037,74.76384037946362,74.60361411493382,74.47926632526644,74.39666668472634,74.36392392838343,74.37224848144002,74.4231380623174,74.50903264465087,74.61213207203913,74.7170794952312,74.7974205544827,74.82644242740349,74.78987726146187,74.68463958100186,74.52022896551613,74.28789442545244,73.95185098436467,73.55586143006485,73.05979850444437,72.58288378496879,72.12853796324481,71.70587664535903,71.3188053009521,70.97162469241874,70.68387682724212,70.48642106151489,70.40278824418394,70.44973515398637,70.59236464127316,70.80400356903726,71.0737185678935,71.37987219135017,71.6956098230549,71.9844307449612,72.22558386537067,72.45266894577527,72.5550329259733,72.5688427714442,72.49773395262469,72.3062073030642,72.11763433844709,71.91091014589571,71.73862313234625,71.64065547864377,71.6268165017128,71.72664989472347,71.95588778120188,72.28751455017994,72.68365913279207,73.11654097393397,73.5250116618288,73.85107907568754,74.06575570709961,74.1749404616162,74.1688073186565,74.06918617307636,73.89687061096387,73.67222130792507,73.40080505525972,73.09309637951817,72.77588376259925,72.47052526358563,72.18695889591314,71.94401246859158,71.73885587782598,71.57701933310591,71.4558662794023,71.38867621409537,71.35828445207751,71.36215525235629,71.39143714493105,71.43314844320713,71.47860152452098,71.49866673552603,71.49539561698067,71.45007205017392,71.35846611055277,71.22606047585177,71.04586677736343,70.83199241511068,70.58000621885712,70.29305511632606,69.99273858110945,69.69226402363346,69.3981122027073,69.11433003535248,68.85440007789958,68.64174537164124,68.4849293988279,68.39324868756142,68.37415995232342,68.42179881842843,68.50609071203424,68.55867917508755,68.53863833713773,68.4321246047299,68.28791464735649,67.99749540681677,67.64055261320874,67.25459374270162,66.77317663303702,66.33438133168545,65.90561286089454,65.49290519872315,65.10086688398806,64.73761871549371,64.42245453321868,64.17651007365117,64.00889164495025,63.91653860298753,63.8980596477709,63.94348078812025,64.0488657852654,64.20476402456566,64.40857284074332,64.65814802283995,64.92437162651453,65.20895768093709,65.49979369964821,65.80013954473124,66.08448867767858,66.34539083300366,66.58060506499642,66.78058299170371,66.94061108264157,67.07358381991273,67.17280320753174,67.2550676059191,67.30844361422342,67.34213055642584,67.36455579984137,67.38523501664378,67.41244284793419,67.44378945499255,67.49120268239874,67.55531870098463,67.63706147108167,67.73717217953482,67.86156012051525,68.01107020836554,68.18760238418183,68.38630642071398,68.60150706420139,68.82666955661757,69.05606816998339,69.28502467908588,69.51448154235682,69.73275461269682,69.94129056439161,70.13751183981104,70.31499454696757,70.53827513238556,70.70122016098394,70.83427785340031,70.93524707233664,70.99798285373673,71.01165231641717,70.98329078808433,70.87399032048711,70.83260553896235,70.81205905379015,70.84285794375035,70.93462501601928,71.13719516607148,71.4583381511527,71.8652799267394,72.32999438293322,72.82570760712225,73.34302189059888,73.86655443631669,74.3395066217216,74.73380883636491,75.08258897355175,75.40123702179379,75.61615829578936,75.7499849336284,75.80209281519812,75.75940341836329,75.6322027298852,75.44990283181963,75.18428201458518,75.01164267797532,74.87191304030421,74.78414242421815,74.79151686591844,74.85452792393865,75.09376010244392,75.35953978306391,75.66039541947366,75.96240183607078,76.23698412066088,76.45111452808345,76.58945635318248,76.64839821436775,76.63183180682869,76.55777974686659,76.43060100338643,76.24719020459227,75.9979675636318,75.69438527923803,75.35517339236986,74.99912690481459,74.6440026771446,74.30964049889931,73.98279069509358,73.68446827405111,73.41747775436498,73.17105680551012,72.94966493790905,72.74973366417693,72.57999709050846,72.4498149911211,72.36372207642101,72.31540812607467,72.30939068924499,72.33636505787527,72.36541355640485,72.37815480558235,72.35679205623204,72.19730050219667,71.947480938417,71.59088991808893,71.13366775955821,70.60268438078771,70.02505477164209,69.41504202090405,68.79327508184434,68.1688375387247,67.57059492309655,67.03475475113518,66.59221639951842,66.2424095757939,66.02193216684121,65.9336143139543,65.99890817304221,66.17265044428305,66.42716511491639,66.76434225775701,67.15258701712293,67.55036230474512
51.17769264143154,51.31037099187128,51.44435416875741,51.54816398014788,51.67573398136417,51.728040648964786,51.75604692387159,51.734231173973924,51.69903528876816,51.66045962954758,51.60255097845075,51.52445043298685,51.435759447626154,51.3412330663533,51.245674569826924,51.140690531815274,51.04377389540921,50.954538027808134,50.881191182322695,50.81425416290828,50.760672080363335,50.72423247552383,50.705725988035084,50.70518946020357,50.71947185382535,50.75381768252098,50.80013274112652,50.83524792511172,50.96472777412706,51.07694410523331,51.21011196378535,51.356056514680986,51.50880470693447,51.66434489589934,51.833680133602115,52.01886868785809,52.19580327605414,52.365514041655175,52.54204736618904,52.71280685508812,52.875304642005595,53.02724768043066,53.144105172272404,53.24215170267819,53.32742670660106,53.44841578565309,53.51976356244907,53.5271077641869,53.59905558408002,53.60539899500448,53.58818725122697,53.54685777213585,53.47415778174214,53.370364216857794,53.24489366022649,53.056387273201686,52.92246016857259,52.79619457875883,52.68801049991794,52.57684796797622,52.57360581080101,52.61634885705416,52.74513909325978,52.945862531390276,53.18691980005827,53.435829168047434,53.65878889624981,53.850173515005075,54.0023274021728,54.08597469677738,54.14940536813658,54.06205792184602,53.903206453853045,53.686370480225406,53.36103688801578,53.086241893913524,52.79946281038492,52.527326614897504,52.27661626774402,52.05119699109923,51.852859175974274,51.68727346618036,51.56160860588097,51.48265807901001,51.45225120254337,51.47136641240665,51.53335100844136,51.65209033880773,51.81208651138704,51.99789438112084,52.20519268512266,52.43539667350709,52.707402289230565,53.01750110416553,53.34746655569129,53.67521674909111,53.98982163830694,54.2937197556332,54.60202288923488,54.92759958107553,55.25692810449846,55.578071125881145,55.89723192693143,56.21756150713326,56.52490344930355,56.81210169828904,57.091486438623846,57.350124659932696,57.60255579951025,57.84430207158794,58.07674771829776,58.299579976633154,58.508574112542995,58.70531647330792,58.89046221186942,59.060183536905924,59.227610377287384,59.38811838003449,59.54663200051534,59.70975725790626,59.883618981988135,60.064225047566374,60.2474632330667,60.4311263434706,60.61216705019685,60.801180033447274,61.00041609076966,61.22266429237648,61.464840432429156,61.74365334457247,62.04822575599639,62.3650340195865,62.69178109880863,63.01455568547358,63.317364387946135,63.61300090209468,63.910553733018226,64.22456347149067,64.51190700144868,64.80108413808539,65.09244752278393,65.38793441899269,65.66209992790428,65.93188275983779,66.20059829719747,66.45136153494485,66.70100477275582,66.90783572831165,67.07821105961797,67.25334723839863,67.41649381677016,67.55616138868899,67.70710553447702,67.9208701939923,68.23282342682275,68.63648573074084,69.11375943128483,69.62223248758991,70.20059266531861,70.7771498682621,71.38301012094198,72.03154665954193,72.64355375292126,73.20171357195116,73.67458520699856,74.11644142828979,74.5048138229188,74.823571290869,75.08317672030952,75.28530628257269,75.41636938156405,75.50930733194902,75.5102712467712,75.47725826450895,75.37457521183735,75.19915413716254,74.98854616129421,74.81327754650854,74.6755321131916,74.60299666037707,74.61462230330193,74.73711972108538,74.98647044253866,75.31995501541307,75.69263446292962,76.07565223234852,76.4236457169916,76.70538891209415,76.89580269673888,76.9949206227524,77.01857470602334,76.96839193997752,76.86356220741791,76.7015775835553,76.4881622675703,76.2375908486395,75.96299420939039,75.67433687911003,75.38808333962457,75.12373733436431,74.90254937678245,74.71141929943819,74.55984577785506,74.45516304362458,74.38570901381313,74.36474718134289,74.38069008868466,74.43589455215661,74.52311704929157,74.6216168284517,74.71717627548294,74.78472503280112,74.79685150080714,74.74089553014818,74.6158575314486,74.43393785292696,74.17510175160996,73.82448509110246,73.41910025537211,72.92689925817025,72.45009333227055,72.00280236079162,71.59334798085129,71.22527774141174,70.90083551898911,70.64407607655785,70.46678994222404,70.40645492494632,70.47274540277343,70.6321851043208,70.85720123323058,71.1352174475914,71.44301386637478,71.75441656199709,72.03242141597148,72.25813631819138,72.4565636887655,72.53798000007296,72.53348557338187,72.44647858440668,72.25421636607932,72.06494957340531,71.86464750537,71.7067193066431,71.63084416896433,71.6437669060247,71.76930549517314,72.02049205971309,72.36683326321304,72.76781486661908,73.19385115151644,73.58568757697705,73.888994360622,74.0776651049824,74.16075047780438,74.129605569771,74.00987634399424,73.82197084129986,73.58552704763169,73.30594705032635,72.99506327182127,72.68033782602267,72.38183921333079,72.11765349808624,71.8821545728198,71.68512780632281,71.53192526190514,71.42853350075752,71.37232614633481,71.34936613166975,71.35768192907639,71.38819882797928,71.42746856054902,71.46717392750809,71.47592700422061,71.45927149220789,71.39886102576712,71.2924486001157,71.15170215731013,70.9542388081991,70.73123363818245,70.47310544607087,70.18369046225433,69.88467155634827,69.58863697325246,69.30172601277373,69.03854659380163,68.78729304835895,68.58395134770367,68.44565721725326,68.37215038152287,68.36763789963864,68.42256444443956,68.50517196711554,68.54459007334599,68.5027733407359,68.37107012470311,68.19242456954214,67.89035703966222,67.51573950690653,67.12249127726008,66.6469055626351,66.20987138519838,65.78685557446063,65.38410632048442,65.00567962901182,64.65923524611523,64.36353478482134,64.13826510744825,63.99066942592051,63.91664525165002,63.91531395496525,63.97611502278131,64.09568513213594,64.26387310798428,64.47823291357506,64.73717390384154,65.00837144464968,65.29541002499197,65.58546582026126,65.8827773367595,66.16013983747511,66.4118374564767,66.63730235771214,66.82729696588089,66.9780772838129,67.10588046046384,67.19008661363856,67.26602316443237,67.31464560065834,67.3463295530093,67.36942960212616,67.39335562222342,67.4259496057474,67.46351098264853,67.5254889385173,67.59490442767273,67.68227134906499,67.7947285756098,67.92889537892091,68.08721945189528,68.27119326023264,68.47579209949662,68.69540986010811,68.9233934008408,69.15387374519503,69.38207348490364,69.60965856979047,69.82352184259489,70.02594631441083,70.21449142801778,70.38245257648883,70.58651711805318,70.74224692960135,70.86359275583226,70.95365116997482,71.00702081432532,71.00993706808424,70.97874652890238,70.87782560840213,70.84141529102317,70.83440274746498,70.88487156641742,70.99894479468273,71.22315259713167,71.57018135676425,71.99484800074197,72.47107683624307,72.97097931486525,73.48617354240292,74.00025665672196,74.45841819151414,74.83535048044062,75.16295827158076,75.45144384916833,75.64032489140793,75.75123346834089,75.780165706796,75.71686176514552,75.5754712873403,75.38592339130884,75.12960808078276,74.9659458146646,74.84190268123555,74.78274547923495,74.80449455983408,74.8971453643737,75.14918193781496,75.42412909619819,75.72605749217816,76.02111988016064,76.28193789952027,76.47797209316194,76.59645483456463,76.63382600482086,76.59637232672547,76.5041746665873,76.36031155147604,76.16459043313162,75.90069340265973,75.58801517795592,75.24269639379496,74.88368677349929,74.52921228054804,74.19882186125383,73.8786436366188,73.59891811502683,73.33818037525155,73.09880019407292,72.88499081747158,72.70359277892253,72.54584924598065,72.4250465423358,72.34580558603022,72.30217449007793,72.29794976055662,72.32346924399985,72.34518496440222,72.34523976532031,72.30338648576604,72.12850988200002,71.86030339603315,71.48706038005798,71.0161118592253,70.47506464073108,69.89088245249145,69.27872359077128,68.65592238854983,68.0363290239952,67.44929573201406,66.93261941814723,66.51697591368813,66.19614426659908,66.00461406647875,65.94245790632375,66.02941697127478,66.22756302157887,66.49890086153036,66.84963756822167,67.24596207519372,67.64748528394922
51.231293408621134,51.357752340336795,51.47706937978623,51.56699543344242,51.67076654993121,51.711202410101194,51.729165291361795,51.71248059808476,51.668319898041844,51.623178677298256,51.55965554524971,51.47689383919722,51.38584920697846,51.29161483569536,51.19874041828348,51.09740028592686,51.00618361627247,50.923652091229265,50.85848810185812,50.799563892711646,50.7622360459315,50.73276425846755,50.721438986831735,50.72800939163076,50.74931849149587,50.79508920041233,50.85052438123877,50.90019883666896,51.03268059743261,51.15200699542499,51.291002444764345,51.44136302301971,51.597663114614626,51.75590561525186,51.92631403947257,52.110310160460784,52.28490520985463,52.45110396859763,52.62318636831539,52.78715172749117,52.94195674799324,53.08402618729025,53.19090136117696,53.2774273192356,53.3507102133598,53.449622066065125,53.508773292813544,53.5163378980729,53.5646335522827,53.559753568606304,53.53221545466273,53.483975514060376,53.40478255023492,53.29774263220599,53.17246446613237,52.99669968758469,52.86701367422727,52.74934809001782,52.655003563907655,52.562947949777865,52.57346536089962,52.635032661291284,52.78287188166645,52.99839221137597,53.24713737819422,53.497293540703126,53.71507754849999,53.89541301532172,54.028670539392174,54.086687688059854,54.13335443330153,54.02815789036022,53.85418958995368,53.625607855579695,53.2871535449883,53.00934168130747,52.7243996560605,52.4580780717619,52.215017784600455,51.99970113967278,51.81394622748719,51.66313176877555,51.553930953955955,51.492171527807976,51.477905959402236,51.51252181610137,51.58847647594621,51.721697781754465,51.89540690219588,52.09377858753058,52.31325132852772,52.55354630180024,52.834236781147936,53.15219581340867,53.48811125208721,53.81998342304032,54.13821022820995,54.44458005898578,54.754023131619604,55.07981066763982,55.40834550849557,55.72757823787648,56.04448440980363,56.362160595971034,56.66630679629392,56.94944017563658,57.225390507587264,57.47634828939184,57.72650801796751,57.96617051309588,58.19685655127976,58.41762401897307,58.62559848325396,58.82139813952511,59.00613249908939,59.16858734010758,59.33557258496625,59.49676581454722,59.65698916693988,59.82277369929595,60.00026498351229,60.190301938911716,60.376068907038366,60.561844677739,60.74562812429405,60.938032972238275,61.14128900288813,61.37566641165909,61.6225891692551,61.90608945177025,62.214745568306604,62.534544131249056,62.86324795744492,63.187280593619384,63.491037224253304,63.78842862504504,64.08533734601016,64.39937862685095,64.68623189137949,64.97447274398934,65.26318412403657,65.55720155593974,65.82826413618236,66.09265830817652,66.3545029616429,66.59680122814184,66.83909962870982,67.0250094514988,67.19733230768622,67.35249635647449,67.5260681048347,67.66552519066543,67.8230765288861,68.04652677027465,68.37040802737164,68.7862255747697,69.27488553750023,69.79074716226138,70.37626864920702,70.9557293137249,71.56143884436075,72.20577221168807,72.80907477740891,73.35672000475248,73.82196812712345,74.24574019670885,74.61363144559657,74.91209325921291,75.15006126148418,75.3301813930138,75.4387769441528,75.51355690962022,75.49727148393573,75.4324931788032,75.3181644138428,75.15316613094032,74.94166447685377,74.77658416069617,74.65554455788424,74.60550547631411,74.64181973645576,74.78949708348976,75.05694780074732,75.40064609763282,75.7753287603573,76.15097345116683,76.48452013909935,76.74701411274094,76.91526451024139,76.99140529687502,76.9938185204151,76.92417002886599,76.80268704434442,76.62676441453864,76.40234963989569,76.14449892394917,75.8672295130249,75.58091265474903,75.30114751363485,75.04651562877052,74.84396079019096,74.6612864497746,74.51828209225738,74.43271935207326,74.37582044969125,74.36578981557797,74.38844240430815,74.44695816551301,74.53444975021198,74.62745782077197,74.71292059173128,74.7672923303836,74.76251483582351,74.68751660148666,74.54337214054613,74.34469609676201,74.05979133376628,73.6955943144186,73.28195996291554,72.79540698420529,72.3197709160238,71.88029495752926,71.4845628332154,71.13577537295289,70.834205837285,70.60823280503777,70.45089336060859,70.41325598898645,70.49802040261238,70.67323748246645,70.91053889119105,71.19571439606553,71.50405240101043,71.81013487316913,72.0767185648203,72.28677101879687,72.4561536787553,72.51723412313807,72.49538368616986,72.39375437297949,72.20268888776992,72.01391092634611,71.8211190251728,71.6782136473972,71.62453303789808,71.6638552034743,71.81421246326983,72.08596312417737,72.4453277284975,72.8494319003599,73.26703290851569,73.64103807644548,73.92101214831435,74.08379080095354,74.14132148005066,74.08620403966465,73.94743028850722,73.74500046147608,73.49779551367676,73.21104774316449,72.89787773728293,72.58633789590029,72.2951496759221,72.05032284727245,71.82244777367599,71.63348689838921,71.4885899325779,71.40228660784666,71.35630908494409,71.3400308414344,71.35201111168486,71.38300363034556,71.41916413790166,71.4525192747998,71.44976618030412,71.41969980520939,71.34449735005839,71.22380679583033,71.0751590186287,70.8614477958726,70.63006732625865,70.36653437235616,70.07535092723002,69.77822694470875,69.48712029027261,69.20782359782258,68.96521826189205,68.72286242789409,68.52880186096023,68.40853334932899,68.35238773243161,68.36127114456507,68.42195269484591,68.50123532614288,68.52638397810523,68.46248398821064,68.30600185908287,68.09320873271142,67.7803424183815,67.3894386107801,66.98998216708166,66.52189895363627,66.08754624407102,65.67109322455568,65.2789444764838,64.9146092907066,64.58527817275467,64.30913997975394,64.1044457247236,63.97664487197036,63.92064226717791,63.93601881248287,64.0116870222514,64.14482534077915,64.32466321254134,64.54889764305165,64.81639050781631,65.09190752945388,65.38070286700945,65.66937070145914,65.96306393819822,66.23314154419762,66.47557284476845,66.69136535788063,66.87158845972813,67.01350751701035,67.13644496439102,67.20648126388784,67.2765883942498,67.32104887442333,67.35128674452687,67.37556276671083,67.40314344693694,67.44141148323145,67.48545600780751,67.56191006213211,67.63669614577985,67.72965951932281,67.85418177531386,67.9978050638267,68.16454895738413,68.35549167606376,68.56545494894655,68.78891504053041,69.01913472470761,69.25013988892255,69.47708694569532,69.70230368844581,69.91142822050553,70.10750571637364,70.2882407729004,70.44674635176945,70.63098263809735,70.77945255719223,70.88943384758885,70.96916692500366,71.01401715855626,71.00745109172104,70.97472521331014,70.88428399548077,70.85383259221973,70.86096840242796,70.9312453174548,71.06742273057719,71.31258436756231,71.68415690170683,72.1250647275341,72.61124483155051,73.11388039600574,73.62551916562228,74.12887701652384,74.57133723290288,74.93042704362469,75.23674619640491,75.49499148993881,75.65830805615931,75.7468940803109,75.75359171352767,75.67103647475687,75.5169735646227,75.32175899816589,75.07688485055317,74.92301965186257,74.81508495541918,74.7843227355085,74.8200623230193,74.94182367714467,75.20458503967033,75.48717988072468,75.78866644291656,76.07550327093551,76.32163145270253,76.4991191635867,76.59772741524792,76.61387010468826,76.55613122920731,76.44649907273323,76.28672415214767,76.07937512712475,75.80178367919143,75.48089153552843,75.1303262080252,74.76912415075458,74.41591343355209,74.08991504090845,73.77668219969709,73.51545651070109,73.26113443231733,73.0288082583007,72.82244945195445,72.65905308818577,72.51272569352247,72.40058927619286,72.32747521142966,72.28772874113244,72.28443775583193,72.30758695364766,72.32127487109247,72.30820125139306,72.24544800056617,72.05568053004922,71.76961736643833,71.38042972975862,70.89660251844307,70.34646485854246,69.75676974646436,69.1435239411087,68.52074018778063,67.90695719207723,67.33195159789453,66.83502408302192,66.44654126045324,66.15475451539173,65.9919329765173,65.95552178204876,66.06348036111945,66.2851168393192,66.57244858853032,66.93582348344967,67.33935652204077,67.74380754991137
51.27997698340043,51.40048306563882,51.50554309894181,51.58202305715066,51.66233010643912,51.69149925587778,51.70000876543318,51.688778655264514,51.63669608347755,51.58565397900073,51.51715487012971,51.43039621127984,51.33758194763349,51.244138700367024,51.15434747043634,51.057118129892984,50.971907781764074,50.896312138617944,50.83939280418239,50.788571468985644,50.76728794483127,50.74477803780043,50.74054572523573,50.754066389744324,50.78221196321215,50.83896670079848,50.90314142193977,50.96737205583678,51.101884140096395,51.227775316200685,51.37200734169069,51.52620296290164,51.68547151125282,51.84585193902461,52.01674959232559,52.19894250477325,52.37065706230266,52.53288617973161,52.70000375272532,52.856864165908156,53.00380211520181,53.13592943952477,53.23292642172498,53.30821241982665,53.369876117713744,53.44699549701628,53.49440671099181,53.50279353736365,53.52801272668813,53.512566101636125,53.47539606251533,53.420852451465215,53.33591500932595,53.22639385928623,53.10205325192923,52.940209547565225,52.81541258342273,52.706788647911196,52.62643949904174,52.55387346328254,52.57746497814801,52.657053062580104,52.82258518220258,53.05118320543688,53.305801002262854,53.55546514222924,53.766740974580934,53.93516348636605,54.049334553080456,54.08238059338626,54.111296006914394,53.989313096646896,53.80154074436774,53.562705992952246,53.21417128160645,52.93445533823437,52.65231192120265,52.392524624235335,52.1577206275328,51.952949412182676,51.78007900356812,51.6442127626584,51.55154361681324,51.506943001224926,51.50868966664203,51.55860790963904,51.648330597658564,51.7956609697092,51.98266296591488,52.19316835831695,52.42430982587743,52.67427374197819,52.96318684988894,53.288467071196784,53.62984643262522,53.96539704739663,54.28689045813077,54.59543975049748,54.905753086840704,55.2314381424739,55.55888444952794,55.87601074594261,56.19049826605396,56.505431241683375,56.80634616124873,57.08551737006589,57.35805532681967,57.60164025256813,57.84954851329673,58.08717629818372,58.316188344976396,58.534978228852175,58.74210037542693,58.93713772303421,59.1216703711047,59.277452306654524,59.44426421665731,59.606377792994415,59.76851471459628,59.93713420295713,60.11840207432167,60.31784004424135,60.50632432659547,60.69434711548319,60.880976575362936,61.076782453767606,61.283966160785916,61.52998385662224,61.78142864900903,62.069307187948276,62.38168842607435,62.70409783561,63.034343768790286,63.35927754840165,63.663675729865666,63.96244379224507,64.2585515661943,64.57229948241223,64.85842195108373,65.14547606816554,65.43138093255472,65.7235385046816,65.99128766047183,66.25032868938526,66.50542188599091,66.73960516689404,66.9746302102877,67.14090080294329,67.3156171352615,67.45224113306568,67.63662181529985,67.77712042490613,67.94171637527394,68.17508736761486,68.5108270910874,68.93839806606124,69.43758707139894,69.96007109579867,70.55148413079318,71.13269577203353,71.73697763542366,72.3757550164633,72.96925684939755,73.50530400535605,73.96211973113688,74.36729726292712,74.71453058392818,74.99294767463823,75.20983738967988,75.3686823164329,75.45589299611878,75.5130777678663,75.48081064731544,75.38614264975419,75.2614789339123,75.1079087589919,74.89724535287964,74.74310668515103,74.63908604053314,74.61133350791684,74.67166331084938,74.84333659253508,75.12736732823747,75.47960705589557,75.85469908398849,76.22158011574713,76.53968822680024,76.7824776516448,76.92860824876365,76.98230169284216,76.96423407522705,76.87613714785944,76.73900857419117,76.55019254690332,76.31585298201884,76.05171491281816,75.77257925153339,75.48918385557859,75.21630228754236,74.97160867739815,74.78745068720374,74.61332437908649,74.47879221022896,74.41161713630275,74.36660423912245,74.36658459572361,74.39501658346846,74.45583468302375,74.54253315463103,74.62921012542833,74.7039518916411,74.74486154648584,74.72328649529716,74.62971381777,74.4672754117379,74.25267212627647,73.94259573980483,73.565905975327,73.14519106521789,72.6657173697439,72.19231580499938,71.7613805128812,71.37981951388271,71.05049296458414,70.77181531785713,70.57621031390255,70.4385681746596,70.42294437465002,70.5252591865674,70.71515737594824,70.96359158955407,71.25474324882398,71.56252414184205,71.86234004186993,72.1169977955427,72.3112991970398,72.45182967278319,72.49339020902276,72.45524187256369,72.34036015252528,72.1520888160243,71.96492705185578,71.7806341242908,71.65327093550022,71.6217021956845,71.68686317717635,71.86098843896639,72.15178081662611,72.52238172957959,72.92786109265096,73.33548817265199,73.69058881988651,73.94682403228546,74.08400326121689,74.11667592563896,74.03877302149807,73.88210125168416,73.66625702191499,73.40935223589251,73.11645392531703,72.8018695783862,72.49414411473842,72.21063156204892,71.9848904085006,71.76479292272633,71.58382169346135,71.44690119009596,71.3768539226483,71.34028248582804,71.32990173406733,71.34474921039183,71.37545823380148,71.40786661581882,71.43430751204184,71.41996294928748,71.37657279649923,71.28700182901676,71.15267522094612,70.99655985512439,70.76780232637738,70.52885174854971,70.26067170131297,69.96839906123624,69.67372117830952,69.38796607105405,69.11658060502175,68.89425586472875,68.66098993669179,68.47616043783205,68.37326878276666,68.33352565251705,68.35451642429763,68.4193881897447,68.49374595434124,68.50367601798638,68.4176008250129,68.23698075226534,67.99097284417132,67.66803516173213,67.26245139068541,66.8578563739089,66.39856578093871,65.96777043594498,65.55863323639505,65.17765665912974,64.82781617911363,64.51583123416435,64.25928212100021,64.07499691259451,63.96670475598255,63.92837434447377,63.959976521059545,64.04996371645656,64.19601149522958,64.38682379220737,64.62022197739545,64.89540264919967,65.174582575657,65.46444311295176,65.75114462169627,66.04067181453075,66.30324936638445,66.53645502654527,66.74274464000705,66.91349254029147,67.04700836474649,67.16537949251712,67.22227590516282,67.28708367678762,67.32799610263844,67.35733445122564,67.38324720272283,67.4148252539873,67.45898050199995,67.50971660963368,67.6003731140153,67.68058721109541,67.7791097987121,67.91529954487739,68.06798367020288,68.24269184700773,68.4400833402645,68.6548477648979,68.88155345897616,69.11341434135291,69.34439145643368,69.56960959460397,69.79198019240364,69.99608792183454,70.18564958976947,70.35852281465394,70.50774840610036,70.6720507482274,70.8132394523273,70.91237046473863,70.98250205029207,71.0197709736974,71.0051447348894,70.97209074699718,70.89378542853788,70.87018486006265,70.89191933391518,70.98196548213666,71.1398869971778,71.40521489264812,71.7998109557147,72.25538258205192,72.74987768223355,73.25376347225018,73.76041083297915,74.25180959419235,74.67773426876114,75.01860256252505,75.3036360394892,75.53199484489568,75.67049678016673,75.73755412037922,75.72317921025471,75.62287567609198,75.45769311455885,75.2583137577082,75.02652418010906,74.88313437710923,74.79156234256294,74.78867427985793,74.8380010929221,74.9879482782287,75.25945342816938,75.54811824773593,75.84763350774024,76.12500677007364,76.35561229946947,76.51422393819998,76.5930603404254,76.58843578252824,76.51111287747976,76.38482139377895,76.20996944945168,75.99168413673297,75.70147302848356,75.3732811117784,75.01834925632707,74.65572891107344,74.30437427040773,73.98313968364569,73.67706686347822,73.43399946340479,73.1862357204138,72.96096251267788,72.76191394441683,72.61580857665099,72.48025093207023,72.37602950833539,72.30829612413486,72.27162384150155,72.2684134520148,72.28829062073467,72.29331559456926,72.26675952555576,72.18294656961184,71.9787143734649,71.67536849519121,71.27096611647436,70.7751357239662,70.21691674910245,69.62279230876534,69.00955221868924,68.38790958330691,67.78093848919653,67.21877718832214,66.74212891919599,66.3809683875539,66.11821293545265,65.98379059353262,65.97266740945238,66.1009616095611,66.34505459814959,66.6474951421365,67.02253569480152,67.43239292568204,67.83894006382593
51.323745099409464,51.43842100701884,51.52976291928712,51.59335628729948,51.65107395075737,51.66966269240166,51.669368764409356,51.66344583994442,51.60457793470711,51.54832584109995,51.475508891100986,51.385432347805576,51.29141943772256,51.19922588982502,51.11285002833019,51.02014817058543,50.94118044050471,50.87268060148628,50.82398293523088,50.78129614093292,50.775672648469374,50.76010607156184,50.76286926084221,50.783177654298434,50.8179643528142,50.8851755916768,50.95765477946992,51.03617695788477,51.171899662801025,51.30376831201269,51.452614428833165,51.61004447582009,51.771675859370795,51.933604988202816,52.10440213316718,52.28421033221409,52.452543405901785,52.61039208472578,52.772068869256486,52.92157712421505,53.060526488210705,53.1827210138504,53.2700264205464,53.334455658505796,53.38497680401734,53.441094547240056,53.477329190414125,53.48675829147647,53.49006028943079,53.46481818393348,53.41881682968685,53.358587730311605,53.268684727798984,53.15740551722789,53.03464386114707,52.88740422920362,52.76806732513692,52.668810900433755,52.60244989651824,52.54947216422275,52.585425494583795,52.68207856916551,52.863799753638844,53.10365171919228,53.362287263157434,53.609724080538626,53.81321653600293,53.96895829438397,54.06401026177609,54.072961845400606,54.08305451044967,53.94547021568195,53.74531514246924,53.49781352310656,53.1425172843381,52.86200857676509,52.583589563216954,52.33099586289832,52.10501121108172,51.911185895155604,51.75145439385253,51.63065868728297,51.55452614561062,51.52698602261701,51.54456302779733,51.609543719143836,51.71281340367541,51.87384504288086,52.07368659739803,52.2958622100851,52.53811421620224,52.79729655183169,53.093955031326935,53.425999937585885,53.77235883576421,54.11115524775637,54.43556076203465,54.745996308545415,55.05691868336938,55.38220520389166,55.708294187545214,56.023153503790674,56.33508581322744,56.64721506974959,56.94489323253667,57.22025124156012,57.48942594802477,57.726051672704514,57.97173224373393,58.20737655909868,58.43480026890359,58.65170219209624,58.85813380578905,59.052583250153205,59.237114800493096,59.3869401619631,59.55385264151003,59.71711477061802,59.881350373116945,60.05295067531421,60.23810133008114,60.44677895672787,60.63815462770998,60.82854924073717,61.01811746594676,61.2173263132014,61.42834167175794,61.68537824710304,61.941114859058395,62.23305080146687,62.54879002540519,62.873434869784056,63.204822958030334,63.530321192564585,63.83506266040987,64.13480711367762,64.42997698714477,64.74309268329066,65.02823524817744,65.31384411841641,65.59680126805726,65.88668281176173,66.15090856669028,66.40467492045309,66.65319524525968,66.87970384030011,67.10756874404699,67.25604716075159,67.43329744076414,67.55340270834085,67.74848678583277,67.89129049520169,68.06324270686517,68.30664393743646,68.65405992130991,69.0928994691086,69.60168651899234,70.13000414759858,70.72593865006692,71.30767650014249,71.90917926873287,72.54098771967625,73.12357588932053,73.6469165855553,74.09428312495847,74.48050078514996,74.807079250779,75.06582073725734,75.26232762779286,75.40076077279093,75.46781001992204,75.50798804896387,75.46109250899904,75.33912736031563,75.20548331926503,75.06374681122978,74.85568814217959,74.71312413431674,74.62628121607881,74.62042966313102,74.70393399280364,74.8982423033226,75.19722161985027,75.55626677862912,75.93015437939978,76.28691877979719,76.58867626987882,76.81141364905193,76.93559518930854,76.96750663796988,76.92982509966617,76.82441087951523,76.67273159744413,76.47213273801296,76.22899609820651,75.9595913742389,75.67938786914317,75.39944621958516,75.13376677489755,74.8991405610209,74.73292386760842,74.56741563598743,74.44124528385788,74.39153828200327,74.35766362886844,74.36666428641477,74.39992378132342,74.46202988532613,74.54686966976772,74.62642881884933,74.68990962287737,74.71717178036346,74.67902054207252,74.5674605212907,74.38765934846721,74.15803437072552,73.82414753760902,73.43614739484168,73.00954407480197,72.53822610198036,72.06812726796822,71.64642378627103,71.27941633428446,70.96962528531404,70.71374363125622,70.54787190437281,70.42965124236812,70.43527302028276,70.55416078770261,70.75758038500432,71.01593437495512,71.31183784137487,71.61796543545455,71.91060735339832,72.15293471217382,72.3315320827728,72.44398242788755,72.46704317158137,72.41376489531893,72.28709475722623,72.10288009873064,71.91840660452077,71.74350222171073,71.63205595184374,71.6223317525632,71.71257261024554,71.90925106221566,72.21742497909065,72.59737905000547,73.00245330212847,73.3986188716457,73.73386546695257,73.96612160605643,74.07817295197634,74.0868362718531,73.98748280843196,73.81414247859401,73.58603807303906,73.32052274411112,73.02251238832679,72.70736859761428,72.40401662504333,72.1284597824004,71.92127964679942,71.70909087153701,71.53602073097551,71.40674687943125,71.35196376714102,71.32390380489154,71.31860196226448,71.33550263540734,71.36516932011862,71.39320743485419,71.41220858487978,71.38629599668147,71.32978270659136,71.2263952686113,71.07918839871249,70.91603346211426,70.67361098570689,70.42794517426616,70.15589613654137,69.8631974142561,69.57147068926919,69.29142641195689,69.02817268153905,68.82557022741672,68.60155729493896,68.42589060474025,68.33957450527792,68.31512905400868,68.34683047603113,68.4142955492331,68.48216901693564,68.4760813216105,68.36795439659376,68.16406774864669,67.88642261122895,67.55401888847173,67.13557931247841,66.72690385948421,66.27731501944059,65.850908488462,65.44978303519422,65.08047986083074,64.74546060427407,64.45097816909657,64.21397321154379,64.04986365817825,63.960735850839704,63.939686178440134,63.98698938143107,64.09071203532282,64.2489686795217,64.45004430095277,64.69186086482891,64.97381514242694,65.2559992779889,65.54623766878123,65.83042385942699,66.11527343124048,66.37021887257407,66.59434203047347,66.79139077859666,66.953044274617,67.07868640953377,67.19278620566502,67.23775928434685,67.29782939346204,67.33582995242371,67.36480499335255,67.39277481928957,67.42862780657755,67.47880868366654,67.53638486729122,67.64078515493902,67.72647097940893,67.83050600408978,67.97784965053073,68.13912569301966,68.32128124294172,68.52455396142396,68.74352334318479,68.97285596895318,69.20575306391142,69.43615330299619,69.65918596477253,69.87825137574465,70.07711512198759,70.26005875408774,70.4251004934735,70.56533127277262,70.71010050415273,70.84401002357717,70.93297194335017,70.99436425870894,71.02508134701652,71.00396834515112,70.97170703565308,70.90674985438837,70.89079951206247,70.9274188571628,71.0370183457371,71.21616576795958,71.50076858767373,71.91668968852234,72.38525403923158,72.8863547016702,73.38998116530513,73.8902006171957,74.36844846819743,74.77707982196232,75.09944107374977,75.36331109229876,75.56256881482938,75.67728005355345,75.72380093938656,75.68973657183865,75.5733274980454,75.3986134899753,75.19649177525328,74.9789379256631,74.84656017794457,74.77143732237472,74.79560019910241,74.8580918069905,75.03490458360294,75.31327112347138,75.60637030832451,75.90236992270056,76.16908513925328,76.3834279590828,76.52295461584403,76.58223985529014,76.55742830689917,76.46132163474819,76.31921005819919,76.13017808743858,75.90165731211755,75.59999608579272,75.26545066652878,74.90705195996696,74.54379092894888,74.19486292536591,73.87871543524818,73.57995810711196,73.35446297546888,73.11338003439245,72.89514447168865,72.70325739791774,72.57355322900247,72.44804946056021,72.35095355440646,72.2878334956612,72.25341275344861,72.24943562604902,72.26515267917682,72.26093945292646,72.22063484956344,72.1158521618823,71.89751333936778,71.57750242785052,71.15863768948876,70.6517074625494,70.08645202729159,69.48902579459892,68.87691757028588,68.25761167889867,67.65848936157876,67.1099871708809,66.6540941001061,66.3203132427303,66.08649214006257,65.98008861410047,65.99375625685771,66.14172398358448,66.40711899871559,66.72372736856921,67.10940989363772,67.52469385413542,67.9324937868873
51.36259949028828,51.47142400371831,51.54971643388521,51.601104559915804,51.637647363096924,51.646424195823805,51.63803670661392,51.636802646555715,51.57237954136236,51.51163457004084,51.4351775461738,51.34247704734527,51.24782344537704,51.157297633526056,51.074602394009844,50.98679451487591,50.91423564111504,50.852919911346454,50.812336140938996,50.77775715775616,50.78723502825263,50.77858061779114,50.78823265124643,50.81516038504727,50.856387744142026,50.9334412810447,51.01373537006961,51.106022918082495,51.24228842622912,51.379505227313274,51.532311480460564,51.69235570326841,51.85572212149024,52.01858588377169,52.188687003003345,52.36555825420187,52.53004881315557,52.68315309324884,52.83895106774656,52.98092355628788,53.111815611599404,53.22416448698327,53.30204742427118,53.35610568932739,53.39606465662501,53.432477685469976,53.458206104510694,53.46851576982428,53.451643422225935,53.41749140533786,53.36356551107933,53.298280496560714,53.20422127443784,53.09186522516031,52.97122013731593,52.838771108560216,52.72538832834783,52.63570949558026,52.58316634753522,52.54959170833103,52.59716774224468,52.70977768929238,52.906036354745765,53.155213958261434,53.4159727517712,53.65945046354425,53.85394159427631,53.9963308056214,54.07238848401743,54.05833987674694,54.04845436538185,53.896575922441286,53.68556800963219,53.43107907680604,53.072618739651105,52.79242710897047,52.51862253950902,52.273821378331405,52.05717594978784,51.87465467511823,51.72826928797598,51.62261178210332,51.56295809150582,51.55231411534043,51.58548674640274,51.66524827073989,51.78182492409378,51.956115141478286,52.16830969149938,52.40165865944011,52.654410538532574,52.922332289151655,53.22624386133523,53.564479472631966,53.91533519996303,54.25695564971593,54.583919573886924,54.895947211506595,55.20722584967681,55.531835050206915,55.856323982497024,56.168791365131774,56.47805936886907,56.78735370564897,57.08181969852638,57.353559750102505,57.619447422906234,57.84963367304391,58.09311416751505,58.32682842808797,58.55274949257724,58.76785549453095,58.97375279106737,59.16778274720005,59.35250475983241,59.49721263144973,59.66450522867394,59.829137202659865,59.995637872134296,60.17033502279156,60.35943382645544,60.57705826954395,60.77148494635374,60.96436663753494,61.15695585858876,61.35956238570576,61.5743096430992,61.84161120293863,62.101403786770646,62.39706454068641,62.71578606240463,63.04229497088601,63.374439950350705,63.700186168852404,64.0049807715127,64.30527929932556,64.59939420243572,64.91152487460215,65.19542985027672,65.4793269025444,65.75920845026324,66.04637202372359,66.30686492075527,66.55547801836913,66.79766321446728,67.01702773745865,67.23788745654528,67.37098588770041,67.55060511596709,67.6568022224687,67.86199485410073,68.00837880534259,68.18787315688434,68.44128843116293,68.8000858213791,69.24962604840492,69.76700636629182,70.30034617705797,70.899331747018,71.48029875500639,72.07759651889046,72.70096296713534,73.27150781761108,73.78100875714364,74.2177014145079,74.58473913761301,74.89084788174348,75.13040380030426,75.30736028081486,75.4263730577833,75.47462237664475,75.49840659753967,75.43832084116978,75.29236799344123,75.15114211712024,75.0210450775665,74.81739219756149,74.68691552263685,74.61725473946159,74.63274284990226,74.7384127486393,74.95381827095376,75.26600327042675,75.63005415426132,76.00110359216784,76.34643599702487,76.63101055811961,76.83345622520842,76.93598660887879,76.94691695957435,76.8905953229394,76.76910880639062,76.60406091458927,76.39285574523107,76.14210279272525,75.86848086720386,75.58799981008131,75.3119954847553,75.05376008925091,74.82923536041254,74.6802851311927,74.52344276909103,74.4055104652323,74.37216467486512,74.3486018656909,74.36556165228643,74.40267515303098,74.46504955305731,74.546961702841,74.61866897746353,74.67043323310493,74.68396213127214,74.62957103899417,74.50073005434137,74.30461595417748,74.06095125936436,73.70507929506225,73.30704589397652,72.87576950419054,72.41332886810905,71.94760457370116,71.53578953712223,71.18365160585198,70.89336710415114,70.66007044803298,70.52308087766923,70.42397942172519,70.4499948642305,70.58442423908217,70.80014210987277,71.0671422940296,71.36653200922626,71.66991262843293,71.95451209305325,72.18420491874878,72.3472809058485,72.4330027011068,72.438787924668,72.37165751719108,72.23475702126451,72.05552668377715,71.87475823892738,71.71003273641938,71.61473347731935,71.62640181877372,71.74076528579663,71.95861797297052,72.28237545360228,72.66970347332139,73.07255938742878,73.45582693321711,73.77039367729607,73.97859646314807,74.06617033943573,74.05182498161427,73.93250369467309,73.74380721430563,73.50464116527083,73.23163256816468,72.92956992373675,72.61470459745026,72.31621556932119,72.04880924766586,71.85941402719763,71.65524247167421,71.48997255036782,71.36801484555563,71.3273444633034,71.30683049803936,71.30575467872171,71.32387779694149,71.35174357106854,71.3748180355615,71.38589243895929,71.34854400799695,71.27922177599982,71.16269847481102,71.00348085237883,70.8337086349153,70.57918235985456,70.32770587261838,70.0525863816413,69.76010853627275,69.4717919097063,69.19775340934123,68.94277547454232,68.75907217506092,68.5444462228224,68.37785588810597,68.30716150457435,68.29676284913592,68.33767003696045,68.40609939340828,68.46596967915117,68.44321501759863,68.31337524840416,68.08732379262307,67.78026374119125,67.43887721735788,67.00962384201502,66.59791458555009,66.15855564404009,65.73732492926361,65.34485004616856,64.98765107399514,64.66770287622913,64.39080271630364,64.1732252543684,64.0289909485921,63.95862492942455,63.95442246397956,64.01685969433329,64.13369890877618,64.30342197768996,64.51401419274814,64.76346925357444,65.05123280193352,65.33576033117959,65.6256934404601,65.90684469310567,66.18654125381077,66.43380563130486,66.6490918852194,66.8372543481547,66.99027872975074,67.1086482338848,67.21876726465759,67.25322014832321,67.3091459256893,67.34489309089919,67.37403069115462,67.40443752553853,67.44477786791069,67.50104804984481,67.56555285994426,67.68305324567547,67.77424080650985,67.88373195231289,68.04159985850414,68.21092562724736,68.39995026736179,68.60848924813139,68.83103447964136,69.06235342396943,69.295671705518,69.52495028387781,69.74536058934399,69.96068053254955,70.15412399637044,70.33041402881794,70.48773674955414,70.61936748507729,70.74551096158265,70.87216667951259,70.951807619492,71.00546126312315,71.0307473657814,71.00487227006802,70.97443798496744,70.92359721984694,70.91600396572969,70.96763028740696,71.09639019353024,71.29608721639765,71.59896986792388,72.03433926986405,72.51413157400917,73.02005520323853,73.52188609687705,74.01424059099406,74.47818771700915,74.86884441537978,75.17250661390693,75.41545464629851,75.58682832480763,75.67904669116405,75.7062216303611,75.65407207806061,75.52334006951166,75.3407182436986,75.13719715611866,74.93453794342798,74.8135672419085,74.7548123745624,74.80490058006114,74.88011540267256,75.0820780092446,75.36552214573567,75.66136217358292,75.95228692384883,76.20719314015263,76.40462595080433,76.52497939536113,76.56505220503514,76.52075294635932,76.40676186421805,76.24973349446869,76.0474807101588,75.80943450343977,75.49758748637561,75.15766695960242,74.79672074021136,74.43360007887387,74.08764753267754,73.77686194149848,73.48551640974816,73.27676304922421,73.04246316910488,72.83123564981747,72.64635291551636,72.53198102992454,72.41574577792872,72.32494773004917,72.2656524975242,72.23264843923694,72.22706305487846,72.2377455628901,72.22377876425782,72.16954748517128,72.04413474635699,71.81197935487855,71.47596480997498,71.04341259808538,70.52631372094737,69.95510240799041,69.35554585916955,68.74572914267156,68.13002757832601,67.53982625544964,67.00579621315494,66.57107979918888,66.2646317737225,66.0595647425023,65.98072873479667,66.01864979258777,66.18563075017445,66.4710527416629,66.80083211404862,67.19608177131879,67.61588187541885,68.02407968028974
51.39654391274979,51.499358797583234,51.56540468545423,51.60538668314596,51.622591797860004,51.62238386314345,51.6066806943058,51.60914483974671,51.54048126457885,51.475995049264235,51.396608815708575,51.301999130770156,51.20725474703082,51.118775159678925,51.03995886952,50.957361269636216,50.89130743221579,50.83719249971064,50.80453006724211,50.77797376865799,50.80181995558785,50.800033934527704,50.81645895404358,50.84983178174507,50.89729422103561,50.98348917689959,51.07105410997918,51.17631931169953,51.31261169106328,51.454505306554665,51.61058627084163,51.77260478673996,51.93705626013287,52.10021574671647,52.26901954284021,52.44243088215521,52.60265785656753,52.75070061496945,52.90021969803317,53.03453645586674,53.157356314004964,53.26003131999725,53.32884745418959,53.37312731428287,53.403207662972996,53.421643093836515,53.437616721047924,53.44832559436347,53.41348609831294,53.37140763167009,53.310580139199324,53.2409258663204,53.1435993098927,53.030846419158976,52.91276557035964,52.79479756169539,52.68778602203344,52.607779081345484,52.56872044329072,52.554079751339906,52.61251255316835,52.73981893120562,52.94881574429398,53.205286128263616,53.46623405899736,53.70402439915901,53.88835351091141,54.01681438691239,54.07417258759968,54.03846716882293,54.007403921300444,53.84262120396935,53.6223720502812,53.362655053110444,53.00490232320676,52.7261366469214,52.45780080748438,52.221330761115134,52.01450125819183,51.84359983859724,51.71072057557393,51.62021428657352,51.57691900565669,51.582940802751374,51.63142152599289,51.72564059055136,51.8552651890107,52.042336405710415,52.266364143072956,52.51035622298715,52.772944831898904,53.049098511728914,53.35975587578724,53.70359073639105,54.05846226368051,54.402495878871626,54.731665327652856,55.04498993775811,55.356380514234154,55.68005087973356,56.002723094332964,56.31270918367711,56.61923125052388,56.92568877486082,57.21699724758654,57.48536085567624,57.74806480316769,57.972437376829305,58.213749242876084,58.445589037398726,58.67009318551318,58.88349772198212,59.08901134798911,59.28278424049268,59.46787922170041,59.608431440530815,59.77638934729849,59.942605544361854,60.11151894128082,60.289399151813605,60.4824706391095,60.70861757586212,60.90624041849873,61.10171488991053,61.297396815832165,61.503388506446825,61.72176418210466,61.99844434396617,62.26205141951329,62.56109265396723,62.88241223317821,63.21041787603065,63.542949170936964,63.868647120009214,64.17321281880089,64.47362105917176,64.76658380564126,65.0773627014628,65.35976382499771,65.64167442835196,65.91836579909626,66.20234393915472,66.45889650433534,66.70252534963475,66.93868078350205,67.15152642151473,67.36558529675283,67.48614598568751,67.66773181698677,67.76317177948873,67.9774727185872,68.12872875911943,68.31582535855604,68.57911280021784,68.94888409463482,69.40847406844343,69.93336909930882,70.47089704357367,71.07136296163617,71.65018979357977,72.24178216049852,72.85517340464912,73.41252919611716,73.90705565850563,74.3317406279225,74.67961470914335,74.96565733368953,75.1866402189961,75.34497113250862,75.4456226715766,75.47648882925098,75.48450330001285,75.41269995359148,75.24669688459167,75.0993806162117,74.98016627950199,74.78275687183326,74.66475986455494,74.61213126562188,74.64822197617622,74.77488054467717,75.0096685505299,75.33320487480806,75.70039807122,76.06695566786932,76.39957832113798,76.66621743015867,76.84824481251557,76.92957186889133,76.92047432873012,76.84657826248363,76.71035648548134,76.5331946494085,76.3126195947211,76.05548670355499,75.77873206218534,75.49875924803622,75.22712738907559,74.97650134415287,74.76201715634677,74.62943927774437,74.48128832701094,74.37145690644023,74.3531782005785,74.33902219635155,74.36280945797351,74.40278185374896,74.46439946685457,74.5423116610698,74.60548567769943,74.64516220553136,74.64497558117488,74.57480717384868,74.42951669264546,74.21824878107336,73.96159323644947,73.58599082016762,73.17930086005984,72.74460840177625,72.29142121661783,71.83114699096913,71.42984252485836,71.09282364001659,70.82191319010403,70.6108754387381,70.50170053501245,70.42138957072193,70.46686284483893,70.61574857377025,70.84247815079173,71.11679039341297,71.41835958788626,71.717902067362,71.9936295461336,72.2104840193458,72.35835888038078,72.41927453468783,72.40919369673608,72.32958592614673,72.18410691309164,72.01048130994468,71.83439057346736,71.68053508740343,71.60146829281865,71.63389250455555,71.77122298694437,72.00870681118383,72.3461120821924,72.73873878307357,73.1375302071882,73.50651428508654,73.79969942182414,73.98396004572452,74.04791239420656,74.01170681317275,73.87400843397376,73.67132941454628,73.42234442527887,73.14299531463683,72.83796834822066,72.52420707906396,72.23100109007832,71.97185486853462,71.79921701472405,71.60314857470416,71.44556569107455,71.33059293344093,71.30272433311401,71.28872002117642,71.29098303613493,71.30948110520434,71.33478766842286,71.35232985849447,71.35502901992601,71.30648572996384,71.22478400573725,71.09593556092382,70.92568710519458,70.74971416884446,70.48481403171967,70.2284826846996,69.9511170599437,69.65949464216742,69.37500127173952,69.1071991595672,68.86056463119945,68.69467253276632,68.48953844052897,68.33191981435031,68.27574076836753,68.27799195012824,68.32649184428038,68.3942243423675,68.4446131062128,68.40469223457193,68.25369835879278,68.00682302846421,67.67312981650035,67.32314521448482,66.88533853654778,66.47166197412592,66.04269636332538,65.62738428599155,65.24414169453352,64.89940729103145,64.59470330502,64.33538861453786,64.13705025245771,64.01232377095332,63.96025876461971,63.972427895994635,64.04938976050197,64.1786912667427,64.3590964737689,64.57842292156387,64.83470209185448,65.12726044215478,65.41346842995894,65.70241733395065,65.98004340118673,66.254147747725,66.49376521111525,66.70056274195973,66.88028650938068,67.02523174420917,67.13700042031194,67.24342483031764,67.26894260255341,67.32134995941358,67.35552644218797,67.38534360988206,67.4185272305971,67.46350220118974,67.52585062214843,67.59731266675693,67.72708444699678,67.82379004818766,67.93867146023831,68.10631793502803,68.2830779678562,68.47833204244353,68.69147490897598,68.91693397010175,69.14957667753268,69.3826910793074,69.61030725434634,69.82767800146132,70.03883095689908,70.22672872038888,70.3963962334495,70.54619452417045,70.66973005215935,70.77865894012943,70.89810611772128,70.96942918177834,71.01647403389488,71.03754449983757,71.00879483794795,70.98114706968697,70.94474747172856,70.9461256385749,71.01271693988379,71.16006731079027,71.37947951596709,71.69954314868326,72.15230586947423,72.64146766132085,73.1503585003165,73.6488308886725,74.13188282709643,74.58042141909746,74.95250251864213,75.23738748635543,75.45981746100556,75.60491869436323,75.67613607963969,75.6852972587885,75.61684105356525,75.47370701984153,75.28490919680311,75.08131817133352,74.89373608961627,74.78442575654107,74.74178997883388,74.8163755095533,74.90385281741622,75.1288539711307,75.41569051512158,75.7125199546037,75.99679574723648,76.23878553444992,76.41875563509396,76.51997925348547,76.54130607682677,76.47834314382332,76.34746160860334,76.17647305690492,75.96201032959688,75.71515556086091,75.39447653303014,75.05019392717705,74.68764152597493,74.32544623514835,73.98299622659361,73.67779884817911,73.39390225053661,73.20081568700176,72.97338091940247,72.7691175615486,72.5910736002718,72.49078596410149,72.38296438311205,72.29759835090661,72.24131830123929,72.20888386112988,72.200854515447,72.20564170579041,72.18146584665708,72.11321839149255,71.96776809900321,71.72202622995435,71.37071151738235,70.92526385762419,70.3989515116826,69.82289962064372,69.22242815768182,68.6160960826193,68.00533838535901,67.42516561703489,66.90641898272837,66.49324618988108,66.2139799282707,66.03740335605254,65.98561265219702,66.0472094849656,66.23254517631585,66.53659852763701,66.87849622479504,67.28218701920521,67.70557955755025,68.11330870522772
51.42566484292548,51.52227617274783,51.57695674924832,51.606365238501745,51.60608831745777,51.59770907625923,51.575474136064265,51.58063634628375,51.50902660660901,51.441566103721705,51.36000953420944,51.264243133647035,51.170010126434875,51.08398323157986,51.00924235483031,50.93214232485581,50.87262840912628,50.825660796674605,50.800642360075656,50.781965222841094,50.81927230188184,50.824298279810826,50.847371226828834,50.88700904414604,50.94049586733496,51.03504468723885,51.12928191543907,51.246475514005446,51.382430717986075,51.52828779418917,51.686926574245156,51.85025986772807,52.015124237820416,52.177915698022346,52.344815093683806,52.51427368451426,52.669863089124085,52.812593471419795,52.955513207305366,53.08217377446863,53.19700388947264,53.29031269396556,53.350489143494144,53.385646531673686,53.40656785038798,53.408802142126135,53.415766534447336,53.42635307436474,53.37576385484221,53.32673813835666,53.26005344012244,53.18677893758624,53.08719423988293,52.97489732672509,52.85998602813849,52.75591339470148,52.65566122209129,52.585314258498485,52.559243774982825,52.562783948981874,52.63128075939254,52.77187080315007,52.99165868105409,53.2532844348181,53.5124477757292,53.74282616230275,53.91591711434618,54.030091344191,54.069388076632634,54.013576618123444,53.96034040044019,53.783999794808075,53.55606334139654,53.29282198753748,52.93969276926598,52.663505622556464,52.40149445006982,52.17385002175869,51.977273412192716,51.81826547211934,51.699005146281905,51.623608440147635,51.596488439221,51.61887960820603,51.6823280701024,51.79063970470242,51.933034228523255,52.13237397578614,52.36768184697279,52.62175341733132,52.89346313533169,53.177312777354366,53.4941936105563,53.84301878891912,54.20142676537548,54.547473560819824,54.87849645729778,55.192821965677034,55.504088605512564,55.826575991181244,56.14724226871885,56.454696506047235,56.75842212178532,57.06207344263808,57.350312810734636,57.61558994058501,57.87524480437413,58.094513907303636,58.33369242805301,58.56371551927818,58.786888517227354,58.99868846027554,59.203963493281286,59.39763575634913,59.5832771586749,59.72072906412285,59.88964597833739,60.05766104174345,60.229124186756984,60.410250093654774,60.607281470963464,60.841396468854995,61.04234618011684,61.24050958189792,61.43934540022026,61.6487025105907,61.87059939606929,62.15563929002281,62.42281374465372,62.724879389669745,63.04840423383145,63.37754332233269,63.710105044974746,64.03547875500233,64.33954289008138,64.63959679871603,64.93133794623046,65.24039694638961,65.52102464312317,65.80067421187579,66.07409642111335,66.3544393890868,66.60688730416095,66.84577498400101,67.07627759182688,67.28327290011313,67.49077559774828,67.60158870643586,67.78473389584624,67.8726133969631,68.09505903535661,68.25261878241147,68.44731507550287,68.72020899602464,69.10043404441701,69.56933979371723,70.10059720405472,70.64145660654252,71.24173183391129,71.81697689688916,72.40129271073519,73.00315384020331,73.54629505469285,74.02493193106153,74.43646167156548,74.7653451080442,75.0317933800004,75.23483420092641,75.37545588688354,75.45878827186067,75.47364712526617,75.46653275030746,75.3844359570323,75.20235096940223,75.05055402590357,74.94133296954818,74.75211038818657,74.64692953460668,74.6110354495001,74.66681594989858,74.81311834723812,75.06539719715236,75.39831902783527,75.76672741793294,76.12712150094218,76.44583039224955,76.69397331363726,76.85567305889093,76.9164447322189,76.8883595624172,76.79796017664707,76.64832427740787,76.46028904106377,76.2315720193355,75.96930605800196,75.69053894179206,75.4119042836554,75.14509199328799,74.90219814945078,74.69760893892327,74.58029110705107,74.44083485836067,74.33895375956988,74.33426074483371,74.32852786761214,74.35794046811102,74.3997550386353,74.45958591338109,74.53243225795056,74.58648381057782,74.61386531269007,74.60016282735728,74.51482567333078,74.35399000061807,74.12874274687208,73.86014584494953,73.46716612194261,73.05323956987914,72.61648006281085,72.1728024794556,71.71912058566079,71.32894419228668,71.00723074820966,70.75545831218129,70.56623827392241,70.48359417762317,70.42171854734931,70.48562990045376,70.64783282483101,70.88422410799926,71.16445371974064,71.46685441286297,71.76147279118723,72.02756428739258,72.23154033843603,72.36472197257892,72.40304962871443,72.3785323566876,72.28781946393342,72.13542901828842,71.96793959801317,71.79759897063214,71.65530517970029,71.59242511343375,71.64478392014829,71.80372749680345,72.05913521680849,72.4081147068924,72.80386876280821,73.19671688951686,73.55011415617045,73.82148831316161,73.98223594600829,74.02357349626597,73.96669055162677,73.81217750162386,73.59686319940762,73.33929044982156,73.05476299252956,72.74788826296377,72.43610031211686,72.14860251060477,71.89776575125374,71.74061207440747,71.5527100321931,71.40268869253191,71.29436898805898,71.2778316985515,71.26922983020752,71.2739101918887,71.29191991294005,71.31391493863903,71.32539692971126,71.31934489047435,71.25999373728737,71.16647542307402,71.02620325009806,70.84594168040918,70.6641788592188,70.39065815898148,70.13044549868135,69.8516933206634,69.56160358779806,69.28136555231613,69.0200030186265,68.78171466641702,68.63228212563787,68.43671566824547,68.2879459098945,68.24502328436911,68.25838126921506,68.31275263518583,68.37809501620787,68.41757182280216,68.36021310153191,68.1889462396485,67.92275764629737,67.56528777060629,67.20709273845377,66.76303237096091,66.34854815154662,65.93004497798132,65.52142218896721,65.14796125800787,64.81598550434813,64.52662220068791,64.28481960255161,64.10546020879544,63.9998071123792,63.965524129307866,63.99354716938795,64.08438188067296,64.22545603914841,64.41571725179304,64.64295994137046,64.90521432789143,65.2015028775261,65.48872627511722,65.77601718795619,66.0496628747566,66.31779010501666,66.54990854330131,66.74868697982899,66.9205028601671,67.05797753120619,67.16384955132776,67.2668610634681,67.28508819527083,67.3346225252921,67.36793797224142,67.39897333945177,67.43527874866636,67.48500825076434,67.55336421026364,67.631755791076,67.77278581967515,67.87501206023177,67.99520834472305,68.17177164633266,68.35527720981638,68.55605969036253,68.77309665254693,69.00077461040001,69.23405658315092,69.46633199841447,69.69174946726166,69.90568631653632,70.11227878052924,70.29457300148906,70.45774000508894,70.60031860665455,70.71638471565244,70.80982050347922,70.92210457702073,70.9861407323281,71.0277274588013,71.04583656444858,71.01622534283239,70.99244268011185,70.97057275443811,70.98148912819822,71.06284212982942,71.2280359827913,71.466170840143,71.80221284523653,72.27013565708722,72.76671477610273,73.27664390628213,73.77016816239795,74.242487492852,74.67463757380278,75.02781396804677,75.29406113319041,75.49655338667789,75.61707498918744,75.6687705860845,75.6612400244387,75.5782352219281,75.42460556682755,75.23143624964926,75.02927301258501,74.85685159782427,74.75939892507007,74.73247261489698,74.82982507439804,74.92908498866959,75.17461788523846,75.46326025178838,75.75926976247942,76.03531500882325,76.26339918124847,76.42558626462842,76.50792087638364,76.51107933101058,76.43034373296442,76.2835865999323,76.09958863989672,75.87391715158564,75.61896033454231,75.29081018504722,74.94319600541452,74.58001163948138,74.21955725673557,73.88114545859509,73.58173877713855,73.30527477384827,73.12653689113247,72.90602908013683,72.70867172136634,72.53729255524314,72.44966201621757,72.34932977504647,72.26849173262188,72.21439607832193,72.18167218807318,72.17037419375386,72.16844089262364,72.13370873794304,72.0515153488517,71.88683991237338,71.62775031558205,71.26185681878228,70.80429050756372,70.26969777688035,69.68991020123116,69.08975597106433,68.488127536902,67.88372490589555,67.31472389256024,66.8120701471853,66.42075344561937,66.16841365411507,66.01998059399418,65.99464206287725,66.07929680231433,66.2823305289935,66.60349905728354,66.95640654702869,67.36736132865744,67.79340946854757,68.19979196058931
51.4501586295973,51.54040013250508,51.584572582092235,51.60421557686637,51.58824277819954,51.57247825861937,51.54446640865868,51.55139733545419,51.47805757974453,51.408358359908384,51.32536283377639,51.22916683699567,51.13604093727632,51.052887582748255,50.98247969831777,50.91120337025116,50.85829242348967,50.818422236491664,50.80072705513652,50.78974108183568,50.8394369385414,50.851205911679905,50.8807925271974,50.926509372004375,50.9858047668801,51.08783422264396,51.18809092152422,51.31590432529683,51.45131057215602,51.60037951148848,51.76083423748019,51.924813388517926,52.089412937124486,52.251174791437215,52.41560564915983,52.58073417768685,52.73145350222257,52.86876228942268,53.00489843379903,53.12399508752321,53.23096308535285,53.31524321745219,53.36720693175824,53.39388198805688,53.40634230566232,53.39408099794684,53.392759643435895,53.40274034325272,53.338520961745886,53.283488576331095,53.211946678157,53.135774083821524,53.03489960276959,52.92389866914386,52.81281220893309,52.72211769344125,52.629124563640254,52.568491302877185,52.55484413695983,52.575551290793115,52.6532931926314,52.805601813370686,53.034085923796724,53.29862659547159,53.55402587916289,53.7754380752352,53.936570292424115,54.036411726194686,54.05840238296079,53.98401108773039,53.90790649511937,53.721320266082195,53.48718164686954,53.22201696634712,52.87709040922729,52.60463186186879,52.34983587945292,52.131549914661356,51.94568907790709,51.798852903090044,51.693303343418656,51.63293181119069,51.62174512743423,51.660143963096765,51.73816704383227,51.86016459495401,52.01503201183643,52.22609298577241,52.47209471704663,52.73564878233788,53.01571153686754,53.30669288208744,53.62926085165983,53.98245103181325,54.343919869609664,54.69159903854752,55.02413528709465,55.33917665479734,55.650108662422014,55.97121601533111,56.2897495508395,56.5946800162127,56.895599635955975,57.196506372736984,57.48179185628328,57.74429066390731,58.00104663840119,58.21591438770985,58.45299868128178,58.681265005973536,58.90319265723563,59.11348729523693,59.31866324367108,59.512385321087315,59.69873754333364,59.83411945368597,60.004283104216675,60.17431135544019,60.34846485676237,60.53290176650051,60.73387548963334,60.975334541695204,61.17972736718,61.38066629753117,61.582706674296254,61.79540223330353,62.02070939228807,62.31296222454964,62.583451772088026,62.888176079362275,63.21350896417407,63.543429106229375,63.87569376447576,64.20051174019721,64.50384280302637,64.8030965941389,65.09359794118748,65.40060724716034,65.67920746514935,65.9563425600036,66.22645184278491,66.50276020949866,66.75097246817582,66.98537063726478,67.21059711915132,67.4123893258576,67.6136022917775,67.71729736139227,67.90163929402253,67.98495726222514,68.21465477128058,68.37993961383675,68.58238710200546,68.86462939011388,69.25470704679385,69.73211709573708,70.26851151917778,70.81182149446975,71.41014856797399,71.9803420072904,72.55585436976371,73.14479648318348,73.67288182695505,74.13484071576255,74.53216936993108,74.84225781344401,75.08959233476757,75.27531776042255,75.39912668558179,75.46615873569962,75.46633984551548,75.44475752429891,75.35373533898866,75.15932128692516,75.00458741205712,74.90454066045571,74.72540036085614,74.63347413362412,74.61402973565009,74.6884653827183,74.85290712264289,75.12061051329503,75.46085637489536,75.82855840830507,76.18124051990323,76.48511247216058,76.71443628251261,76.85599544762145,76.89688534964316,76.85083287582925,76.74497614671552,76.5831981785489,76.38548412343256,76.14980418028627,75.88359774109304,75.60389248222556,75.32740621532517,75.06587824607136,74.83087475564427,74.63604333235722,74.53274541890056,74.40196491175385,74.30787017670929,74.31510195257425,74.3167341379073,74.35051510571304,74.39317706968073,74.45028305741243,74.51714988544329,74.56169380325676,74.57673155757776,74.54978279151678,74.44989905266203,74.27440695029817,74.03631773381365,73.75680147681518,73.34871262263972,72.92892462942031,72.49141071708861,72.05750775997157,71.61160141539088,71.23327112193118,70.9271043448053,70.69418289840995,70.52623677121467,70.46862510672203,70.42480321310578,70.50604930988845,70.68037984008541,70.92502867722855,71.20973983988002,71.51163944408906,71.80037722383396,72.05627753277221,72.24750449658714,72.36656223611416,72.38445856506442,72.34688451252109,72.24639398305943,72.08868964835321,71.92784043432582,71.76431482941305,71.63437556965768,71.58767610905544,71.65904359576245,71.83806059848865,72.10952237553578,72.46787168012483,72.86452472555729,73.2496589289277,73.5865064291,73.83594654140899,73.97369604505333,73.99341659027264,73.91701561184837,73.74719288423077,73.52054203742605,73.25556409431091,72.9669712857233,72.65931776555206,72.35034921485918,72.06901630614121,71.82656740071934,71.6835226712766,71.50382769570719,71.36123009417608,71.25923085438167,71.25241337246251,71.24805862218457,71.2542410807109,71.27094996022139,71.28896929566767,71.29397751445481,71.27892070379556,71.20922361514991,71.10447947728616,70.95366900413535,70.76437910127206,70.57723150135524,70.29676402948076,70.033604069231,69.75429366687159,69.46640255752338,69.19087436054167,68.93620099689551,68.70629192756932,68.57181177878063,68.38585962615878,68.24579770115959,68.2147225687467,68.23750059248542,68.29592560263968,68.35722545318319,68.38464140484426,68.30993064472378,68.11939419591202,67.83538198245388,67.45688831712806,67.09089954821059,66.64277315668035,66.22860894443647,65.82065697488272,65.4195343421024,65.0564573353673,64.73757228001965,64.4636119388241,64.23917866155145,64.07846701537318,63.99138592653995,63.97430779159913,64.01762500075908,64.12163853902476,64.27376112009084,64.47301333331784,64.707325746978,64.97468569881482,65.27361865626163,65.56122861303501,65.8462548918149,66.11556906184951,66.37745797336824,66.60232846336987,66.79359696841283,66.95804079674801,67.08864563239584,67.18930220944473,67.28917812493182,67.3016864357043,67.3489729296442,67.38211133972014,67.41489062693549,67.45466934721712,67.50930303308067,67.58361357066929,67.66890139137828,67.82006442448275,67.92780019843173,68.05322642262405,68.23773896551735,68.42723100102982,68.63278209354746,68.85296192691703,69.08214364756222,69.3153829634717,69.54621631697026,69.76896506605759,69.97916715348877,70.18090932380007,70.35764976133858,70.51453058689557,70.65025826879189,70.75950025028018,70.83913221609703,70.94432359568232,71.00206386875892,71.03929323429495,71.05563775815,71.027080091142,71.0082482675601,71.00104549802592,71.02220208799866,71.11812600244413,71.30027774306478,71.55598923138056,71.9067033728684,72.38737525384511,72.88933137678377,73.39832270932816,73.88536693589637,74.34575009559488,74.76087316493788,75.09501136144556,75.34281845716784,75.52596533102626,75.62354875897984,75.6571556441425,75.63422014915577,75.53835880499089,75.37605922100906,75.18023726617669,74.98094214409517,74.8238036064091,74.73852675587646,74.72691083528895,74.84504936141455,74.95559285388062,75.21877376073776,75.50773869407617,75.80112572451671,76.06756406191808,76.28105862348903,76.4253126083854,76.48905218665168,76.47462750491427,76.37699554608517,76.21535220756296,76.01926964111063,75.78335896990738,75.52098867464518,75.18667068128497,74.83671402209286,74.47383794507952,74.11592372524667,73.78209643722582,73.48872781497569,73.21968712945126,73.05384266394722,72.8403034461594,72.64977964375507,72.48488288348955,72.40830820306223,72.31447854674856,72.23724956914974,72.18451446484906,72.15069997893426,72.13542365569688,72.12609427769813,72.08060708941751,71.98463321621303,71.80156870321554,71.52939094686529,71.1496396924303,70.68072598400965,70.13876526564162,69.556310111391,68.95766453190252,68.36193265229267,67.7653263318398,67.2086878484972,66.72295492940181,66.35376080163458,66.12798889487149,66.00726906960787,66.0077186632292,66.11477321414102,66.33485007519224,66.67149998940423,67.03425977363437,67.45126631657453,67.87905534873966,68.28325863832896
51.47022921281622,51.55396141563356,51.58845289195509,51.59911305063109,51.56916103639471,51.54676983367213,51.513706888858195,51.521547947681256,51.44761580953978,51.37638063692351,51.292643383716964,51.19670931336088,51.1052548090986,51.02537043638133,50.95953510684554,50.894385603871335,50.848141822283175,50.815335722734055,50.804669102283505,50.80119011444638,50.86215873697331,50.8805890881743,50.916545912744475,50.968149965074275,51.03303300351102,51.14163303617085,51.247228737461704,51.38421729706904,51.518972199542475,51.67051597642552,51.83207714027997,51.99607936272996,52.159792709456354,52.3199295677595,52.481412444447685,52.64192110769349,52.78759537108336,52.91940548136646,53.04860617114109,53.160240499555805,53.25948209193802,53.33507014048806,53.379240589241384,53.39805343589989,53.40272817524949,53.37760581506756,53.368700144848034,53.377629534452026,53.30180168895606,53.24166459649097,53.16622104551245,53.08784438608853,52.98659940476187,52.877688011317176,52.771040566870816,52.69321442316056,52.60795198126314,52.55711300173872,52.55539099386494,52.59219153188627,52.67836150025616,52.84070201789799,53.07568590620831,53.340933593293805,53.5908339988483,53.802036802490875,53.95064970657344,54.03616084030544,54.04159945038127,53.950113699358816,53.85074535421914,53.655193199696654,53.41627202483907,53.15068659850864,52.817165677218625,52.549533356160914,52.302800963854466,52.09438968110994,51.9197012465071,51.78532790433075,51.69360406959895,51.64818947616818,51.65268917795206,51.706704515030474,51.79887190241377,51.934116681727986,52.101143332845,52.323356669108364,52.57944508483436,52.85186264190113,53.13947839591445,53.43701930288433,53.76475388912717,54.121694274077505,54.48577549043382,54.834763150261594,55.16851415554137,55.48401776856991,55.79443782494311,56.114007772273226,56.430313156948166,56.73274203514549,57.030857092913465,57.329085784724036,57.61153375151614,57.87154821748488,58.12555419851509,58.3366899412909,58.57172296079838,58.798294629731934,59.01906277505391,59.22795381269209,59.4331646158856,59.62708096102523,59.814299348254465,59.948586544518946,60.1202669004904,60.29250740251587,60.4694796707562,60.65728445451886,60.86217880601022,61.11037138755534,61.31830911566007,61.52210062084423,61.727385700603385,61.9433855097514,62.17198827805596,62.47027311387921,62.74382538239479,63.0508502873865,63.37761182672286,63.70798895301163,64.03966870576129,64.36373447374704,64.66612504137397,64.96416406497913,65.25340888926897,65.55806216270157,65.83439690397508,66.10878203338059,66.37553813314913,66.64744894168558,66.89131233823606,67.12146536989304,67.34178479546881,67.53899797769154,67.7342093114158,67.83325526200352,68.01847595299282,68.1000324914038,68.33614565351226,68.5104388120474,68.7207803953096,69.0121624333689,69.41151859372759,69.89660537429677,70.43688208741489,70.98174141680771,71.57639409434947,72.14013815452527,72.70542887670145,73.28017358922348,73.792426746358,74.23699490876734,74.61916881274476,74.91068030447126,75.13939051208277,75.30842291181185,75.4162956702456,75.46802294015758,75.4548095708242,75.4194401978626,75.32080458695701,75.11759810085826,74.9613952670646,74.86976414540266,74.70244762769875,74.62417280848649,74.62091657605069,74.71299709465667,74.89402783721233,75.17501688365917,75.52057745998275,75.88581286655635,76.22939213876428,76.51762251866609,76.72786083093672,76.84949392150169,76.87117655852603,76.80815453669508,76.6878612755928,76.51516420149264,76.30891989529096,76.06740677770846,75.79839541630696,75.51876988306458,75.24519505482013,74.98938246566125,74.76240828942011,74.57719629737889,74.48670701308052,74.36456103580413,74.2780753099466,74.29552749562286,74.30345713285828,74.34039446009896,74.38301301397013,74.43657496499695,74.4966542156568,74.53136182876203,74.53403517512788,74.49411936657481,74.38030438541514,74.1910251553066,73.94119375928697,73.65175255809353,73.23073581177616,72.80641298390304,72.36940268839004,71.94552720308796,71.50851578080366,71.14272120872289,70.85237003748556,70.63806390657211,70.49084783348077,70.45665662352965,70.43048210049028,70.52791182219521,70.71318868155949,70.96472003808402,71.25253326276034,71.55271067681313,71.83473239269803,72.07996849825486,72.25859559148049,72.36409387014568,72.3636274611437,72.31432761068741,72.20534234249884,72.04384926504619,71.8901115728312,71.73439658114958,71.61753941512222,71.58701676656837,71.6765027150076,71.87400407511471,72.1595736719477,72.52508612124907,72.92054582234867,73.29641365422954,73.61590404795687,73.84333980749236,73.95861909018036,73.95770470229685,73.8629214087097,73.67923656840192,73.44249939710859,73.17125000030424,72.87965331716451,72.57223365930075,72.2668794605413,71.99213256935337,71.75813587511317,71.62787227036023,71.45640241681265,71.32107843544331,71.22506637738087,71.22636100437181,71.22513981095615,71.23197072880782,71.24663578970495,71.26007907527975,71.25824795743364,71.2339737271319,71.15438409633737,71.03899533042454,70.8785032178586,70.68113389103263,70.48900089057081,70.20317876010573,69.93796250135568,69.65888078322104,69.37381646013583,69.10342117665587,68.85566580148195,68.63416664323975,68.51317231729949,68.33685203445573,68.20533871456676,68.18464120192367,68.21510120800886,68.27580249468001,68.33162644741445,68.34605980768698,68.25414812837101,68.04533538325265,67.74495092903706,67.3480821230056,66.97474532865819,66.52462631591138,66.1118646389491,65.71454904884733,65.32169765798422,64.96958130396916,64.66413479648733,64.40568325245539,64.1984777553053,64.05604431376327,63.986986456355034,63.986493500621094,64.04451454126678,64.16098947195897,64.32342851999175,64.53081436688616,64.77137552436879,65.0430110664254,65.34356659601075,65.63099479104078,65.91321672444771,66.17789939971924,66.43333208779805,66.65120730821651,66.83545841861778,66.9930512529693,67.11736989459469,67.21346497717536,67.31047817553168,67.31876029200379,67.36439944356643,67.39800860900377,67.43302597897544,67.47660370744602,67.53627487199573,67.61648382331421,67.70862666164872,67.86882732219173,67.98204781857692,68.11260951079826,68.30409296282613,68.49879850364904,68.70834958073019,68.93093206541202,69.16093907975433,69.39351420934257,69.62237570271468,69.84205498785794,70.04827516194399,70.24492503413352,70.41618005673195,70.56699364490333,70.6962335711017,70.79927231323066,70.86672039964346,70.96492015350563,71.01731593835561,71.05123764569886,71.06695117349898,71.04123811667486,71.02837350884904,71.0359390502289,71.06800513125873,71.1783788121427,71.37663650180912,71.64872708205989,72.01273914686361,72.50365457958372,73.0089782597599,73.5151750741804,73.99439310676519,74.44181410587105,74.83936406201285,75.15437174310289,75.3839592699287,75.54835644153643,75.62459155343998,75.64149668745763,75.60440785478364,75.49731602459555,75.32809149292531,75.13124815948899,74.93617658945809,74.79440324673966,74.72158453457168,74.72491220059261,74.86184845742201,74.98315735049734,75.26100681455068,75.54891124262201,75.83802372132591,76.0936611310849,76.29196777669387,76.41817810922271,76.46363299010716,76.4322092829614,76.31853989581407,76.14297386729535,75.93570551105174,75.69049361167163,75.42138043133087,75.08213851696027,74.73078108841098,74.36910262222172,74.01447948273182,73.68574450741231,73.39864269572978,73.13701124167147,72.98264900777696,72.7760998123217,72.59232284319907,72.43371768807013,72.36654479544217,72.27824166055842,72.2037715262242,72.15163514699147,72.11601644264685,72.09612949743169,72.07879665266958,72.02238677908062,71.9128110312112,71.71218019710204,71.42719128212319,71.03430248922157,70.55481026582571,70.00637992241639,69.42229676133564,68.82631073839777,68.23762057556426,67.65019784976339,67.10709053576957,66.63912728440042,66.29233841403597,66.09272803011146,65.99922540582384,66.02473805201667,66.15350060538172,66.38996708189686,66.74043225814228,67.11190650587719,67.53380208109316,67.96249796348232,68.36377143815567
51.48608053263328,51.56319076091189,51.58879838680593,51.59123301218711,51.548948948352596,51.52066222486573,51.483244953431985,51.49120832338821,51.41774292154917,51.345641753866346,51.261825853338664,51.16680963528748,51.07755937144514,51.00131401567625,50.94027110671223,50.88152074866682,50.841992413915186,50.81620545362008,50.81227973244274,50.816119093382554,50.88728256858439,50.91228006733334,50.95445444106526,51.011748023109966,51.08199266106773,51.19628621262788,51.30656132554203,51.45133022513052,51.585343783351696,51.7386625380041,51.90066064058565,52.06409946957699,52.226343559990866,52.38429760411363,52.5423849546155,52.69800727770625,52.838479415842684,52.96472736260714,53.086867544646395,53.191150115091766,53.282809099520506,53.350040713104065,53.38682988620302,53.398380627670164,53.39592260560289,53.359502747257196,53.34369213551813,53.35116278138736,53.26565030640484,53.201271849733864,53.12283773439829,53.04292292544952,52.942177652068864,52.836102918146885,52.73446755607918,52.66900658347175,52.591900835608755,52.55090863187351,52.560616478953115,52.61245823527483,52.70626413930886,52.87697555089224,53.11633474062816,53.38023261510909,53.62305186026013,53.82290774427631,53.95850449194211,54.02972399390528,54.01936322269116,53.91222757472373,53.78950012662076,53.58622917755642,53.34387953344392,53.07927749299133,52.75998900736792,52.4982280851972,52.26036281443993,52.06231339260901,51.899221881175784,51.77757557062881,51.69977314814843,51.66923839475865,51.689177760210725,51.75842119495966,51.864301168768215,52.0123531412907,52.19121794029081,52.42402367835495,52.68960294035997,52.97027751742933,53.264671537229034,53.568218874532405,53.90062347667219,54.260729204334886,54.6269976046638,54.97699083472635,55.311674424204405,55.627400142975794,55.93714084037854,56.2550283601805,56.56902086225503,56.86897329524021,57.16429183699307,57.45991183265201,57.739638555359946,57.99744787838355,58.24885137821968,58.4568916912897,58.68992022483879,58.9148615228006,59.13455604019805,59.34214759846674,59.54752162665196,59.74177070248085,59.930001546015134,60.06411427191815,60.237563527533084,60.41219989299827,60.59210632547293,60.78332546939556,60.99211151222027,61.246446599608014,61.45801656152905,61.664728135871144,61.87328754168495,62.09255017510046,62.32433016066796,62.627519887003,62.90388487732407,63.212864602951065,63.5406916656695,63.87121634622055,64.20203804918619,64.52516294560547,64.82641475377544,65.12285217104382,65.41081799181785,65.71283077160501,65.98667792215441,66.25809535086599,66.52146136124425,66.78864812694277,67.02806725619786,67.2542122423528,67.46998605077279,67.6632211345583,67.85274058923856,67.94944571971637,68.13527181423416,68.21766820062807,68.45941740920478,68.64386370740469,68.86220217519845,69.16248861885191,69.57054170586198,70.06248046480799,70.6054197447696,71.15093067967646,71.74027813368572,72.29625175091243,72.8499953300941,73.40935878724538,73.90506704635597,74.33160740623462,74.69776508973196,74.97094006025449,75.18152422603748,75.33448166942163,75.42727498251709,75.4646697622987,75.43929888201755,75.39084334687394,75.28585018843383,75.07717167489939,74.92089208331832,74.83697821756721,74.68307293998315,74.61878841753096,74.6314305129818,74.74015531564139,74.93626145726721,75.22846650444747,75.57742536908204,75.93853029445506,76.27170578825356,76.54356296961022,76.73450145306154,76.83645042332604,76.83960119622951,76.76058481274355,76.62685066618269,76.44440835882715,76.230736355415,75.9844705117371,75.71373274712249,75.43514834388772,75.1652008139149,74.91550086069188,74.69667173117567,74.5209281726461,74.4420806893787,74.32850577912504,74.24943831136991,74.27547898873954,74.28867918388737,74.32762413118228,74.36935595416759,74.41860709099873,74.47115521438518,74.4957357452707,74.48605040027388,74.43345644545285,74.30631874516286,74.10410222926411,73.84359084068107,73.54519151483174,73.11334117886898,72.68576157854703,72.25045830049571,71.83685095372697,71.40978873188516,71.05716926858233,70.7828661012221,70.58692715881111,70.45989757648232,70.44755202926673,70.43859808273287,70.5510790364044,70.74615958339206,71.00325657317057,71.29285854621305,71.5901616895189,71.86469100954513,72.09884073744963,72.26503272079744,72.35753107383265,72.34068243435834,72.28093909763733,72.16469740122558,72.0008683301275,71.85468076747802,71.7077026571811,71.60458116368473,71.59019108934163,71.69690897788978,71.91133970979637,72.20912446532593,72.57968705172271,72.97197874548809,73.33712660250212,73.63852792449529,73.8439338123377,73.93728382871002,73.91670085840902,73.80464735708286,73.60849054074478,73.36286874696225,73.0864328093591,72.79284220979967,72.48661274752497,72.18561672241367,71.91784084627471,71.69234025851877,71.57358433668713,71.41033504707569,71.28212225576979,71.19176340202839,71.19963450399783,71.20048973060835,71.2071584572231,71.21908048023822,71.22739017361691,71.21838935583912,71.18472151850304,71.0956839136357,70.97022214454013,70.80087628609078,70.59634057294032,70.39961582218253,70.1099494677446,69.84352490006258,69.56541735436444,69.28377020442788,69.0188993862772,68.7782655285207,68.56518834236974,68.45627456629948,68.28957461332318,68.16643247653715,68.15469238890343,68.19116567186461,68.25246349965232,68.30148030394507,68.30209695353497,68.19316891528015,67.96706295733966,67.65171937815033,67.23901985517877,66.85880976469956,66.40865727085925,65.998335521238,65.61173789469291,65.22788820058689,64.88727172740366,64.59558058394359,64.35272478076894,64.162600828496,64.038071700695,63.98648512128688,64.00195682105472,64.07409012603725,64.20232030777959,64.3743620502177,64.58905655859506,64.8350783835733,65.11019579209818,65.41140976629521,65.698115674339,65.97703001097918,66.23680774209669,66.48559647798747,66.69672745137399,66.87443704135026,67.02568516267694,67.14428416461926,67.2364444370322,67.33086337609053,67.3363327323193,67.38090033815547,67.41559184447205,67.45330990221395,67.50098650641102,67.56581053971716,67.65185254292848,67.75079227943382,67.91898157357424,68.03764827645685,68.17324142610268,68.37075845976999,68.56993597561957,68.78275166285525,69.00703275258986,69.23722364906254,69.46855082874187,69.69494570888293,69.91118457380188,70.11319841356581,70.30454278461417,70.47038887616772,70.61535521885502,70.73846457410316,70.83589656169202,70.8927113757791,70.98405123029025,71.03201428840292,71.06362697833593,71.07977990305261,71.05857845322907,71.05262808079596,71.07502530402749,71.11860340499155,71.24327542548632,71.45680068034335,71.74409297813696,72.12004458250681,72.61878365551361,73.12556278286961,73.62721781316388,74.09734513516383,74.53085420721473,74.91034641067431,75.20617215728316,75.41778338311389,75.56402986569411,75.62045492226741,75.6219991496739,75.57197336316646,75.45521110258379,75.28072589311556,75.0844048426897,74.89482737226793,74.76846164850208,74.70833218098669,74.72621325376845,74.8800224492396,75.01155941596777,75.30122028178265,75.58674606821796,75.87002581054082,76.11375193955695,76.2963308342363,76.40442620999822,76.43192309256769,76.38408334957555,76.25521809477966,76.06666701492955,75.84908570022513,75.59547890398787,75.3202754547606,74.97729418729006,74.62543031556783,74.26578785036041,73.91515837124102,73.5919845055042,73.31135256599427,73.05710128329984,72.91287192495257,72.71331397347522,72.53618283418271,72.38367007204396,72.32431646394362,72.24060687201248,72.16808862178213,72.11582868540364,72.07773183455973,72.05264179874123,72.02674770390463,71.9592737463153,71.83628783148094,71.6189001196052,71.32139447967491,70.91608756005135,70.42678333187558,69.87276769165464,69.28806756127743,68.6958515606765,68.11530045348971,67.53838453471188,67.00991539164323,66.5605194141491,66.2363952330453,66.06253862906944,65.99573730375286,66.04557367628257,66.19534188568424,66.44754481609219,66.81022291520446,67.189319278442,67.61499717346601,68.04380810155376,68.44145151638264
51.49791652909941,51.568318907118666,51.58580977461379,51.58075081392567,51.52771237038254,51.494233855648424,51.45312997914922,51.460498602998264,51.38848054132708,51.31615052983616,51.23288491194903,51.1394068753203,51.05286225385939,50.98060054383021,50.924550224216404,50.87244052758806,50.839660006794084,50.820835627368176,50.823369870854876,50.8343332299267,50.914653304781446,50.94611110719637,50.994341169754925,51.05712074586563,51.13249582339021,51.251644206164016,51.36596499056344,51.517184635404185,51.65036784437256,51.804796361246744,51.966598434844904,52.12892020294339,52.28914762606031,52.44439698760146,52.598672655212646,52.749165490897276,52.884296356636796,53.004932248500715,53.11991367962981,53.216964038656435,53.30119229839271,53.36040218533111,53.390214592902694,53.39508331583513,53.38612274317603,53.3398979482847,53.31783971228068,53.32348221748332,53.23011108402431,53.16231598695733,53.081757937023966,53.00094278296675,52.901518350899764,52.79898095453487,52.7028896306856,52.649297173987115,52.580728487325786,52.54960747007193,52.57025107319012,52.6361003037728,52.73677207187871,52.91426415673558,53.15598496670317,53.41659915402328,53.65086547593731,53.83833630079811,53.96048378367809,54.017486494376165,53.99207764368759,53.87069583554013,53.72481396120539,53.515038781566446,53.270549230822944,53.00823625876444,52.70563083380315,52.45073402874207,52.222494542374754,52.03526512066312,51.88416294509613,51.77548092549212,51.711674370341285,51.695927718394856,51.731052906817894,51.815136261161165,51.934300578128905,52.09472429095735,52.285100651479894,52.527951989824984,52.80244281246796,53.0907869588563,53.39121974123862,53.700239284617716,54.03683504060738,54.39955023186913,54.76760013041574,55.11831021162961,55.453658382509445,55.76937883852295,56.07828246040469,56.39435487722583,56.705960441970284,57.003464528891456,57.29600121253005,57.58908467057367,57.86620632674145,58.12207492366911,58.37102207101885,58.57657076094924,58.807645431638996,59.03102281742671,59.249729622184,59.456128238386675,59.66178829269726,59.85650257177208,60.04588310919344,60.18068657117994,60.35613914571923,60.53333953691524,60.71628251764692,60.910952122816255,61.1235937003897,61.38349977102582,61.598774840758814,61.80846442664591,62.02031726008412,62.24279406451684,62.477629147418995,62.78465387097189,63.06358388702336,63.374184402855526,63.702729076830934,64.03310541294589,64.36281000700622,64.68481314572617,64.98473708888203,65.27921387214,65.56587245017721,65.86498215246233,66.13613548224146,66.40438523131901,66.6643275961085,66.92650030656556,67.16139756391729,67.383764315111,67.59534631505662,67.78518107540123,67.96934005782116,68.06585204597772,68.25205481922367,68.33769350602695,68.5843557655113,68.77996163026992,69.00635966145511,69.31528811638671,69.73144416593578,70.22940985939262,70.77383198532864,71.31910271886026,71.90161049055563,72.44856920877055,72.98953282848746,73.53242570617101,74.0109399604032,74.41889110432311,74.76826329061811,75.02336455992211,75.21632979072342,75.35382604757926,75.43237676403847,75.45638807918715,75.42005035992082,75.35922954720833,75.24907863091559,75.03803227274634,74.88299235321054,74.8061576701275,74.66709704897805,74.61708381909486,74.64530608852067,74.76968242121927,74.97938894912836,75.28082003522245,75.63134734945345,75.9867502062992,76.3083108990992,76.5631362628371,76.7346126430391,76.81714689588911,76.80244210011553,76.70838397170344,76.56217942138902,76.37111666314063,76.15107350258086,75.90108608250728,75.62964339701847,75.35300506427369,75.0873535043841,74.84412963979752,74.6335380613083,74.4670992968165,74.39877124758274,74.29368169033023,74.22182833306732,74.25490175698586,74.27238762375063,74.31225239536813,74.35229906401065,74.39652489028191,74.44086284742244,74.45506341095975,74.4330514679493,74.36807792107237,74.22821920547791,74.01389578579145,73.74372899538488,73.43731077307683,72.9966342134353,72.56702735857196,72.13457987718607,71.73146915681086,71.31534531862157,70.97649011743012,70.71843080425252,70.54059489416414,70.43319978154219,70.44117462515392,70.4489947288007,70.57542042967425,70.77919758684497,71.04059958496433,71.33074133161212,71.62408606101192,71.89040578614095,72.11309780396574,72.26703498221934,72.34708804633415,72.31574960211421,72.24679641982156,72.12449201821374,71.95970730535731,71.82147577221485,71.68409148884702,71.59528526293612,71.59694308074421,71.72000888120118,71.94984928564831,72.2580208814149,72.63161423221068,73.01887183065993,73.37194331082517,73.65459897046952,73.83799425687106,73.90996900796296,73.87066808467948,73.7424328718399,73.53513678786679,73.28178355549404,73.00119716303277,72.70657108657525,72.40243183353988,72.10648667372664,71.84603068293866,71.62904963501964,71.5205823352861,71.3655264380625,71.24425009459175,71.15920977329611,71.17219418156051,71.17412481015693,71.17986358700028,71.18838711066869,71.19104848682088,71.17458280686255,71.13138163592869,71.03333179983076,70.89835908168378,70.72095860365481,70.51013367024457,70.30920509150728,70.0171232692855,69.75029537035883,69.4738660649545,69.19618869919199,68.93720237502411,68.70386827414677,68.49920655390066,68.40102935088557,68.24390908294791,68.1289425134919,68.12479623883496,68.16569155075148,68.22599922009057,68.26696949027854,68.25302276459287,68.12729636825767,67.88487007384236,67.55594222189703,67.12985218058752,66.74327254123767,66.2949314437293,65.88804187745679,65.5122402072372,65.13808203388459,64.80946716926107,64.53181717137576,64.30462116530066,64.13141841167104,64.0244145797759,63.98975013856156,64.02057194404487,64.10622936304536,64.24552353038347,64.42647232123508,64.64768123939552,64.898406082118,65.17624614249733,65.4772113401769,65.76268212813413,66.03782207653383,66.2924479427128,66.53443517361785,66.73907126637502,66.91069854751672,67.05609345971688,67.16952228928616,67.25834717152766,67.35043588743123,67.35442672480075,67.39847388450795,67.4348231105046,67.47567290329329,67.52772242117007,67.59779680845267,67.68959730424216,67.79525892228,67.97043423940248,68.09449492786099,68.2350059853942,68.43766079609382,68.64060126396049,68.85598062216906,69.08129243720695,69.31106160709001,69.54059363104072,69.76406188872046,69.97651916502856,70.17412498001812,70.35997944832661,70.52050120814451,70.65984134849347,70.77717133831543,70.8695686528524,70.91723146616454,71.0018738058357,71.04627626618566,71.07652751752921,71.09412703936803,71.0789801346028,71.08082166021812,71.1180761524022,71.17370205621017,71.31249014205171,71.54045035844024,71.84178347389003,72.2283440950827,72.73259600494445,73.23900724061774,73.73447162308331,74.19432148251835,74.61304508316023,74.97405635656884,75.25068964825091,75.44459060836434,75.57328875098506,75.61139041516167,75.5988684644352,75.53708689614817,75.4121482607975,75.23398593211921,75.03964322888237,74.8567455161189,74.74578994138247,74.69852961495249,74.7305505290943,74.89937142368646,75.04057998773993,75.33932309563157,75.62121454311503,75.89719407277778,76.1279822105676,76.29435198948978,76.38430035356984,76.3941822998508,76.33050838918025,76.18727145561051,75.9866470862655,75.75959965913587,75.49847267396558,75.21781359509569,74.8722181874912,74.52069481476236,74.16387580894802,73.81789423282447,73.50071126785114,73.22672657236257,72.97981142712719,72.84442741780498,72.6518417244715,72.48124113119026,72.33461313847019,72.28157354053974,72.20156640660512,72.13023265293378,72.07716570232475,72.03595641002167,72.0051106394084,71.97014711776993,71.89149393050462,71.75530265465692,71.52195419629732,71.2122436978395,70.7952372558148,70.2968851610231,69.7381545178064,69.15381992142873,68.5664439688653,67.99508143284199,67.42993146173087,66.91714582889418,66.48706006618617,66.18582323430626,66.0373037329229,65.99667389926033,66.0700939543165,66.24016011989832,66.50744654476308,66.88080414864035,67.26647396876696,67.6948813876238,68.1230565717363,68.51642002932311
51.50594114226568,51.569576593032494,51.579687763347806,51.56784180823798,51.505557158793884,51.46756314946841,51.4234113427791,51.429538926934654,51.35987029442787,51.287915783932206,51.20579522885557,51.114440106004146,51.03107108588475,50.963112244040396,50.91223498565665,50.86697666358546,50.84096040932823,50.82903044219668,50.83775044276063,50.855637735361206,50.94411581697126,50.98191446580278,51.036029156408716,51.104085333095476,51.18435457431849,51.307557470928195,51.42531603732416,51.58172205381299,51.713986903393995,51.868894611175904,52.0299042195054,52.19058805671348,52.34828704499703,52.50034580532474,52.65042502178851,52.79556855043867,52.9252369136019,53.04022445440319,53.14797570140617,53.23792237477517,53.314879878847016,53.36640180720017,53.38963447959984,53.388381252862295,53.37352573442232,53.31891757191895,53.29124697197006,53.29472997616457,53.19522829174657,53.12480265905897,53.04294284559896,52.96183703970249,52.86450550746373,52.76615968538304,52.67610324481756,52.633889194318996,52.574192297063,52.552938793124326,52.584025257541775,52.66286664019418,52.769656260055,52.95240960301873,53.194589124679894,53.45010870314226,53.67446085841873,53.848607872262804,53.95693671692936,53.99983364910012,53.96012665716767,53.825861603523066,53.65733000685427,53.4422325936317,53.19682617511501,52.93800950479725,52.654161590652194,52.40706916655989,52.18916925882439,52.013188936776835,51.87443640145118,51.778928992428575,51.72917152745175,51.72810659850948,51.778156650381305,51.87669197191176,52.00871586572912,52.181080448043176,52.38263628371823,52.63499957983134,52.91783923000292,53.21328451611581,53.51905178837048,53.83302822072622,54.173354007245244,54.53815176596387,54.90759698580585,55.25874940065923,55.594508319882294,55.91000891571941,56.21792743669795,56.532064421582106,56.841219671304096,57.136306468493835,57.42608256385972,57.716704452541705,57.99133712458742,58.24551463040739,58.49215017041644,58.69577827351243,58.924953539434924,59.146835645857465,59.36464069052757,59.56995531827766,59.77601863074863,59.97132459521696,60.16198301036717,60.29828737760073,60.475959915423374,60.65587704429463,60.84194594401254,61.040091726466635,61.25654546264467,61.52147049498136,61.740509089321264,61.95322507720256,62.16837991834421,62.39401501316663,62.63177934560408,62.94162639283671,63.222876041640156,63.534775063899374,63.86370465602409,64.19365028027745,64.52199279147712,64.84270106406281,65.14111719534503,65.43330212807473,65.71861946568993,66.0145853838652,66.28285454679022,66.54775439359892,66.80424290678013,67.06114802184916,67.29146360325058,67.51027464863458,67.71801101831373,67.9050000791637,68.08415164973894,68.18245755223431,68.36885290943846,68.45993752372938,68.71084644958502,68.91847991100443,69.15296007386267,69.47024109579712,69.89389375668777,70.39706105017258,70.94182630317866,71.48597097014337,72.06020096953205,72.59697694041822,73.12402047042713,73.64944797492247,74.11018272195398,74.49905889919147,74.83096850512874,75.06828128260268,75.24414352023214,75.36678806061208,75.43191315645191,75.44346676788703,75.39730658535922,75.32486137474122,75.21069640189872,75.00017015809699,74.84761056913352,74.77727729626163,74.65434070595234,74.6188218715152,74.66227784474447,74.8013207869372,75.02319127911659,75.33193813554674,75.6822906483571,76.03051211638676,76.33933690202943,76.5765448361909,76.72844889502133,76.79186528198532,76.75998210754602,76.65181228130359,76.4940826441156,76.29547512702123,76.07007133556453,75.81734419015409,75.54616102947365,75.27231724380118,75.01158313800225,74.77516501161249,74.57288026021537,74.41557000854787,74.35668348748045,74.25997131803327,74.19511452712699,74.23374112542334,74.25456978520407,74.29432752906159,74.33193551723686,74.37047381771059,74.40598708056264,74.4095926840063,74.37531261308753,74.29826768635485,74.14628283993301,73.92066343850942,73.64182824078733,73.32830275887589,72.8807204049923,72.45026726919755,72.02176974224169,71.62937195726182,71.22511059099894,70.90055857118672,70.65890241481452,70.49888935166827,70.41056822998323,70.43738771241186,70.46151560766087,70.60080547916301,70.8122077331801,71.07671037594135,71.36620726033149,71.65457737009795,71.9120294342512,72.12294325141242,72.26482147342757,72.33297898680942,72.28895508181736,72.21197702369093,72.08475905243729,71.92032665249575,71.7904243409904,71.66342150748672,71.5894361604672,71.60701674414521,71.74554892173418,71.98931458578531,72.30610904595889,72.68080742337798,73.06127341354853,73.40100931627845,73.66433809763373,73.8257868420185,73.8769533752599,73.8198694071786,73.67651736785298,73.45935729637537,73.19937729121105,72.91562770288274,72.62087307043777,72.31966772066068,72.02941498773069,71.77659162537879,71.56813308869931,71.46878973118582,71.3218774413393,71.20735049134537,71.12729333615587,71.14400034727981,71.14606147861753,71.15014543918299,71.15465875984383,71.15119991103326,71.12700940769528,71.07417163742852,70.9675364877085,70.82360530390642,70.63892056537367,70.4226477061948,70.21789749386218,69.92474728161672,69.65827801725162,69.3841895996439,69.11099685322066,68.85822352851508,68.63234213449508,68.43607080677397,68.34734749616267,68.19973716351683,68.0927323518521,68.09487286086727,68.13867641136838,68.19650025852872,68.22827647391823,68.19910716306539,68.05683385011008,67.79904988843,67.45787435238056,67.0207297661717,66.62831334317553,66.18351425672681,65.78100399375901,65.41607268129796,65.05225522185152,64.73610619313169,64.4727520877712,64.26125704758641,64.10480103537796,64.01493835461336,63.99664972540513,64.04221306073651,64.14080986026599,64.29049162366742,64.47966994351047,64.70662974023855,64.96133037752932,65.24116838428702,65.54103449071768,65.82478501763065,66.0957202462362,66.34497385529849,66.58003220437058,66.77842112675233,66.94440864802363,67.084427077935,67.19321811541195,67.2792797631743,67.36929787037667,67.3730652375982,67.41711835372048,67.45566447148109,67.50004548885573,67.55671612878109,67.63212045040996,67.7295956819852,67.84188726773378,68.0230923804486,68.1524811285788,68.29778700552984,68.50472531154249,68.71075221569096,68.92802874091794,69.15373956801956,69.38251720543984,69.60974342561022,69.82985979547267,70.03822410267705,70.2312429329648,70.41145189835538,70.56674204116092,70.70067807356155,70.81257392425773,70.90048424389984,70.94040699246041,71.01854485994156,71.06021921898858,71.09000554860165,71.10999567500234,71.1023221945941,71.11276392393285,71.16486348833348,71.23300623192777,71.38569726141579,71.62726561587247,71.94149512359733,72.33736209987603,72.84492515118588,73.34923392750919,73.8369572007434,74.28542061025462,74.6885614172418,75.03073004534299,75.28820126027053,75.46468075732102,75.57643624489499,75.59764958182241,75.57231006538554,75.49991867557287,75.36823172107846,75.18789512047546,74.99689923117057,74.82178204460514,74.72619925506696,74.69193675630014,74.73766056084804,74.91969546758179,75.07000000326187,75.37522418929534,75.65228803956416,75.91959058865312,76.13649766735013,76.28623543582766,76.35804398279538,76.35067041777411,76.27174308619905,76.11494129093512,75.90312951710332,75.66743683828908,75.39963274871424,75.11413470249744,74.7669910127806,74.41660769719358,74.06334867743699,73.7226209095322,73.41181963080284,73.14463386142812,72.90499584594436,72.77723148866514,72.59157886016203,72.42737924870607,72.28641999040788,72.23826635720373,72.16111248983074,72.09023541678926,72.0357168199939,71.99080042438146,71.9536860992162,71.90919458063206,71.81927327103148,71.67009453837383,71.42156815275062,71.09998209493614,70.6719939274071,70.165355732132,69.60276634532161,69.01975125200194,68.43824493309063,67.87707266039409,67.32488370586597,66.82876526029847,66.41867798804992,66.1405143934626,66.01690638284923,66.00190432794584,66.09816730440812,66.28781837287362,66.56953553489436,66.9521081464994,67.34334645429026,67.77348451749711,68.2003141828122,68.5887981332902
51.51035831218304,51.56719455743201,51.570633060976995,51.552681347515275,51.482589169896,51.440728529773956,51.39413842109081,51.39844943562063,51.33195380640595,51.260946335253756,51.18053147336579,51.09184839988382,51.01209349706465,50.948731339503986,50.90318791733155,50.86496087960949,50.84570942992607,50.84059409632401,50.85523237340069,50.87983782096855,50.97551497656063,51.019522401191885,51.0793414586218,51.15245898455373,51.23738099769257,51.36387646106938,51.48449077062239,51.64488400627992,51.77614348120489,51.93093445281412,52.090591691014815,52.24914952477165,52.40384395413328,52.55226214438531,52.69779152989244,52.837389259502515,52.96149180687427,53.070808295670524,53.17128473529035,53.25426522797329,53.3241200311758,53.36828682874209,53.38532931655396,53.378494191219076,53.358328725795225,53.2966877719289,53.264018011420724,53.26504819085572,53.16104619950373,53.088737516936355,53.00635365233275,52.92553877671902,52.831023127969914,52.73747667559324,52.653904852602516,52.62258564407971,52.572049625469134,52.5606318778211,52.601669512973814,52.69250614735295,52.804687665926984,52.99125365733245,53.23209975480481,53.48083675557186,53.69402402024326,53.85400785887698,53.948212426843924,53.97715076545914,53.923894206928495,53.77806800038752,53.58769141244856,53.368421195657135,53.12325542445894,52.86904384005904,52.60565171204305,52.367251478415085,52.16036007495433,51.9960289124547,51.869954213423895,51.78780479494608,51.752128410754025,51.76562418653525,51.8303310235086,51.94293058548827,52.0873927668022,52.27127192986336,52.4836696543118,52.74502442468678,53.035666721809356,53.33766373914166,53.648096459051956,53.96653337044395,54.31014580289835,54.67652821590281,55.04700208895025,55.39833652150297,55.73426652574868,56.04934543507309,56.3561405209347,56.668234091422214,56.97488632546671,57.267589846441936,57.55463323531733,57.842871332608894,58.11513100782465,58.36785227566419,58.6123195699163,58.814565352222246,59.04189950646261,59.26235714034005,59.4793464147447,59.68368842396544,59.890266657533196,60.08628479913344,60.27834022211412,60.41690062647689,60.59699199702003,60.77976312516426,60.96903430130425,61.17067159203239,61.39088689111138,61.660298364647254,61.88314444318834,62.09892567157504,62.31738057900841,62.546110856215975,62.78667486251817,63.09838877964829,63.38171497132196,63.69460196288214,64.02359899906592,64.35284507530494,64.67959461485466,64.99884269056908,65.29558022181571,65.58516989865514,65.86910623969905,66.16170954440535,66.42692007835481,66.6883055565649,66.9413133622973,67.19273381408881,67.41842571605382,67.63389630339059,67.83812559053759,68.02280042478908,68.19731929756725,68.29924554993299,68.48569402635565,68.58422936986437,68.8387751885791,69.05916587996946,69.30171063220425,69.62702772690699,70.05755826085671,70.56510152926977,71.10911019240638,71.65124886931004,72.2158593751879,72.74136135817416,73.25343735445891,73.76049922242169,74.20293256446247,74.5723236869984,74.88618582298919,75.10601770742467,75.26530172865529,75.37369972284738,75.42619630139953,75.4261947054625,75.37131013915803,75.28800140534796,75.17090998887966,74.96357559464916,74.81466122347956,74.75031188914778,74.64462466217468,74.62376543312932,74.68208032373042,74.83481278834206,75.0674494135527,75.38168146498286,75.73020251305321,76.06985553901566,76.3649132277725,76.58399112751583,76.71626470316026,76.76088752440913,76.71250405588299,76.59113000927283,76.42279543726623,76.21766976305703,75.98786985314216,75.73333553481251,75.46331930796683,75.19306208204881,74.93781972654405,74.70850318477103,74.51457130829422,74.36620064649794,74.31572220885953,74.22725721084775,74.16916604563697,74.21194241911354,74.2352130010038,74.27389780866784,74.3083584875836,74.34059932814885,74.36673787959982,74.35957142258734,74.31310807062206,74.22430963422171,74.06078672210089,73.82466280103877,73.5381085942774,73.21835989827606,72.76570524305708,72.3355382556435,71.91203021944307,71.5305495000021,71.13900959900347,70.8292494457728,70.60411920114574,70.46163277036058,70.39181670312837,70.43605459226123,70.47600428828052,70.6271036620289,70.84509506365934,71.11155024857779,71.39928197374515,71.68172919558266,71.92971466564155,72.12858063339885,72.2586112921035,72.31541809441761,72.26042499087374,72.1765583556962,72.04553136287024,71.88268683330294,71.76145422775322,71.64555114443965,71.58681830386885,71.62015608291364,71.77327559628108,72.02951739332214,72.35323508470239,72.7272063858896,73.09923182983823,73.4244701559416,73.66796621774222,73.80757726870603,73.83851567792144,73.7645678519768,73.60714025999415,73.38133405287799,73.11578342262025,72.82980907046648,72.53578128433367,72.2382972122025,71.9543273376762,71.70941321962849,71.50945970364128,71.41812998941516,71.27928890847227,71.1713119854669,71.09590193557956,71.1150133113757,71.11631616500577,71.11806333481479,71.11799850661109,71.10799034239577,71.07585025552868,71.01330908102223,70.89850671005478,70.74615997325897,70.55493256607022,70.3340172040404,70.12582182456417,69.83286862162639,69.56747694574808,69.29635064308533,69.0281195753063,68.78185623236857,68.56355520570054,68.37563062993101,68.29513982723586,68.15694057521674,68.05766551803896,68.06484236414936,68.11011782041417,68.1640572175007,68.18558372236761,68.14062007115719,67.98208472364385,67.70989555677191,67.35777066170425,66.91180327887126,66.5141118554161,66.07447113205706,65.67724215629823,65.32325201169296,64.97038382846186,64.66712736260575,64.41829286211718,64.2225170691621,64.08261923016433,64.00950842881491,64.00705209904366,64.06675436227452,64.17770922567396,64.33711707152828,64.53386552751026,64.76584339207513,65.02382302733369,65.30496878413146,65.60294239097946,65.88451520803305,66.15085184521084,66.39453933358469,66.62257159992697,66.81495940603871,66.9757330537774,67.11083695117728,67.21550548981315,67.29934879448459,67.38755148574971,67.39227123886154,67.43683201688968,67.47807799178122,67.52635816554357,67.58787230630196,67.66866823779671,67.77172525088774,67.89053799334161,68.0768630574848,68.21150023439975,68.36146830336654,68.57187734586087,68.7803466778301,68.99888830134829,69.22440259378406,69.45165469571513,69.67610102182151,69.89247498238498,70.09646472788654,70.28474034406972,70.4591770077851,70.60933636371554,70.73809143380207,70.84489239244922,70.9288389920225,70.9623642763273,71.03422137240742,71.07396049409647,71.10412735687632,71.12738890251272,71.12848366700105,71.14826454875747,71.21515920480186,71.29622107915742,71.46257108315523,71.71692653241281,72.04292448153711,72.44682301217141,72.95560461754755,73.45616513804877,73.93469524294885,74.37074097979865,74.75757789299375,75.08060362264341,75.31898403760644,75.47835364162478,75.57377549490961,75.57948397194913,75.54252938616885,75.46063892328456,75.32356570526855,75.14247696872367,74.95610876265788,74.78978798132086,74.7095007192417,74.68831352486059,74.74727988330753,74.94079466774478,75.09960039998154,75.40883249597185,75.67993792981633,75.9372774387831,76.13944403313786,76.27218536662339,76.32590054053269,76.3016472521552,76.20804612505555,76.03846891338202,75.81632974324297,75.57278668818982,75.2991169553434,75.00937862712708,74.6616931583752,74.31320207406038,73.9641886352797,73.62927224341435,73.32520443070894,73.06494357978437,72.83250871254222,72.71120013986393,72.5324211753983,72.37447870121447,72.23896373091624,72.19434524590869,72.11923734718374,72.04812871045876,71.99155266065023,71.94237413298788,71.89851825794747,71.84408977885771,71.74283770727885,71.58090252026635,71.31796771453749,70.98485282928391,70.5465999257235,70.032435024066,69.46682911865031,68.8860589632094,68.311411423479,67.76138328291897,67.2232863421627,66.74475709863212,66.35530192727865,66.10036068615807,66.00122962002591,66.0112977254089,66.12966214484703,66.33817970945987,66.63367505347084,67.02406709683119,67.41991261245009,67.85083635701662,68.27565174356386,68.65870698459717
51.511371978902496,51.5614035390958,51.55884637547045,51.53544478414878,51.4589142599982,51.413808420013304,51.365360590853506,51.367350269479424,51.3047727028157,51.235251002900036,51.157068314787224,51.07157082950417,50.99583711694253,50.937340053418176,50.89727154553966,50.866224898610554,50.85372287699595,50.85533078796851,50.87562658801571,50.90673869803111,51.008695654956384,51.05876717140305,51.12410113398937,51.20205889999457,51.29138717735242,51.42045163073653,51.5433654952563,51.706612018727945,51.836780098594176,51.99089305118385,52.14867454582083,52.30465110100222,52.455900490801405,52.60026409188495,52.740921655073805,52.87480042126094,52.99325175659014,53.096888087658726,53.190071906597204,53.26623270277615,53.329160945671454,53.36630449998781,53.37753887402457,53.36564188337291,53.34072886374819,53.273334702083446,53.23625692746706,53.23457899498149,53.12760907722789,53.054126211487066,52.97195154943477,52.89198107507858,52.80095521862745,52.712769490067394,52.636090908167894,52.61518952288155,52.57405783319295,52.57241600095265,52.62291432045206,52.72476772806311,52.84163725158392,53.030638087267484,53.26846939732444,53.50885880441793,53.70974097394985,53.8548216608472,53.93466004856971,53.949823150835215,53.88376423676718,53.72765814784856,53.5165413268695,53.2942151695477,53.050382036993554,52.80178587351909,52.560171632103646,52.33129894407206,52.136040101930014,51.98372911920128,51.87062834419735,51.80199335655255,51.78040881152233,51.80832963390485,51.887418058807526,52.013694360167534,52.1701770165814,52.36514905373316,52.588045580566636,52.85788450070416,53.155799816731836,53.463818177867665,53.77828253371037,54.10070242135689,54.44717585387918,54.81467399096965,55.18582935796513,55.537099693848695,55.87297528953429,56.18744345709206,56.49298646479137,56.80294098491904,57.10704817966825,57.39740539513035,57.68175057123819,57.967685464828,58.23768803537983,58.489173136505315,58.731614163022336,58.932983120321644,59.158538290958,59.37764443312163,59.59390396435126,59.797387141275806,60.004586389778076,60.20143120983946,60.39499371701208,60.53651025310479,60.71920155088371,60.904948489551956,61.0974852862564,61.302619031199235,61.52653807791605,61.79992297319608,62.02660603833197,62.24548179379743,62.46722430461997,62.69897942883098,62.94220980545622,63.25489235845748,63.54005430621628,63.85363047660334,64.18239270177335,64.51068392511813,64.83562368939458,65.15325401519867,65.44815131694534,65.73487014368825,66.01737997354753,66.30642371267443,66.56841703948929,66.82614143907621,67.0756450316983,67.3214002245798,67.54244424418312,67.75478233984593,67.95583546172156,68.13870439122074,68.30898693388146,68.41619935052054,68.60260611145229,68.71039816056084,68.96802770964666,69.20176686752633,69.45231855626301,69.78532817954009,70.22210546118134,70.7331987888061,71.27539114709849,71.81464985214448,72.36839551209606,72.88160887435698,73.37776257912853,73.8656530775906,74.289326721383,74.63889836390263,74.93422033392497,75.13690131351652,75.28014073008444,75.37489304861253,75.41553834052351,75.4048607689777,75.34230360214248,75.24891221490402,75.12992587935487,74.92823884610064,74.78405880864089,74.72523624196404,74.6377696689139,74.63167736227437,74.70444806755565,74.86990080098069,75.1119443187575,75.42991068309341,75.77503019080196,76.10481998848394,76.38516930705656,76.58567757465592,76.69831456160789,76.72449556595507,76.66029078248833,76.52659742333995,76.34855290374472,76.13788658383625,75.90460905408976,75.64915081661763,75.38115189597679,75.11521677859537,74.86599328178403,74.6440403679075,74.45848418594225,74.31885154932444,74.27579221150759,74.19542191738734,74.14385204068542,74.18945096311799,74.21430460390584,74.25101151059195,74.28166114878849,74.30704687646086,74.32332521032802,74.3052474848799,74.2467120754864,74.14648765759445,73.97200792555428,73.72615148700028,73.43279007324404,73.10767461732439,72.65169421714675,72.22289726312948,71.8053636325707,71.43499192995384,71.05696739262125,70.76243755710885,70.55391943148378,70.42864738927817,70.37675898230046,70.43703856592268,70.49230433962671,70.65418445543015,70.87776461954455,71.14508050534977,71.42999111322713,71.70563511627175,71.94361419207773,72.13021350353421,72.24862353592854,72.29461956831784,72.23028544668934,72.14061786228814,72.00684180848661,71.84674830953908,71.73449318645201,71.63033883104511,71.58721614073191,71.63610510041859,71.80293540163416,72.07023949137348,72.39924512338972,72.77075088041052,73.13279541521338,73.4424713668945,73.66570424254914,73.7836312378597,73.79493466326826,73.7050264451444,73.53454096313554,73.30124904398204,73.03113541822867,72.74382590734136,72.45132885120944,72.15829711148056,71.8811493968136,71.64438501172124,71.45289856392905,71.36852657500282,71.23766169102764,71.13602311639252,71.064923416539,71.08519338406812,71.0849052983374,71.08367659493928,71.078509429818,71.06156567705004,71.02128644755406,70.94901152472954,70.82645119965555,70.66622225179233,70.46916500056749,70.24437668703084,70.03310687893021,69.74153440620269,69.47789626085542,69.21031187993152,68.94748177424145,68.70799387220299,68.49737558389812,68.31773555231327,68.24431716921005,68.11540103823448,68.02360553847356,68.03462485783024,68.08001334458768,68.12876069954046,68.13907370313017,68.07783141107289,67.9033523516655,67.61770023453737,67.25588604197144,66.80322338562608,66.40084776286238,65.96786749192536,65.576776651228,65.23379489323992,64.89244391768985,64.60246924127358,64.36834702340107,64.1882858715636,64.06474352657763,64.00799020598798,64.0208254767033,64.09407003980382,64.21680506724421,64.3852923578629,64.58896968370091,64.82526352585622,65.08585578905756,65.3676536086948,65.6629982140241,65.94196356454573,66.20334419858231,66.44129823130231,66.66223738996842,66.84886847776689,67.00483747568454,67.13547401328961,67.23651825930641,67.31866084797105,67.40529889437323,67.41206769674082,67.45761314511226,67.50202573578464,67.55454143999913,67.62109563079069,67.7073269428206,67.81586358567979,67.94107177664998,68.13165333128318,68.2714456011133,68.42593369576123,68.63904223879385,68.849342497397,69.06855158570653,69.2933099632568,69.51853832951907,69.73976722904567,69.95204300270282,70.15140638179614,70.33480528499676,70.50337164970034,70.64850916430697,70.77230746895785,70.87434680340911,70.95482855440851,70.98322963942582,71.0490603230328,71.08761743879415,71.11895922767611,71.14630981445622,71.1573435856218,71.18713321150926,71.26873519478775,71.36305174491217,71.54278590684683,71.8091131878339,72.1457681019876,72.55645124725359,73.06446792733912,73.55972316674139,74.02770644650441,74.45038105257642,74.82026919395031,75.12391323411667,75.34331502452312,75.48590907291658,75.56560964851467,75.5571451352414,75.50973186042916,75.4194178611273,75.27825443520953,75.0977549874031,74.91720773644782,74.76061434986016,74.69550546359282,74.68741984046487,74.75914503075062,74.96246911099459,75.12916211534703,75.44005694885907,75.70413558612258,75.95031670378404,76.13696703116419,76.2524059752503,76.28811346963968,76.24737260881167,76.13967619017333,75.95809563557975,75.72646320048453,75.47583865934321,75.19708312096249,74.90368521914597,74.55640511949184,74.21051105656174,73.86637786192864,73.53778207652094,73.24076050391908,72.98752487402476,72.76220419971163,72.6462493737323,72.47426446503182,72.32242100319979,72.19211746305432,72.14976053862782,72.0759332041585,72.00394433105245,71.94474384653287,71.89078779118971,71.83975719538518,71.77503239881344,71.66241317862973,71.48796563796918,71.2113786072302,70.86709905920193,70.41929760165917,69.8983630156889,69.33056878224247,68.75294046526349,68.18610041015691,67.64812244718956,67.12518444566666,66.66510475667111,66.29686063141064,66.06525408803641,65.99015648563037,66.02472322724915,66.16444689392284,66.39110719450674,66.69972836747738,67.0966131876852,67.49614832068457,67.92696670011297,68.34914006277349,68.7262677395571
51.50918608247502,51.55243427680248,51.54452841479722,51.5163074705297,51.434638285409854,51.386881243634654,51.33712722883639,51.336361568934265,51.278368609211505,51.21083860597033,51.135380422427374,51.053546467409994,50.98220957506183,50.92882060898013,50.89434839657958,50.870600443539125,50.86481655894627,50.873044715348584,50.898744011846425,50.93614557783136,51.04350272356529,51.099481034475644,51.17013124010664,51.25270227917221,51.3461851971381,51.47713343407857,51.60181651602416,51.76684761707998,51.89583927635072,52.04874757130762,52.20416648037112,52.357139279289584,52.5045387923337,52.644469734925465,52.77996487288201,52.90797483888605,53.020707482885754,53.11866814572379,53.20456834064157,53.27406490370907,53.33025081262637,53.36070207096827,53.366502922271096,53.35004408179129,53.32092329473468,53.24898451615153,53.20806781694353,53.20346452196647,53.094961194851145,53.020974393608654,52.93969772911453,52.86109701584345,52.77418578564553,52.69187569370733,52.62245786564119,52.61150383033685,52.57997428088317,52.5880204393093,52.647490160942255,52.759400285138675,52.880275979115076,53.07040466041458,53.3036505924853,53.53425034278634,53.72179773207737,53.851334678380034,53.916628717254696,53.91823611261036,53.84012069048082,53.67497516762116,53.44452289899827,53.22022509720837,52.978751070857705,52.73668221414664,52.51779178496191,52.29922954329519,52.11618245091691,51.97623362852112,51.87637075695453,51.82137970075588,51.81387652103091,51.85607209205102,51.949259788885755,52.08882555422632,52.25691435030004,52.46256213696776,52.69560887978872,52.97343778419633,53.2781130436149,53.59164138222762,53.90953879277298,54.23548306105105,54.584409586500215,54.95258350044806,55.32409271096665,55.675067037384224,56.01067690066491,56.32435804228426,56.6285300199443,56.93626220024549,57.23779300911895,57.52584384695371,57.80753191595754,58.09124700325172,58.35910826617979,58.609562489996584,58.850117843238365,59.05108270105354,59.27492485115706,59.49275465644944,59.708370508863155,59.911111056034486,60.119031844210376,60.31681185365303,60.51198246763883,60.6571001927808,60.84255473738897,61.03138384748556,61.22723659560343,61.43586135565284,61.66341911518481,61.940283913800485,62.170819010724045,62.3928090279037,62.61781615772214,62.8525185661778,63.098278281713235,63.41108845631512,63.697847676470566,64.0118259818625,64.34006635996333,64.66716095680678,64.99008822735263,65.30595102790525,65.59885562938523,65.88245582298116,66.1634878685784,66.44879696726414,66.70743039274768,66.96136475999207,67.20734398402132,67.44728979461738,67.66367952949469,67.8730858184676,68.07128606185908,68.25283425740203,68.41929849125694,68.53330226544378,68.71961710620555,68.83827301194785,69.09848973994093,69.34603020403634,69.60449106582205,69.94482262352025,70.38720314040042,70.90102032090343,71.44037666134166,71.97588735443097,72.51761918482934,73.01760590128538,73.49697524298166,73.96498316935124,74.36950242616982,74.6989958260628,74.9753771276615,75.16125958000677,75.28899683861123,75.37070005223488,75.40025141546607,75.37975383549679,75.31052955513779,75.20785637928476,75.08795056082086,74.8941501761493,74.75571781700984,74.70202514788856,74.63359647743877,74.64232051728757,74.72911561829743,74.90632720039994,75.1564569610518,75.47648644944097,75.81672092886348,76.13544497908951,76.4002345706098,76.58180661545545,76.67485296451613,76.68297134941761,76.60362512472406,76.45847479123383,76.27159014645488,76.05631160194699,75.8204289371835,75.56488073570452,75.29969245698236,75.03875853301943,74.79603381549684,74.58167276965608,74.4044918735568,74.2733830556851,74.23679829521248,74.16434798626557,74.11904166436038,74.1662120824983,74.19183192666623,74.22571691123905,74.25193667458895,74.26996191751073,74.27595903854127,74.24686872906106,74.17639886261394,74.06508564939448,73.88022352386587,73.62538711001471,73.3260926950762,72.99643934206802,72.53879281677843,72.11240123687517,71.70177230540513,71.34268939203936,70.97890902183839,70.69999772111545,70.50814137406628,70.39975544745816,70.36520884882236,70.44020293461686,70.51025933066663,70.68191733652498,70.91012144209758,71.17726244873336,71.45836032015133,71.72638871097081,71.9538807253254,72.1280454154277,72.23507730258399,72.2707976076693,72.19866256667011,72.10423298991749,71.96872324826042,71.81247154296427,71.70946897103536,71.61764299864258,71.59041411864725,71.6546078000291,71.83427483458568,72.1112626630541,72.44398528776527,72.81138066760572,73.16201250535833,73.45515848621675,73.65777308380879,73.7542144504055,73.74648907862104,73.64150821275182,73.45895889214924,73.21928425629503,72.94556674654338,72.65776285506482,72.36754889401158,72.07964422181,71.80980683839327,71.58139654769052,71.3983187536462,71.3199029529776,71.1968966405716,71.10137242355847,71.03424562400608,71.05450087557699,71.05184530762799,71.04704454060006,71.03629460831198,71.01207181113776,70.96349908096278,70.88149652657013,70.75157868929674,70.58399130155746,70.38178826368836,70.15386067841554,69.93988145227738,69.65079175223387,69.38954006758075,69.12603599483514,68.86900835881858,68.63652983363689,68.43367136522279,68.26223510286209,68.19479034719025,68.0750002727569,67.99041593957708,68.0041404510589,68.04836055058782,68.09070130718196,68.08892888370929,68.01101110501723,67.82094009698152,67.52275707739562,67.15247538528556,66.69514075337607,66.28870075041732,65.86376875853698,65.47962776470189,65.14771802075661,64.81841155350968,64.54207039272538,64.32282210061017,64.15844809632677,64.05104445516544,64.01024908974007,64.03783807561007,64.12403428446932,64.25797499295153,64.43490996656806,64.64489302254896,64.88483147253285,65.14740042022738,65.42922912464122,65.72126513291347,65.99722095237323,66.25332463147517,66.4854044021823,66.69921360417626,66.8803307154696,67.03188762465145,67.15848919811796,67.25639027070821,67.33732250614614,67.42264225707004,67.432477579386,67.47946000948474,67.52746976787103,67.58452581886462,67.6562907793052,67.74798333768929,67.8618882610914,67.99334929520538,68.18737026261596,68.33221058450891,68.49106699957092,68.70614533008626,68.91769752141087,69.13701087623896,69.36049012519408,69.58323235845478,69.80084285665387,70.0086994096716,70.20321440554498,70.3816258274098,70.54425269718566,70.6844854314338,70.80355221877174,70.90115721765652,70.97864858824595,71.00312940341655,71.06321869161731,71.10130740036637,71.13456744632404,71.16676150338998,71.18878098425445,71.22917958900553,71.32536335127169,71.43320337620514,71.62601603206738,71.90350566190851,72.24972253922704,72.66597122040729,73.17134860387023,73.65983030809193,74.1160115082148,74.5244392900139,74.87681000364577,75.16089502540939,75.361471265285,75.4876468628374,75.5522418531959,75.53088462139881,75.47412292181039,75.37642571094507,75.23240213274325,75.05375268705305,74.88013206564395,74.73411217381725,74.68402461780644,74.68901562294398,74.77299253745518,74.98451888415039,75.1584660868063,75.46880648115493,75.72485238073382,75.95877046427235,76.12921238466232,76.22710145508181,76.24492621297418,76.18810629356106,76.06689196597587,75.87406277015683,75.63374532462798,75.37678220225432,75.09368907268104,74.79719432871534,74.45120739134748,74.10856775589663,73.76989853683621,73.44808425090214,73.15838268678296,72.91224689074272,72.69393648024344,72.5822951926012,72.41700452391412,72.27108766914634,72.14575428988125,72.10446256733424,72.03119228624941,71.95771407568054,71.895360999881,71.83615165433571,71.77755299131223,71.70222212686592,71.57822562446711,71.39152292911702,71.10202655640101,70.74696394300933,70.29032930610934,69.76337968586445,69.19421128054806,68.62059316837656,68.06246886325086,67.53739929997884,67.03062309142346,66.58979164719149,66.24328284798422,66.03508657474131,65.98357002084003,66.04204996906601,66.20238996992522,66.44646389286396,66.76755874389877,67.16967860711097,67.57202945643192,68.00190534071682,68.42084994922347,68.79160155448326
51.50400456295164,51.54051750933065,51.5278798869264,51.49544475904929,51.4098671024403,51.36002542408627,51.30948771180861,51.305603474408414,51.252783151147746,51.18771796356386,51.11544246559378,51.0377143861461,50.97111850096597,50.92305522938707,50.894280996749906,50.8779192373456,50.87880628418543,50.8935400766826,50.92439557013347,50.96786367165175,51.07978105379416,51.14149624844902,51.21725483456879,51.30420632184087,51.40158714088956,51.533772325244485,51.65972013772416,51.82553232725903,51.95326353526345,52.10447517820789,52.25708119111334,52.40666055351807,52.54984099606246,52.68499716060868,52.815070658866404,52.93708531554994,53.04404970589735,53.1363527852217,53.215005162738336,53.278001935297425,53.32763782233293,53.35172679171435,53.352461231553086,53.33192053894163,53.29910916520813,53.22376336790204,53.17955477668456,53.17184690523532,53.06314682230559,52.98928771419873,52.90955338358148,52.832819680075914,52.75059883523328,52.67463285141496,52.61280217914983,52.61133156605793,52.58955632918855,52.60717446968148,52.67512751541019,52.796152721393625,52.920374810609715,53.1103951443645,53.33759588053393,53.55708686378295,53.730380307164715,53.84383231168206,53.894467568046885,53.88277495816656,53.79334751186655,53.62036218142035,53.37227927771607,53.1470615605441,52.90890758419024,52.67417947091099,52.47858260474579,52.2710612558489,52.10076023308047,51.97348651191878,51.88709341487845,51.845848851063955,51.85239533055397,51.90870071240644,52.01569824635099,52.16816642594146,52.34745050319143,52.56336149688236,52.80620436928406,53.091542251476085,53.40248093130311,53.72102690215531,54.041794016667126,54.370822977112425,54.721812427074,55.09025115362169,55.46180606607098,55.81226667179733,56.14741364856625,56.460144251157665,56.76283593806993,57.06827483557442,57.367208589029,57.65299593430657,57.93207461381071,58.21365610193283,58.47949175915128,58.72910561320378,58.96791450406828,59.168915217660896,59.39111414529578,59.60774494257064,59.82280321779627,60.024919754067284,60.233657037557215,60.43247475689207,60.6293454465722,60.778654380801356,60.967017716910306,61.15901990899286,61.35822592607971,61.57032587707886,61.80145009504386,62.08132077963304,62.315708496336484,62.54082295792787,62.7690612008582,63.00662610342252,63.25477439858416,63.56692840027201,63.855048712232396,64.16915385545917,64.49660056945282,64.8222702974606,65.14299644098459,65.45694971864248,65.74771830778661,66.02797989634094,66.30747712613457,66.58889838676619,66.84404510068407,67.09407823817173,67.33651628830457,67.57054506549684,67.78229191384463,67.98895979972258,68.1846228209436,68.36531230227631,68.52839790226899,68.65053760614953,68.83675495209252,68.96768304015431,69.230047006615,69.49170321986081,69.75793538066449,70.10519122867129,70.5525190812527,71.06823361768369,71.60377422922262,72.13467481195376,72.66334019796072,73.14923885127796,73.61105444456405,74.05856312662556,74.44359691227716,74.75282896963768,75.00996129392426,75.17941998602392,75.29220636832726,75.36145274804174,75.38064766786937,75.35116278208388,75.27623057896925,75.1650964743656,75.04519052077403,74.86129984849296,74.72955274097865,74.68065340009949,74.63192583901805,74.65545775650612,74.7558175180329,74.94383436214672,75.20076830675643,75.52126942358812,75.85522197449798,76.16177002513041,76.41023844916049,76.57258068775849,76.64613440603704,76.63659681759124,76.5427899199521,76.38702238068323,76.19214226830054,75.97313082997739,75.7354695011994,75.48061599220823,75.2189746544623,74.96366454489971,74.72787133945708,74.52129659865113,74.35246735153524,74.22965550423768,74.19864525976183,74.13391796609605,74.09460406875004,74.14217110231596,74.16778230204105,74.19806228701425,74.21927823872252,74.22948990616248,74.22484933003366,74.18468301330786,74.1024426669382,73.98038750254328,73.78571059060842,73.52262728370282,73.21823647716282,72.884846498554,72.42710653146926,72.0041071221003,71.60125856172682,71.25363203118079,70.90475953664102,70.64180475371316,70.46662329713095,70.37477918393766,70.35698008401704,70.44541099956444,70.52971283036736,70.71017178247166,70.94207057258035,71.2080573812047,71.48441523589179,71.74408355848561,71.9606669771503,72.12227992268855,72.21819168975125,72.24416641163117,72.16568246822204,72.06748118503509,71.93120854116566,71.77981699533869,71.68630933545191,71.60732207857146,71.5961966852057,71.6754081851142,71.86704039192804,72.15236869147874,72.48730170357341,72.84903550814016,73.18693143595742,73.46267705098815,73.64439365327536,73.7195926072695,73.69345767130046,73.57427618086935,73.38063346190735,73.13562167642434,72.85921087607134,72.57170455519427,72.28447453568653,72.00231534650598,71.74022533566564,71.52033737356979,71.34558935687615,71.27218258836824,71.15689460867036,71.06724844640094,71.0037564029526,71.02289609612235,71.01715262189332,71.00822649284069,70.9914571209406,70.9596546408006,70.90266925294618,70.81098164456367,70.67409791176422,70.4996662846052,70.29297275025583,70.06260370144392,69.84627433992256,69.56068777660815,69.30241247093129,69.04348567244888,68.79262423783013,68.56735750228869,68.37231064580946,68.20897881051893,68.1464701862814,68.0356199989708,67.9579602477706,67.9733092529844,68.01515700511345,68.04996964295914,68.03533173160842,67.94042907519484,67.73515132239841,67.42535924101604,67.04779358374994,66.58770604906113,66.17785050298392,65.76224035409723,65.38581578287346,65.06503808906079,64.74826279989553,64.48586938055149,64.28162562273182,64.13288838498752,64.04139254647528,64.01615048367864,64.05795811299004,64.1565212874159,64.30109661077081,64.48586238154063,64.70154615452084,64.94448856305598,65.2084286783696,65.4897015986349,65.77780632070943,66.05037823671998,66.30092046901393,66.52701169995557,66.73368427223188,66.90952849267957,67.05704921158461,67.18003343950822,67.27525537083518,67.35544035152239,67.43968373466309,67.45352385494702,67.5023708811038,67.55437215242003,67.61624180878238,67.69336242890336,67.79052419461055,67.90967685185258,68.04723122655423,68.24392091225528,68.39368854037609,68.55675203165254,68.773111959483,68.98536959689078,69.20425845519202,69.42597152835225,69.64580103412538,69.85942871401717,70.0625797565367,70.25205414027218,70.42539004297275,70.58203702332567,70.71749015359464,70.83205172298653,70.9255436957107,71.00049475072295,71.02218988996013,71.07685345796045,71.11514772609793,71.15101829814313,71.18874706187115,71.22267489669706,71.27421335806353,71.38481556723413,71.50638112004944,71.71193575839368,71.99978403440933,72.35448434753368,72.77510734691717,73.27608017045057,73.75640885660518,74.19963112488475,74.59301415353706,74.92737500561445,75.19178514216807,75.37372980415654,75.48386682302808,75.53397525643898,75.5009539801209,75.43590800395651,75.33183269458195,75.18611301971153,75.01049357821282,74.84481766334986,74.71013247678634,74.67486931156873,74.6928607921289,74.78855893769911,75.00674407403142,75.18729325180739,75.49499002605728,75.7420596859011,75.96270080086424,76.11632581686564,76.19647599949131,76.19658221339408,76.12410811222101,75.9899521368868,75.78661162974181,75.5383915514734,75.27580676742821,74.98909263760854,74.69004580599652,74.346180469159,74.00740528326402,73.6747328394548,73.36011260860803,73.0779658156502,72.83897877653169,72.62755972692851,72.51925359880146,72.36053714689663,72.22036021353847,72.09974731445615,72.05840166400111,71.98500681895088,71.90946974145317,71.84347474293376,71.7785759777747,71.71205572551156,71.62585864938177,71.49050098417396,71.29181343134455,70.99013728762229,70.62469063902522,70.15993738996923,69.62772501345637,69.05798255801709,68.489214482761,67.94067375288736,67.4293229880598,66.93964735447867,66.51880118296924,66.19449732453768,66.00975012191655,65.98135326683231,66.06314708645915,66.24335979114373,66.50411286938125,66.83702944971985,67.24319554315804,67.64753189713028,68.07568207275881,68.49085221169608,68.85482958568882
51.49603136038337,51.525883975458925,51.50910149982705,51.47303200209876,51.384706567398865,51.33331938481637,51.28249141653939,51.2751961263251,51.22805795417881,51.16589789477993,51.09722911359393,51.02401365825732,50.96247152419838,50.91992613783616,50.89693187234921,50.88801300298046,50.89550786112181,50.916621070188924,50.95239218811757,51.00169819077466,51.1173755170498,51.18464507136251,51.26529497497104,51.35638822775474,51.457405092446834,51.590218758383195,51.71695266515448,51.88260767518803,52.008995396121264,52.158053036907184,52.30743237449519,52.45326141757205,52.591889239320004,52.72196445603636,52.84638848857636,52.96230465442475,53.06346914576118,53.15014632150844,53.22161349820232,53.278283902066526,53.32157016508352,53.339625912256984,53.335653572129985,53.311491007291394,53.27548362162198,53.19779741110393,53.15082190352455,53.139868278212674,53.032210229523336,52.95907182415485,52.881479705045095,52.807082148838205,52.730078373599866,52.66087852809217,52.6069203028213,52.61447572965712,52.60256133875784,52.62960736885952,52.70555686482164,52.83477393964195,52.9617047081571,53.15045130670799,53.370257801716775,53.5774438605136,53.73567471175079,53.832599960959804,53.86852573609421,53.843824994885814,53.74382864472146,53.56416231096115,53.30045361190412,53.075335141459846,52.84139663512997,52.614724252781414,52.44261452558322,52.24681206149758,52.08974655958618,51.97543184089882,51.90270828115213,51.87528583098472,51.895829031365736,51.966064646403844,52.08657546381091,52.25155923358979,52.44163121048883,52.66739745079222,52.91967686635866,53.212055878856255,53.52877800864098,53.85186828758455,54.1749769858201,54.506669857127015,54.85934980191306,55.22767135977432,55.598983341394266,55.9487267167759,56.283227822664095,56.59485714422027,56.89596897084462,57.19905598907876,57.49538269460857,57.77895238958354,58.05547600913293,58.33501291492408,58.59893857322105,58.84788778319273,59.085088039015936,59.28653179338665,59.50716113161014,59.722672423732426,59.93725926066647,60.13887282119991,60.34851598654573,60.54846794587457,60.74712162638991,60.901156752462775,61.09255664982221,61.28780738410175,61.49039097441968,61.705939907162985,61.9405511096194,62.222973163866335,62.46119963114122,62.689439167903934,62.92086449657134,63.16119987573126,63.411592263363985,63.72236351737908,64.01161104364922,64.32557947419279,64.65197592605874,64.9760060741694,65.29435654254611,65.60626607736407,65.89476450080079,66.17149532357466,66.44939494755904,66.72679704977226,66.97834612585255,67.22438459247435,67.46326801358632,67.69130857851337,67.89844173908914,68.10255734407781,68.29599116896846,68.47626080478696,68.63642909949306,68.76788868408457,68.95404759059029,69.09845736130924,69.36258523682207,69.63853324536099,69.91235872057345,70.26611416481704,70.71772106647693,71.23450617126879,71.765291344828,72.29072566049712,72.80536835606301,73.27639413665344,73.71997928242145,74.14646657833549,74.51174741315924,74.80061069078589,75.03827792243868,75.19171001069641,75.29010563332412,75.34748315036049,75.35703923937555,75.31937648580313,75.23964925446207,75.12089507602198,75.00185224671085,74.82967812682945,74.70547807293957,74.66109579177493,74.63257850492052,74.6708519382672,74.7842883088393,74.9821646617679,75.24465932219216,75.5641202650974,75.8904805749656,76.1838346409046,76.41531037343674,76.55820222940925,76.61241338032258,76.58565391327039,76.47806800553441,76.31250045941702,76.11044437218547,75.8885302805156,75.6498707449136,75.39644728626381,75.13903215189539,74.88991201381491,74.66143586543932,74.4628080635269,74.30228360027495,74.18752923363989,74.16123790494339,74.10401440549238,74.07040840594244,74.11727334763256,74.14214306278632,74.16809591432269,74.18377901492669,74.18577629728031,74.1702060505992,74.11893819579737,74.0251177233926,73.89267710996229,73.68874619935464,73.4181296216854,73.10944143689288,72.77308851282942,72.31674085073635,71.89807186402453,71.50382472531636,71.1678099923004,70.83444398701525,70.58773347082256,70.42920346891536,70.35354083775373,70.35188646920733,70.45252606198609,70.550508407696,70.73881727042838,70.97351705225468,71.23742660523992,71.50818150182243,71.75881323762177,71.96412565931806,72.1131205789259,72.19818579511167,72.21494017936257,72.13147126875108,72.03043989409169,71.89433054617636,71.74874512842247,71.66494203365032,71.59923450217114,71.60434828799818,71.69825025904295,71.90097857045345,72.19333935976213,72.52904049655852,72.88365516267886,73.20760054269498,73.46517259828842,73.6257868627031,73.68003140937772,73.63611918862718,73.5035933755674,73.29980408728198,73.05044329097743,72.77220127531965,72.48573564928714,72.20213889918085,71.92628728888367,71.67233056188111,71.46109703539254,71.2945794577025,71.22528894620353,71.11755644689012,71.03353972435617,70.97334359835048,70.99033935592409,70.98084367014896,70.96728177270481,70.94410004655126,70.90446006218018,70.83897806069557,70.73768443672985,70.59421759984389,70.41344636298648,70.20288885509277,69.97074027936539,69.75241433718281,69.47126959621362,69.21651757591417,68.96262359742546,68.71825432006857,68.50037026377683,68.31316152179306,68.15781620422518,68.09926751158851,67.9971419370631,67.92610198947531,67.9420513727557,67.9804002748634,68.00665630940595,67.97846471433104,67.86635524381039,67.64628939072266,67.32579988106785,66.94209552946795,66.48106993962115,66.06847670546513,65.6633477008114,65.29536099189627,64.98577179297018,64.6819737208216,64.43380476834214,64.24466511875332,64.11149137908176,64.03565833105466,64.0255597914112,64.08105380606938,64.19140523978852,64.34604752867692,64.53804208667744,64.758839690083,65.00417612837659,65.26891232101067,65.54907729734,65.83268495047389,66.10152628279047,66.34625903632318,66.56627397835304,66.76583342381662,66.93664418292956,67.08048794739051,67.20025767130635,67.29324740650385,67.37312096661229,67.45652548797521,67.47522949157393,67.52634403106606,67.58269495381133,67.64961991639466,67.73221525664317,67.83483628579198,67.9591069326934,68.10257824824305,68.30121234097331,68.45577282450424,68.62287260886306,68.83986746672896,69.0523165708559,69.27028660481206,69.48978262148768,69.706308608134,69.91562561050674,70.11381959654359,70.29809092711685,70.46628600334942,70.61694150120492,70.74774831928806,70.85803202134511,70.94772629809081,71.02056269902762,71.04053742071716,71.0901216018619,71.1292557632736,71.16837806845635,71.21226958245684,71.25890435674773,71.32204419550067,71.44686373565554,71.58229012345815,71.80021938540251,72.09762838510908,72.45975008118577,72.88358404206788,73.37849615038972,73.8493811067861,74.2785859933189,74.65620410457181,74.97213888339058,75.21681973003939,75.38036768540213,75.47486876512961,75.5111130057297,75.46760476110727,75.3952925405115,75.28580903388197,75.13949131795619,74.96800117142172,74.81120044266906,74.68852628236152,74.66785067456574,74.69871526785066,74.80558076576017,75.02894476745674,75.2154245477983,75.51851651676405,75.75572887387536,75.96216979417609,76.09845305100745,76.16073380185222,76.14332491375723,76.05563787060906,75.90911538732965,75.69598352696319,75.44061731682079,75.17310180537002,74.88345164285447,74.58237950115071,74.24140484814328,73.9070567498628,73.5808629492369,73.27380099168869,72.9994047268705,72.76758967798513,72.5629281125577,72.45704059466408,72.30475812883094,72.17012015086044,72.05396963983817,72.01152816060159,71.9373690277573,71.85924312548052,71.78915569793023,71.71817101685545,71.64341547776608,71.54614165272758,71.39946519713322,71.18907618228646,70.87593652646629,70.50052230556872,70.02836420413396,69.49163897732844,68.92210855909957,68.35900181862912,67.8208720491929,67.32400265820537,66.85230230987784,66.45211677678041,66.1504328086093,65.98913670520584,65.98338926478468,66.08788371502808,66.28722477586801,66.56391718890828,66.90800375192543,67.3170961838759,67.72263152021783,68.1483266901696,68.55921765897361,68.91607298948693
51.485470414821165,51.50876441396592,51.48839396146823,51.44924455206935,51.35926253659493,51.30684154927318,51.256187719797886,51.245259665107554,51.20423464385909,51.14538721871778,51.08071503573537,51.01238335628846,50.956176274302486,50.91931555752458,50.90216354967604,50.90071346339412,50.91473709816382,50.942091894085955,50.9825447910394,51.037454346482576,51.156130984739015,51.228759761255475,51.31407471890856,51.40906519666803,51.51345113564992,51.646323187643674,51.773390403113375,51.93801518678996,52.06297737971306,52.209458312427984,52.35523372696434,52.496988365335866,52.63076565943863,52.75548970831032,52.87406783756123,52.98380565868254,53.07915652261348,53.160253069940026,53.2246244723484,53.275150908541754,53.31229603117053,53.32464668262706,53.316319714261276,53.28897523930802,53.25024381042974,53.171212799526096,53.12197329429796,53.107670774323196,53.00219568643647,52.93033237437458,52.85543788571483,52.78381750319259,52.71250840695445,52.65045028864082,52.60460869078304,52.62073932074671,52.618746670239766,52.65504841363383,52.7385086901424,52.87501284269768,53.004036633846475,53.19041491503578,53.40158889628042,53.595396826084134,53.73786695837452,53.81792302641988,53.83915235654469,53.80177153015012,53.691948032842646,53.5067186779586,53.229689050443625,53.005656421860564,52.77676328181574,52.55876316872717,52.409957981602126,52.226499940005624,52.08311454159947,51.98201368696579,51.92312731895859,51.90957566402605,51.944041414740425,52.02801304547593,52.16173347387322,52.33884623544809,52.53930220742556,52.77452031601252,53.0358711883185,53.33483664264969,53.65687880447308,53.98405908844914,54.30901648065924,54.64297138868083,54.9969871373299,55.36483852818955,55.73563845505269,56.08447529200771,56.41816171238413,56.72855178198011,57.027993869944765,57.32868275893136,57.62240310106787,57.90380394517924,58.17783344625954,58.45541759627818,58.71754876731582,58.965994277029225,59.2017223415852,59.40398355147377,59.62312076833609,59.837594232181985,60.051795806989674,60.25302984325819,60.46366270790301,60.6648394469185,60.86534997966981,61.024591243061465,61.219137696499274,61.41769698284001,61.6236694373577,61.842630757590946,62.08064225103758,62.36518065967301,62.607217551110125,62.83857324186591,63.07313110740484,63.31613771827017,63.56862598334765,63.87734513468708,64.16748830086854,64.48106821486297,64.80617302559801,65.12836241402292,65.44417674429307,65.75391609402368,66.040019357079,66.3130550644894,66.58928853419488,66.862562034874,67.11041843080714,67.35238654175924,67.58770522890478,67.80972287496228,68.01228934708428,68.21403151200026,68.40553653592713,68.58580204387731,68.7435360155044,68.88533881069571,69.07152296317598,69.23042509154159,69.49599015771531,69.78626761089821,70.06746830533207,70.42727160178127,70.8824768788119,71.39950547378064,71.92463550224457,72.44375333584523,72.94351346370911,73.39895816973042,73.82372885509949,74.22876715340304,74.57409116227038,74.84255388566618,75.06063210293023,75.19845713315276,75.28303094769345,75.3291232735184,75.3297382716268,75.2846838237187,75.20102816244153,75.07551476012927,74.95814222612782,74.7992752748566,74.68340830528494,74.64332711609305,74.63537522641494,74.68826592090802,74.81426253279379,75.0210604748103,75.28791097367983,75.6048996335314,75.92244397752653,76.20167834071002,76.41557977416683,76.53887367825185,76.57394438152473,76.53042457924965,76.40974221883293,76.23516929516401,76.0267315610135,75.80269596614978,75.5637726671021,75.31246531800632,75.05989861276045,74.81747813934366,74.59665740521821,74.40610337291766,74.25381360017323,74.14686458254947,74.12448103054483,74.07451985306818,74.04632382802575,74.09146414350963,74.1149015416581,74.13586606956949,74.14553217693897,74.13896654572835,74.11223916603196,74.04988213470659,73.94469826691063,73.80223836457301,73.58960742367722,73.3121517375832,72.99992759165531,72.66135781094141,72.2078012640968,71.79435240786759,71.40947311995423,71.08521342032039,70.7678874229472,70.5376586883642,70.39572015765718,70.33586264794351,70.34974178571606,70.46141142310242,70.57248963161972,70.76772327755342,71.00436592238248,71.26533142331512,71.52968475931728,71.770671327185,71.96440948359444,72.10077093774898,72.17527871634664,72.18333311002266,72.09615508566326,71.99318656353803,71.85812212226652,71.71921640397576,71.64529481957922,71.59323870078097,71.61465337461547,71.72287802518444,71.93583586695425,72.23395645101901,72.56904779246499,72.9151793918868,73.22406816125537,73.46279066519729,73.60217362384624,73.63579655765623,73.57475237792183,73.4297228229164,73.21671018314521,72.96393108656176,72.68467141279527,72.39994077890087,72.12057510744093,71.85153685225829,71.60604819029014,71.40356507919223,71.24515814020869,71.17914549151222,71.07878300679708,71.00013479686035,70.94289505517153,70.95679096520215,70.94293488141064,70.92426970123594,70.89432646399146,70.84663397141821,70.77260660140237,70.66182246108842,70.51214648632175,70.32553069875225,70.11170697302215,69.87840493542944,69.65843023937512,69.38258432793856,69.13185948753657,68.88341245441754,68.6458235143264,68.43546150371984,68.25609208930857,68.10859681292227,68.05309314821653,67.95944780722057,67.89470469111235,67.91028691952181,67.94408792653654,67.96085190905636,67.91851029938057,67.78905953306854,67.55465766476071,67.22437215322034,66.83563611454298,66.37538309199606,65.96075904276398,65.56715622088477,65.20828367792393,64.90993582730258,64.6195203802621,64.38581511968763,64.21184811766203,64.0941417201453,64.03371233945116,64.03834241654513,64.10699337207409,64.22856033273209,64.39270535464472,64.59134156587528,64.81668423970194,65.0638354994457,65.32882310567702,65.60736248742073,65.88596419526867,66.15075595578918,66.3894676585274,66.60334509110565,66.79584508861186,66.9618601597523,67.10236954297552,67.21931282735828,67.31050022453081,67.39047093392836,67.47326967782924,67.49761745741665,67.55137773046818,67.61240023642459,67.68459064834376,67.77275393958253,67.88080638344131,68.01005607834391,68.1592510378183,68.35915160954224,68.51835679268285,68.68931254805942,68.906337191569,69.11849629032533,69.33508760734546,69.55195185335664,69.76481933208377,69.96953435549365,70.16255448293765,70.34149010721818,70.50450178020374,70.64918300390799,70.77548491701269,70.88171915359028,70.96792508531605,71.03904809034807,71.05829831734819,71.1031801031211,71.14374885917819,71.1867130425867,71.23733215770416,71.29734839820463,71.37248177813414,71.51127974951643,71.66063553344436,71.89054121267063,72.19671879378048,72.56521629446155,72.99112572114419,73.47843006699742,73.93866935313945,74.35289681032208,74.7141076045442,75.01127632050839,75.23623493466992,75.3816619532863,75.46095250078291,75.48395824855375,75.43108851405744,75.35248196511934,75.23852495068914,75.09264124931904,74.926298977219,74.77921631670516,74.66914461413701,74.66277983648371,74.70633896994026,74.82379455591634,75.05092105124558,75.24264091222709,75.53929488647324,75.7658313169076,75.95723952482422,76.07573981032108,76.1200790555379,76.08539775692147,75.98295537454278,75.82464040172799,75.60241977444952,75.34063805647015,75.06885676658482,74.77692391552834,74.47433526433927,74.13696102351724,73.807555266892,73.48827104563487,73.18908324219423,72.92259425679353,72.69794874169648,72.49989580992182,72.39557218251994,72.24956326456852,72.12024899559668,72.00829436908637,71.9637923891088,71.88827113816305,71.80706602487275,71.73247448710961,71.65504702692667,71.57178232785877,71.46327082327004,71.3053442027279,71.08355021957743,70.7596499985053,70.37470210095897,69.89585209949882,69.3553615563444,68.78681522824546,68.23015258619337,67.70322072229399,67.22154745718852,66.76863303266659,66.38972184140104,66.11101804773742,65.97313830025297,65.98956105587453,66.11612899037235,66.33385334238771,66.62573991629475,66.98034491750037,67.39131271731411,67.79730420313274,68.21986898687985,68.62601709983844,68.9754529221908
51.472525666316024,51.48938956363021,51.46595797981902,51.42425776135229,51.33364086633781,51.280670340904976,51.2306259983533,51.215914231179006,51.18135484574297,51.126194754476664,51.065874901325614,51.00276255278434,50.9521403808217,50.92110571164953,50.90983855502901,50.915852341537025,50.9363098037198,50.969756746592054,51.01466430413966,51.074937350057915,51.19589232826859,51.27367257616727,51.363417123976575,51.462054428334945,51.56953735433882,51.70193606717486,51.828909656399055,51.99169638798775,52.115152006827756,52.258668169792784,52.400498944968454,52.53788789069387,52.666552393750635,52.785691004532374,52.89825818137041,53.00176113149545,53.09130255659049,53.166877345872415,53.224269210491435,53.26884305924841,53.30006361088633,53.307036352855526,53.29469942820649,53.26459298745898,53.2235868780848,53.144135686937446,53.09311304583917,53.07539652699151,52.973147462977096,52.90307501575551,52.83138911780017,52.76295882420135,52.697772941506166,52.643185697962785,52.6056637971625,52.62992533893901,52.637869684283096,52.683226880794805,52.773713472338244,52.9166183333748,53.04714154976713,53.23012773693863,53.43154170447136,53.61102125360042,53.73714305957478,53.80008690826883,53.80669656454626,53.75699987134147,53.63808962002724,53.448374404127684,53.160628742215785,52.93863598365123,52.71555258238642,52.50674282771754,52.380683406930494,52.21014287113743,52.080837290285814,51.99317612162427,51.948262491480826,51.94860337369586,51.99689627195227,52.09439506105539,52.241014309145626,52.429869689793186,52.64030922923492,52.8845804098585,53.154632152469595,53.4597425191692,53.786657847643966,54.11749285468288,54.44384128161184,54.77967525935989,55.134689859637014,55.50174706815111,55.87178532516242,56.21954051718059,56.55225760715212,56.86128322494508,57.1589753870468,57.45723224330515,57.74835758361707,58.02764133348827,58.29924426952576,58.5749703000479,58.835422400362404,59.083510371779084,59.31790130527993,59.52132161516519,59.73904801370964,59.9525675001665,60.16647002628175,60.36745040606785,60.5791512183562,60.78163728634183,60.984069478989696,61.14894178789384,61.34672701731595,61.548639415235506,61.757999011628165,61.98032574004839,62.221643611424646,62.507882860225656,62.75368739221519,62.98814076384782,63.225766095901925,63.47133746620534,63.72576966583018,64.03182457924689,64.32263411403788,64.63558545426918,64.95917246388761,65.2793334441109,65.59246525848113,65.89991575857499,66.18350802527257,66.45271207889223,66.72720508738499,66.99626242066316,67.24034697810194,67.4781868048856,67.70993400329814,67.9259304961388,68.12399507968624,68.32353536395698,68.51340435181304,68.69405829849079,68.84986258287847,69.00287129742978,69.1892090113267,69.36341534698033,69.6301474964479,69.93465364683375,70.22297135472341,70.58834370938786,71.04645430099633,71.5628990173411,72.08151419555894,72.5934712737824,73.07758532547186,73.51681736282758,73.92228226114399,74.30553848075023,74.63076539306475,74.87887145043722,75.07732892512432,75.19998883252143,75.27131862552686,75.30670513184288,75.29905690626526,75.24737367289468,75.16060988373286,75.02921810256291,74.91426694652128,74.77008155627225,74.66325793040697,74.62732216623196,74.64013675477008,74.70746256276583,74.84547473197357,75.06026417682084,75.33030422754021,75.64346818845269,75.95105942944097,76.21534063884462,76.41117608207894,76.51479747213048,76.53098190379545,76.47119075832343,76.33809539720963,76.15528915565304,75.94123893768847,75.71581389946806,75.47731526654107,75.2287607875708,74.98160770053624,74.74634012106465,74.53346597056832,74.3510787354577,74.20693033162753,74.10752188962418,74.08827943635393,74.04531685743704,74.02221948708808,74.06468881500874,74.08604507141249,74.10142102915974,74.10463089849686,74.08920610637064,74.05115864212593,73.97776268821256,73.86145853242577,73.70935515929683,73.48857133714894,73.20495124501699,72.88991495883909,72.54984681893703,72.1003932610678,71.69300569884912,71.31820606942088,71.00583246016296,70.70501489442302,70.49145522225862,70.366011631594,70.32156685354408,70.35035981486622,70.47193038413415,70.59550007110559,70.79675928100497,71.03452222422561,71.29173313790639,71.54895064975031,71.77975140598095,71.9616711617451,72.085434552767,72.14968955113753,72.14955940277062,72.0598600363645,71.95579863982489,71.82261612841017,71.69119128375873,71.62729544718722,71.58919310574042,71.62689639264846,71.74903548690764,71.97135877822272,72.2740017483641,72.6071697170372,72.94354795642894,73.23638262732294,73.45567678879448,73.57377484845898,73.58715375303098,73.5096359865051,73.35292754898663,73.13159116436915,72.87626704978474,72.59675475700521,72.31440458559284,72.0398162834133,71.77804083994492,71.54130389414307,71.34763105100232,71.1971944884783,71.1336756893231,71.04047513995748,70.96692220334968,70.91229861838762,70.92221123417652,70.90344268469401,70.87924959947773,70.8422394521087,70.78632226465635,70.70373597225785,70.58361327565903,70.42809330398359,70.23611845395337,70.01959749886694,69.7857321928854,69.56445084181648,69.29467908867117,69.04844231080565,68.80581492807784,68.57525672939606,68.3725246077361,68.2009704444909,68.06117016555159,68.00785792127049,67.92241932963009,67.86363187910283,67.87793600243177,67.90621752683178,67.91264704444426,67.85565095426043,67.70881186517396,67.46055950731916,67.12136921314284,66.72867023107834,66.27079617312573,65.8548771997834,65.47373133652263,65.12460412710992,64.83754688687573,64.56087884219126,64.3418389981782,64.18308214844521,64.08072404971406,64.03542510221229,64.05436376268798,64.13564502823027,64.26786075739146,64.44094769664906,64.64565330303105,64.87499041384417,65.12340800721425,65.38813278989508,65.66456343554128,65.93770722815572,66.19815812092052,66.4306736607512,66.6383788919443,66.82390329629897,66.98535879668054,67.12285970924616,67.23734984150992,67.3271476717326,67.40759683598307,67.4900184650481,67.52071072062515,67.57747025040673,67.64345006463951,67.72108451127198,67.81488315477941,67.9283212597662,68.06240186353415,68.21711027282646,68.41764577873421,68.5813338007014,68.7559556660986,68.97244647374795,69.1838666023182,69.39865374503862,69.61250767271552,69.82139745757785,70.02125575834904,70.20891996896432,70.38241702171523,70.54022544519958,70.67897840451947,70.80092493526713,70.90333915946485,70.98636011790558,71.05614658187244,71.07559890151387,71.1161859415377,71.15874436109644,71.20608950585715,71.2639378801702,71.33788605486579,71.42533578278129,71.57783550179724,71.74112249702118,71.98257553977483,72.29673534019622,72.67057954163924,73.09745679943077,73.57571544358323,74.0241958901702,74.42258427269891,74.76682311488014,75.04496200050227,75.25026690170623,75.37788965207339,75.44241784162887,75.45281413239685,75.39165678867097,75.30768171142394,75.19015066684754,75.04566703564191,74.885410506144,74.7488011985617,74.65183849570695,74.65946792700868,74.71549181822864,74.8429368424454,75.07247301221713,75.26872328254174,75.55723406838264,75.77233838724878,75.9479720734249,76.0483318180398,76.07471595392177,76.02304418574465,75.90632042983981,75.7367858645054,75.50616168482934,75.23866920622163,74.96326110157769,74.66966728273962,74.3660529457235,74.03292949049778,73.70893394555054,73.39693930810121,73.10589320217474,72.8474292417689,72.62992511425912,72.43831699181179,72.33476436469998,72.19484834896087,72.07062826223141,71.96259460525988,71.91514468149597,71.83770537566255,71.75297023674007,71.673501732711,71.58931426333723,71.49730635557248,71.37744584737575,71.20836394034096,70.97547458085218,70.64150342931168,70.24747318351504,69.76264342695895,69.21913272936806,68.65232850990476,68.10286419566606,67.58787674231714,67.12206653178224,66.68868459789049,66.33159978960707,66.0761817894603,65.9616468827016,65.99975168127935,66.14775204809152,66.3831139089924,66.68944411639036,67.05391621342949,67.46577733152213,67.87152582331315,68.29033875682018,68.69132134307279,69.03309054011358
51.457401054918954,51.467990163230446,51.441994262848475,51.39824698233877,51.30794741293686,51.25488418315996,51.20585562897477,51.1872799649627,51.15946018538482,51.10832932115581,51.052683379672175,50.995090320289776,50.95027147329949,50.92517882340818,50.91981941470668,50.9332613603596,50.960041786198204,50.9994198259256,51.048561652659025,51.11395241278309,51.23650441904534,51.31921577413725,51.41314524777026,51.51517312250968,51.625475832353544,51.7569078511257,51.88338672980969,52.04359280470439,52.16546179825425,52.30565977402408,52.4432417249552,52.57600648753045,52.69933157958831,52.812686431804316,52.91910899555326,53.01634387603559,53.10009796782845,53.17022346466162,53.22077883794625,53.259600458711844,53.285121094523326,53.28704217297328,53.27103248422507,53.238564004211746,53.195709971040614,53.116692227106924,53.06434525498263,53.04318766964227,52.94510982907732,52.87730539919523,52.80929459351058,52.744439192926755,52.68575598346419,52.638922320959985,52.60988207608714,52.64183678384637,52.65968774153655,52.71387204713279,52.81090169237493,52.959339314487266,53.090790418008325,53.2694315400073,53.4600687665361,53.62439263616834,53.73368902789047,53.77937700671322,53.771507495246894,53.7098953258419,53.582637350072346,53.38947261118344,53.09391583610177,52.87488440873677,52.65830959498081,52.459109838721794,52.35486123569624,52.1977588346574,52.0828879168107,52.00886321637879,51.97802576190186,51.99225398350205,52.05425739427547,52.16505984457495,52.32426000223581,52.52447185490187,52.74449801115022,52.997428049645364,53.27580457611794,53.58663148472759,53.91798966699814,54.25206313621956,54.579380169105214,54.91672915675018,55.27242339514696,55.63839138894268,56.007437869839606,56.35395051198233,56.6855577963938,56.99310653362326,57.28897827382705,57.58478154037297,57.87333391746637,58.150555286905195,58.419805823266906,58.693771180285985,58.95265953128755,59.20052134450811,59.43370882360401,59.638597107703866,59.85499782596673,60.06764935993318,60.281339088058616,60.48219409545465,60.69503553463237,60.89890949046253,61.10331909692729,61.274192322256226,61.475290772646794,61.68058539131604,61.89331739396553,62.11895216622102,62.36347528290674,62.65101935869689,62.90053429042825,63.138057317883636,63.37867452460585,63.62669695470295,63.88291741810651,64.18575317810934,64.47700211330474,64.78909656921095,65.11095483674445,65.42891329152309,65.73923029736609,66.04428106097167,66.32525565403273,66.59051932659021,66.86319180847234,67.12796728573139,67.36821673029098,67.60188810071266,67.83006040580466,68.04007398333817,68.23371927875112,68.43122196041485,68.61974004661958,68.80115184757071,68.95555273419058,69.12046945573356,69.30713367651956,69.49725724375445,69.76494298017295,70.0834386835289,70.37857508853068,70.74901065746057,71.20932111576899,71.7243542940721,72.23563491885787,72.73959291009285,73.20739374592421,73.62985812826356,74.01561859910059,74.37685418929897,74.6819073389967,74.90977628125773,75.08867347874643,75.19663258793096,75.25530498091594,75.28056073966123,75.26530728493316,75.20773491039526,75.11863699916131,74.98226767919826,74.87043289538784,74.74208723477422,74.64494144069798,74.6130557353698,74.64668384125471,74.72820472217774,74.87765944845587,75.09951814334634,75.37162005009415,75.67968658942384,75.97627417796905,76.22486104960645,76.40222872790123,76.48617604888928,76.48378044128677,76.40823439328622,76.26341037802645,76.07312030861286,75.85420160511411,75.62807009305857,75.39063854200653,75.14542439509238,74.90419307870157,74.67647515855658,74.47179157326423,74.29763035978131,74.16150677503514,74.06936149352171,74.05253792215834,74.01628796721253,73.99796453521746,74.0368926871914,74.05556098480541,74.0648090694986,74.06116835333785,74.03664043407134,73.98717444467519,73.90282771449235,73.77567275487148,73.6143113870553,73.3859150133425,73.09678575760758,72.77962355583315,72.43874796286336,71.9946223311664,71.59408868218885,71.23002589749694,70.92965725675036,70.64575145142881,70.44899788842643,70.33991615896356,70.31047569359256,70.35355433798061,70.48394624630191,70.61938329512073,70.82579475794128,71.0638909990459,71.3165930514899,71.56600481449546,71.7861470528153,71.95606340553573,72.0673149775891,72.1216373971657,72.11383325676562,72.02271223826081,71.91835356940307,71.78784542358132,71.6646302295315,71.61087167042298,71.58695614838885,71.64086178968802,71.77646664758169,72.00729380105116,72.31325703491216,72.64325239601948,72.96870061697027,73.24459227658203,73.44397650615974,73.54081144829557,73.53436869642809,73.44104876169767,73.27347057984848,73.04468644582592,72.78763316725383,72.50858477645659,72.22921171092051,71.95989555004446,71.7057760552588,71.47802334669034,71.2931844968563,71.1505575865948,71.08880300466494,71.00253369793747,70.93379048326042,70.8814421329706,70.88656047306709,70.86238350901473,70.83228078847375,70.78794208975044,70.72367083803624,70.63254727045334,70.50327443846133,70.34226678561544,70.14540879064077,69.92673082745004,69.69285657498276,69.47060493982384,69.20760099529959,68.96627015072859,68.72979370305907,68.50647887407007,68.31145296144412,68.14766468347503,68.01538579105454,67.96347265585531,67.88593822447848,67.83274707986787,67.84491873063455,67.86678664244796,67.86213231810362,67.7900691464741,67.62588216233132,67.36429828120444,67.01708421650457,66.62145277117747,66.16745984995009,65.7510108614264,65.38313846993029,65.04434262560785,64.76862166650736,64.50602517058323,64.30181496740416,64.15827474009023,64.07112300932398,64.0406671498856,64.07348923344723,64.16687699176404,64.30918070491163,64.49065216266482,64.70086978204154,64.93366882297609,65.18283498263327,65.44681313119132,65.72068640836576,65.98797722219686,66.24382364338905,66.47000436811908,66.67152923459993,66.85019207655924,67.00732246724702,67.14212415710887,67.25451964760721,67.3433235949258,67.42460525528892,67.50687401045462,67.54453224934947,67.60461986197838,67.67580650283574,67.75903201182156,67.8585075792917,67.97726768697434,68.11602186299413,68.27601663081403,68.47660190932142,68.64459720434937,68.82268577983754,69.03812065301075,69.24838535385365,69.46097730013784,69.67147852832062,69.87610723621933,70.07089062844405,70.25305160786897,70.42103701174719,70.57364507000082,70.70654457612396,70.82429336254994,70.92311807871168,71.0032514563786,71.0720538307888,71.09256549487482,71.1292960969112,71.17435961631318,71.22657374359068,71.29208984241215,71.38039636052932,71.48041588625942,71.64630288547848,71.8234561612017,72.07599666629187,72.39735810412903,72.77553637699711,73.20230169221234,73.67018580345687,74.10588301238315,74.48766907725417,74.81444909700565,75.07337060690641,75.2591517767949,75.36932782602794,75.41956459930849,75.41798380474474,75.3495611346475,75.26109721306933,75.14085640420116,74.99867289876666,74.84535926873602,74.7198910013422,74.63645895066554,74.65772607582682,74.72593373254692,74.86274415962527,75.09340073719056,75.29345259619028,75.57224299569025,75.77522145714991,75.93442952059452,76.01637479739699,76.0248486903772,75.95650764308469,75.82599284231769,75.6458104600854,75.40745057073116,75.13492620187513,74.85650426085373,74.56183957159784,74.25767239546461,73.92939074430186,73.6112258970374,73.30684991608828,73.02416471368032,72.77380451814632,72.56338794226654,72.3780458310184,72.27453314353511,72.14050917685952,72.021139465249,71.91674345141783,71.8655353697362,71.78566396575015,71.69698755819259,71.61230805697355,71.5210829814359,71.42013764069014,71.2888664114113,71.10875034935538,70.86508830374537,70.52172254445766,70.11907871155607,69.62898053740957,69.08319247526309,68.51887434852749,67.97733405725957,67.47499707938877,67.02566902875944,66.6125020805951,66.27773403417456,66.04585278131627,65.9545544281955,66.01384418217651,66.18262202378516,66.43487489397172,66.75489285404484,67.12858090669758,67.54042221454955,67.94527225819726,68.35976579392126,68.75520119745904,69.08910699956851
51.44030052068097,51.44479695154522,51.416703518525665,51.37138756742003,51.282288032701445,51.22956149948635,51.181925988431516,51.15947700688188,51.13859228833904,51.09179973785453,51.04111514008256,50.989305731349575,50.95047718127929,50.93141711599774,50.931968655007665,50.95277224281229,50.985748854007376,51.03088533030498,51.08404776183817,51.15430474594057,51.27781212847605,51.36522161320477,51.46308214788482,51.56823847894646,51.68107865353407,51.81108899364517,51.93669792814353,52.093645962862844,52.21384927478143,52.35041029014438,52.48347576337228,52.61139064972992,52.72918535428403,52.83659407722794,52.93676975565916,53.027726695475046,53.105733476463605,53.17049574166361,53.21438448002771,53.24766321145742,53.26771667237389,53.264911393011246,53.2455586525765,53.21110804203371,53.166810235750674,53.089008573803454,53.03577401856278,53.01118633570015,52.91812705466925,52.8530291755913,52.789115505055555,52.72819169043105,52.67634153903767,52.63749772253427,52.61705998168445,52.65627665508109,52.683958202648896,52.746713189438154,52.84980383121824,53.00292468884913,53.13475420065931,53.308168091832485,53.48712262272116,53.63558646689368,53.72769087586048,53.756078721959625,53.7339342837946,53.66084320103335,53.52597516677506,53.33035642084089,53.03019348098284,52.81501227902218,52.60557937773776,52.4163108107092,52.33256190202729,52.18936581032994,52.08923953233955,52.02901904273391,52.01232909340471,52.04041251695252,52.11598857298424,52.23985654746732,52.411312585751475,52.62249498905098,52.851714288404715,53.112913552688326,53.399233276569525,53.715361515637724,54.050748791380194,54.38766348299297,54.71556192356665,55.054080768437686,55.41015317017219,55.774765899847914,56.14261000720042,56.487733396100815,56.81810456953492,57.124076768522585,57.41806728196196,57.71140774830777,57.99741987782595,58.27263653782465,58.539615451818236,58.81192039104517,59.069360219018016,59.31711247228213,59.54922879006128,59.75586115233273,59.97102516334334,60.18289694372921,60.39646016183611,60.597320497244375,60.8113696734587,61.016704085598555,61.22313780606043,61.400326781445,61.60479512286631,61.81348562110946,62.02956228110413,62.25843734779452,62.506057357610054,62.794529748259286,63.04768338172128,63.288238488007394,63.53176145605984,63.78211401892906,64.03996334747161,64.3390822583253,64.63054592881659,64.94156693648779,65.26150073998551,65.57709608334928,65.88448007320366,66.18702799116743,66.46528739201078,66.72652976739046,66.99729589879996,67.25774570867036,67.49411264992835,67.7235931480996,67.94819050546255,68.15229587785572,68.34162228613513,68.53724436184086,68.72468905034015,68.90720497006045,69.06075040201605,69.23811659705389,69.42532490023162,69.63177989799294,69.90026233604365,70.23237005134501,70.53398672653692,70.90895261582327,71.37074510586864,71.88353879609552,72.38670516622801,72.88183168056088,73.33274852963899,73.73796687835704,74.10371696751507,74.44278790797125,74.72765423352038,74.9354812742864,75.09497085352197,75.18871587850981,75.23532632795231,75.25102211130076,75.22880154927262,75.16605641328455,75.07535208955213,74.93492606591079,74.82684656022386,74.71528257406032,74.62837332855018,74.60050261668471,74.65483723713766,74.75025525748102,74.91055122431784,75.13856474993369,75.4116394076624,75.71341549600744,75.99803547037097,76.2302790872934,76.38886714236193,76.4532118463724,76.4325944881507,76.34183742693254,76.18596999864536,75.98892302177238,75.7658546661943,75.53965055950945,75.30388249227462,75.06254684070599,74.82768841073522,74.60786045139811,74.41156422508062,74.24565445452276,74.11741591079347,74.03224373289981,74.01716128774581,73.9873157310083,73.97342812450208,74.00802108511917,74.02343661459307,74.02607846699112,74.01523771519945,73.98141498369452,73.92049653947382,73.825325071723,73.68761516918121,73.5173909407698,73.28191552583064,72.98791288897566,72.66927340002647,72.32825366876752,71.8905939639098,71.49765830310649,71.14493492796288,70.85667795500478,70.59002214395063,70.4101615027881,70.31727200800344,70.30241140712602,70.35913913638215,70.49732231082633,70.6439828726323,70.85469918552056,71.09237728810528,71.33987246654169,71.58087289492674,71.78995184649375,71.94773892673204,72.04661576582454,72.09134135211248,72.07636887116679,71.98483780875812,71.88092879872332,71.75384286675396,71.63949370305423,71.59595124323512,71.58638626006568,71.65633401332498,71.80491551057557,72.04338743223191,72.35150409377789,72.67714195515629,72.99057713417578,73.24874544471697,73.42783535437282,73.50350433511025,73.47770708877351,73.36926945082017,73.19161494157235,72.9562354423876,72.69821142557646,72.42029493965637,72.14444679644133,71.88084603028084,71.63471930151508,71.41613222118238,71.24011496278759,71.10511651864176,71.04445090256645,70.96485953230332,70.90062817602872,70.85021344389234,70.8497989920939,70.81977378338848,70.78342258926757,70.7315374557642,70.6588255876996,70.55922159318028,70.42102350751507,70.25487566400314,70.05360087086537,69.83327735359444,69.59991260497094,69.37702132871426,69.12139716471205,68.8853471123125,68.65531146401393,68.43941485714085,68.25213995046236,68.09604290239585,67.97109321837254,67.91984817707596,67.84988621195258,67.80191381982866,67.81115521327918,67.82579284008392,67.80939833256842,67.72194734352503,67.54054034674527,67.26617734922307,66.9118103189749,66.51423862694367,66.06552478940903,65.64933971259592,65.29544304331304,64.96751945957125,64.70317686101522,64.45493542941223,64.26568159095574,64.1373334215844,64.06522324051087,64.0493090130186,64.09558423243028,64.20055747990142,64.35239436643741,64.54169636066685,64.75688348680353,64.99263007756421,65.24205775665374,65.5048358870922,65.7757376725584,66.03683735045395,66.28784338839915,66.50758710575563,66.70294997280347,66.87489545907408,67.02793354498448,67.16032859747008,67.2709731794961,67.35916184092699,67.44160277435844,67.52393847487164,67.56910501173951,67.63282483627977,67.70943161539293,67.79836365663483,67.90353189017733,68.02753243727346,68.17079365145395,68.33583078932742,68.535927062076,68.70804035941616,68.88938670613322,69.10328506910224,69.31201039195084,69.52205055488962,69.72889286892831,69.92901291961134,70.11853977514974,70.29508495289708,70.45751541845316,70.60494872627133,70.73209839180602,70.84581518735975,70.94128195107359,71.01881916125427,71.08696549428532,71.10932441909162,71.14266754904124,71.19071197211318,71.24823204111033,71.32179113698712,71.42475834899338,71.53753176538585,71.71645379354062,71.90734167299904,72.17047889179857,72.49826716535165,72.87978335481336,73.30538481477357,73.76167466992796,74.18365301428317,74.54817192079253,74.85708401234665,75.09667682325508,75.26312570558258,75.3562535194143,75.39269258546261,75.37977041308316,75.30505310168652,75.21293390369944,75.090812384594,74.95176306053504,74.8061687755343,74.69242163815026,74.62285700260692,74.65736541262426,74.73742463272599,74.88295304173377,75.11350431298504,75.31660979062075,75.58423060159396,75.77445189886198,75.91667394694933,75.98001447162594,75.97068145827761,75.88603157179939,75.742232417794,75.55197287289157,75.30652774478352,75.02962447923073,74.74877569491801,74.45359860921246,74.14933346372395,73.82642528014628,73.51446423255149,73.21798504904856,72.94383161876107,72.70161492227547,72.49820637231218,72.31893650033257,72.21479452135625,72.08644154311592,71.97166411913379,71.87061401061933,71.81491478580263,71.73213913392031,71.63914978634054,71.5489640821364,71.45046343657143,71.34042626299474,71.19773220174338,71.00672936915413,70.75263042589168,70.40053306951559,69.98976184340117,69.49510578174595,68.94778077289328,68.38667868856358,67.85375958118627,67.36473870363552,66.93246409489316,66.54013055582602,66.22810798787957,66.0199597708436,65.95175291237841,66.03172159974352,66.22060805305279,66.48900471561531,66.82194919410787,67.20420226428952,67.61517955444589,68.01851938522326,68.42817989211369,68.81772747177946,69.14362345686875
51.42142800365304,51.42004066735314,51.39028645481967,51.34385486898731,51.256768581940854,51.204780713332426,51.15888645349269,51.132625497359776,51.11879278016003,51.076614823672074,51.031144851864276,50.98534785850856,50.95266513430447,50.93970281261538,50.9461488022305,50.97421671184554,51.01324681555571,51.06395745794858,51.1209335569178,51.195799560812766,51.319660327967554,51.41152235140916,51.51305088191545,51.62106769739946,51.73615790172043,51.864329948882215,51.98871955619877,52.14179738838604,52.26025695719824,52.39289688317614,52.52121475666734,52.64408687117666,52.75619585517,52.857532027905066,52.95138993723748,53.03608239298597,53.108399802632185,53.167898492234414,53.20531726205069,53.23327142201047,53.248098534730424,53.24089126300033,53.218517703520284,53.18244485339235,53.137084818668406,53.06121088079596,53.007503433414044,52.97953465858975,52.892243409684944,52.830251995841294,52.770813044644505,52.71414939777653,52.669413614435754,52.638749467587516,52.62699396808183,52.67304795225549,52.71043842826887,52.78147958450131,52.89015036983396,53.04712335927433,53.178803859809356,53.346179160005,53.51265581327306,53.644678238882356,53.71933461602375,53.730477454214615,53.6943260653373,53.61022880429785,53.46848701393248,53.271368954815024,52.97008069663609,52.75962682801109,52.55790698813506,52.378792352649036,52.31385584005161,52.18498177791944,52.09986524803783,52.05358767219418,52.051084449172386,52.092963997555174,52.181953599352845,52.318634321165206,52.50201409230032,52.723781350517314,52.96180379623173,53.23088723630261,53.52476307113038,53.845790588212424,54.18480974963467,54.52418744493695,54.85231532542347,55.19167778200842,55.54784461102526,55.910865010150545,56.27731565536103,56.6209172892238,56.949940216001195,57.25424899015105,57.546307163127885,57.83718796528239,58.12070323990604,58.393975818641216,58.65877049951505,58.9295180863782,59.185624522480566,59.43336903216692,59.6645450981556,59.87316487229473,60.08718498407546,60.298367383801754,60.511890417130175,60.7128891972628,60.92820765156228,61.13506909806787,61.3435645789669,61.527329100756624,61.73520622834904,61.94729081464359,62.1666713697784,62.3987085964546,62.649309927660795,62.938353622085465,63.19505980206617,63.43859985825312,63.68493195280716,63.93748649404979,64.19680156122045,64.49176314694556,64.78321919072094,65.09296193289923,65.41079076942769,65.72387594667919,66.02822279824964,66.32817253911591,66.60362838785802,66.86079636109999,67.12956455971081,67.38566676807183,67.61811969956808,67.84340466590572,68.06443037131004,68.26273872098663,68.44786444369439,68.641755628702,68.82839679296823,69.01233994490333,69.16559951893034,69.35579603283756,69.54381062394006,69.76681242582477,70.03599129121318,70.3811950806433,70.68891348852529,71.0678497542997,71.53039405403405,72.04012001553329,72.53443243175606,73.01990102097066,73.45345948118909,73.84103002542663,74.1865564649331,74.50341326568903,74.76814331009012,74.95619932568191,75.09652613917642,75.17656618338646,75.21171898072758,75.21842126108885,75.1898518409258,75.12262705862672,75.03099773573057,74.88745583857586,74.7837144285258,74.6896578378284,74.61346808635594,74.58963760335483,74.66441769368761,74.77337702701284,74.94388460163667,75.17714637212976,75.45014326656585,75.74451556776606,76.01629055390688,76.23163426620351,76.37122075618927,76.416107302424,76.37767853853912,76.27228180205682,76.10605709642832,75.9029575628604,75.67643322383282,75.4507413114089,75.21718711612138,74.98021882454681,74.75212736011596,74.54047319916793,74.35271393779199,74.19504722831633,74.07453071929986,73.99602894641625,73.98205433290404,73.95828269743792,73.94847940703,73.97801933385362,73.98965929353145,73.98527749804248,73.96693215781917,73.92367521010435,73.8513348923158,73.74550261808157,73.59756001028845,73.41887771336181,73.17684994818602,72.87859025274209,72.55908450880798,72.2185563626966,71.78841364881501,71.4037715068217,71.06293548459915,70.78688469984846,70.53775202197473,70.37482088126431,70.29791744695127,70.29719623318154,70.36692799139374,70.51192187892812,70.66914237260735,70.88334204090107,71.11988613266563,71.36153268553791,71.59358053241814,71.79125936582199,71.93685043709971,72.02354047108254,72.0590205136593,72.03738044513332,71.94636286526244,71.84360177423642,71.7206413169021,71.61574216608705,71.58246191957228,71.58734187211026,71.6730975111502,71.83412607925837,72.0793861685572,72.38852470807609,72.70868452019191,73.00911726871044,73.24889046741212,73.40739887051339,73.46207442065725,73.41743463099333,73.2945768011933,73.10762366022857,72.86647756892627,72.60818381136008,72.33201871511156,72.06019448371266,71.80270084706895,71.5648473820289,71.35555619086959,71.18831199482979,71.06074036870261,71.0005428480565,70.92735349462117,70.86732382109085,70.81850039612469,70.81188710147684,70.77562993683092,70.7327343229028,70.67312862899742,70.59193240978801,70.4839400376299,70.33707804083997,70.16612867193258,69.96089385667808,69.73940747212302,69.50703480609934,69.2838288038047,69.03611471379674,68.8056773005646,68.58233089559512,68.37398958740091,68.1944789604093,68.04597319738838,67.92814197644702,67.87689531003745,67.81414501223924,67.77099562540633,67.77656555951467,67.78323368643855,67.75453569037256,67.6514680129166,67.45305634062052,67.16650007418151,66.80584067622307,66.40728269048036,65.96514165844248,65.55004343819499,65.21071047887615,64.89415491515373,64.64122916521708,64.40758568265245,64.23337743242325,64.12016572191509,64.06290938481061,64.06122122215885,64.12051416324466,64.23655470986854,64.3973759331138,64.59395789863001,64.81358690121394,65.05178478807498,65.30101766022662,65.56217281512413,65.82972349478335,66.0843507859889,66.33030822115538,66.54354919878534,66.73279496028582,66.89819747352487,67.04737440342565,67.17763874123627,67.2868613710225,67.37479625655273,67.45869597570407,67.54131401912214,67.5944519759453,67.66208344440747,67.74428746669079,67.83900995235403,67.94986076449428,68.07900228287123,68.22659480364356,68.39641342591318,68.5955282977701,68.77155662169133,68.9559422618426,69.16786506176727,69.37469956362884,69.58186579154021,69.78477914329491,69.98017875935706,70.16430400783727,70.33515555729402,70.49201758297225,70.634324485675,70.7558567246502,70.86571539819515,70.95805681629341,71.0332832930518,71.10107722955007,71.12600199582485,71.15645727772731,71.20791877578121,71.27113068373902,71.35304485645217,71.47085105405601,71.59649309697782,71.78806011896413,71.99248417942624,72.26569651587171,72.59914260363676,72.9830170293663,73.40643058239914,73.85001556630617,74.25742819037515,74.60411350011879,74.89482632232914,75.1150553330826,75.26242483371578,75.33894377649698,75.36210161173224,75.33847710489785,75.25838423948761,75.16339721695827,75.04018882987019,74.90504174278891,74.76786253707819,74.66632902208944,74.61088367512528,74.65819706708716,74.7497244385969,74.90330002304877,75.13258382641975,75.33797580328111,75.59310581929171,75.77000108463596,75.89476743310567,75.93939656395996,75.91241845099638,75.81185941474666,75.65529896208635,75.45553178734748,75.20363451961494,74.92297947408848,74.64026485427561,74.34510222269299,74.04117600066279,73.72411359324799,73.41868206329181,73.13032688643445,72.86482775946706,72.63075529050596,72.43424955098946,72.26084317254511,72.15546450049432,72.03254124258163,71.92208373837008,71.8240793859235,71.76323326166845,71.67712310566736,71.5794887182941,71.4835404304387,71.37756588409258,71.25832230226914,71.1042429047386,70.90252693912016,70.63833998492584,70.27816073005772,69.85976573736949,69.3612615108632,68.81313760112239,68.25596747446306,67.73233817765852,67.25725858518379,66.84256087695628,66.47161509862886,66.182705063498,65.9984315055806,65.95313431089407,66.05326697515775,66.26157927149397,66.54537179221278,66.89047620142917,67.28064355319012,67.68998153926059,68.09124308182928,68.49561084532824,68.8789709748164,69.19676106832745
51.400987443886166,51.3939520494328,51.36294377969955,51.315824239431834,51.2314949169645,51.18062024814639,51.13678640092751,51.10684557681962,51.100103286402145,51.062783397707655,51.02274718432489,50.98315577431158,50.95674296191851,50.94991813645829,50.9622223826738,50.99742649040978,51.04235147925162,51.098440407074776,51.1590299631386,51.23824206868211,51.36189388892661,51.45795024678981,51.56287450745735,51.67347797762292,51.79052566075261,51.916481170985755,52.03932791877364,52.18798860719696,52.30462736629354,52.433096718141876,52.55647240128807,52.674141645755014,52.7804452195786,52.87561837093749,52.96311901583757,53.0415837717404,53.10828766647046,53.16263603172998,53.193808309330045,53.21666519489631,53.22651487188529,53.21522903297142,53.19014940731591,53.152794190755145,53.106730866247226,53.03342530185331,52.979637596370814,52.94837477173573,52.86750316405654,52.8089795108428,52.754348404486954,52.70224539602543,52.66485621586761,52.6425151210216,52.63948048940677,52.691953674981875,52.73888577904522,52.817900509112626,52.93167178918787,53.09168422857692,53.222710357547726,53.38330651211556,53.5366208784383,53.65174344524019,53.70880626091915,53.70285860368475,53.653031975023005,53.5584374430174,53.41055683534175,53.21285333482089,52.91386547430172,52.70910464631881,52.51572685790197,52.34697098966359,52.29881348389713,52.18462471719031,52.114738175071025,52.082513176264186,52.09420379238792,52.149793448817924,52.25201626465546,52.40124231710132,52.59620655449003,52.8281731975777,53.074612269864566,53.35119941780341,53.652238777106476,53.977776678764485,54.32004707060607,54.661528571985265,54.989569155102984,55.32946788504841,55.68546314401868,56.0466831291342,56.411568732437615,56.75353031103913,57.08110702521838,57.383678259016655,57.673762669001235,57.96219928946973,58.243271778916785,58.51466386174949,58.77736831069263,59.04666442033784,59.301552500601936,59.54937630122832,59.77974164139088,59.990559390832836,60.20353224639906,60.41411781239805,60.62768702345667,60.82895978133564,61.04560348567023,61.254052554188455,61.464638388224486,61.655183215487405,61.8664902494695,62.08195168194625,62.30458235672275,62.539693223886864,62.793153085185104,63.08243057334804,63.34258868743486,63.589057012654784,63.83809107739106,64.09271221523132,64.35332616664805,64.64374717102096,64.93497552916531,65.24324693524481,65.55880552088792,65.86924700860256,66.17046668475975,66.46773069477082,66.74030379022567,66.99337206752593,67.2600449925479,67.51179954252741,67.7403228417643,67.9614253729902,68.17888607238535,68.3715450540262,68.55260609328501,68.74490882146523,68.93100870449715,69.1166790510428,69.2702440175087,69.47349107453135,69.66261878912191,69.90218394337887,70.17201557283467,70.52966110178514,70.84306259427889,71.22538224271376,71.68793574300392,72.19376544450726,72.67852420952875,73.15351436710648,73.5693364051474,73.93893398179102,74.26411618990046,74.55880389137432,74.80351180216013,74.97214333160298,75.09364442543523,75.16051098168938,75.18481925333333,75.18309020335285,75.14877030153494,75.07773572348589,74.98581651852183,74.84011957306892,74.74124298779014,74.66520328977633,74.60014020650743,74.58043548855827,74.67524596217339,74.79733288911041,74.9773941224896,75.2150053854814,75.48691259312524,75.77284746426224,76.03098667583699,76.22896610063474,76.34941900011141,76.37506485488824,76.3192870866041,76.1998494614536,76.02395450873725,75.8154841996057,75.58617238093348,75.36152836134498,75.13069241232292,74.89853104674982,74.67754359032264,74.4742906014447,74.29517072317306,74.1457048897963,74.03272418095169,73.96057747272873,73.94712185742078,73.929071415115,73.92298753488937,73.94683275845631,73.95421635437658,73.94245443905778,73.91634485493451,73.8635665681649,73.7798994689952,73.66360821174504,73.50578151312666,73.3190555977528,73.07099535398146,72.76907546252758,72.44927689956666,72.10984847069768,71.68818687539925,71.31248523855417,70.98402989118637,70.7202676362036,70.48886613548714,70.34285083977554,70.28169074404474,70.2946524107963,70.37673468433823,70.52760825182791,70.69470536401306,70.91159280124103,71.14632257398878,71.38153501095468,71.60415336834363,71.79016318960562,71.92355064840446,71.99829264697217,72.02489397948753,71.99708217782434,71.90741352517976,71.80644994239319,71.68827363299975,71.59333608039012,71.57033145338309,71.58968141586209,71.69093673075456,71.86384235699913,72.11503650681941,72.42410066092144,72.73772621687081,73.02426078123924,73.2450756803518,73.38281259166124,73.41674261669075,73.35381702401358,73.21724956013773,73.02175976188757,72.77565224031405,72.51773231121214,72.24388957132925,71.97653941429198,71.72549312335529,71.49613710011549,71.29622092900235,71.13766513901618,71.01729822086097,70.95700230616376,70.88991643645723,70.83376595788299,70.7861908346395,70.77278511143591,70.72996839835771,70.68027531042303,70.61281868829755,70.52313720044317,70.4068837009936,70.25165559645565,70.07623454218974,69.8674869101298,69.64529157785874,69.41435770161742,69.1911561604121,68.95180075944185,68.72726482049202,68.51081468245528,68.3101279736427,68.13836337690336,67.99732366458747,67.88638159421934,67.83452487984476,67.77859634552529,67.73985602302196,67.74106987849002,67.73910674821073,67.69763499405005,67.5788136221523,67.3637000661617,67.06556981888629,66.69946844391836,66.30083985389084,65.8664611239903,65.45330172312657,65.12900619882491,64.82426927850882,64.58279527393071,64.36395199427812,64.20484105539695,64.10667917006954,64.0640660837591,64.07627430785385,64.14814442949782,64.27473689889149,64.44399959608566,64.6473143845292,64.87087250916956,65.11104356497489,65.35965602430292,65.61879567281358,65.88265014170483,66.13058070186358,66.37130900686213,66.5780179723328,66.76121805077794,66.92028214959295,67.06582741610332,67.19422029931387,67.30233515603236,67.39036068861955,67.47599144183837,67.55910280402885,67.62059611011681,67.69239395745818,67.78033612110896,67.8809014056215,67.99739887930042,68.13156399597528,68.28330289429312,68.45762521811773,68.65531267717596,68.83503934696428,69.02223626382262,69.23178597075074,69.43641071590683,69.64041529233607,69.83916580017673,70.0296690070596,70.20828413587775,70.37339897430523,70.52470884644363,70.6619604198757,70.77803644774109,70.88421898355472,70.97366871411396,71.04686391229038,71.11458469377116,71.14272454673511,71.17082226276901,71.22609737460208,71.2953359567998,71.38585409336446,71.51855350951534,71.6571095578527,71.8608937547295,72.07858882749646,72.36132383808807,72.6996644987571,73.08493395493409,73.50516341037378,73.9350420159011,74.32713083516391,74.65551451203756,74.92777448837904,75.1286808199232,75.25728530684115,75.3176756415404,75.32809148975824,75.29440702767447,75.20980609775037,75.11269258648973,74.9891559618737,74.85861316737008,74.73046406390695,74.64154906626328,74.60038999181475,74.6600321689016,74.76259306999064,74.92352163784814,75.15043936431387,75.35733157161943,75.59877758198135,75.76184038672285,75.86877205967988,75.89466679763238,75.8502638619069,75.73423461478434,75.56545228101228,75.35674588787668,75.09901220785397,74.81520662224837,74.53116118943167,74.23650823914893,73.93333985644236,73.62253617882392,73.32391250045728,73.04385760769836,72.78708697784842,72.56112045918748,72.37138662489184,72.20362002044688,72.09645908328025,71.97870407010812,71.87227983744219,71.77701268038945,71.7104411293068,71.62060810648575,71.51803615116339,71.41610772411956,71.30250057934819,71.1739758382963,71.00859820676354,70.79636899863651,70.52245601848254,70.15483125165639,69.72933355178012,69.22769007565655,68.67950293881421,68.12696665067593,67.61326725688869,67.15271369416013,66.7560685217218,66.40700078404916,66.141508673806,65.98119673306563,65.95859059938618,66.07836334959667,66.30540481470827,66.60384454205374,66.96033694085841,67.35776804038417,67.76476035704327,68.16341922545352,68.56208844749544,68.93900251535213,69.24864099025784
51.37918278143134,51.36676183656283,51.334876201134406,51.28747103114481,51.20657289408169,51.15715852737649,51.11567520750511,51.082257385684656,51.082565432619774,51.050314279060565,51.01589680677188,50.98266855130339,50.96261829366481,50.96194531072364,50.980051922636136,51.02223330145545,51.07287865350348,51.13413837590193,51.19814790574126,51.28143748083107,51.40435768276003,51.50433755738606,51.612376082105726,51.72528651937103,51.843994014470624,51.967393114104766,52.08839932066632,52.232161145218576,52.34690302285624,52.470986960064096,52.58926239368214,52.70160146734934,52.8020155848421,52.890971193426985,52.97210646700881,53.044403634910495,53.10558778811466,53.154912675506324,53.18008874718061,53.198084634640324,53.20321387413089,53.18817195295549,53.16069353422285,53.1223758065895,53.075945524940664,53.005777990744484,52.95228060426755,52.91784880856275,52.84395058771612,52.7892173714934,52.73968277679234,52.69241276624005,52.66255334954239,52.64863224773845,52.65431599978674,52.71279682287257,52.769057615626664,52.85570524006246,52.974098570245765,53.136356199570876,53.26624465596368,53.41939191575491,53.558970358463405,53.656857579073076,53.69629182308557,53.67350757057659,53.61040114799968,53.505854424574,53.35256857479997,53.1551526825735,52.861595506924104,52.66344659098511,52.479054773374514,52.320943504318265,52.28750526769179,52.18831260790694,52.13383142460457,52.115739626448466,52.14159908623429,52.210785894248694,52.32604036016633,52.487529686708356,52.69373200492831,52.93551278850893,53.189985444536525,53.473700414505956,53.78150521180382,54.11117776360677,54.45633528313899,54.79958041407171,55.12725219303248,55.467398765143635,55.822974195464944,56.18221466608263,56.545383156546315,56.88560058123463,57.211647286612205,57.51241963562735,57.8004985512584,58.08651881904271,58.365213270068395,58.634791399544056,58.89550622968624,59.163459546976775,59.41724421230893,59.665219556532115,59.89490231327092,60.10809583118998,60.32012190855012,60.53020536176523,60.743907150331495,60.945591835288674,61.163611192509656,61.37370248027828,61.58639820641097,61.78387306093373,61.99861334660218,62.21741893304527,62.44323293867155,62.681318541777095,62.937506922309176,63.2267001952196,63.49019517379922,63.73952553524641,63.99114389235474,64.24768901763971,64.5094312710493,64.79498565760241,65.08576857429718,65.39238732032398,65.7055255901832,66.01320339620918,66.31121994498973,66.60571844808581,66.87533874776504,67.1243098464753,67.3887843986542,67.63621311062884,67.86080703907105,68.07775798821233,68.29166367772673,68.47885741826968,68.65600757676314,68.84685700059751,69.03267021492042,69.22034456742216,69.37482783032657,69.59118503358212,69.78177733725433,70.03772356678432,70.3082209080613,70.67751544513179,70.9961412635809,71.38123025088923,71.84303795551705,72.3441425751394,72.81868799363271,73.2823851547526,73.68018910608676,74.03156515976889,74.3363752409628,74.60903341394908,74.83389694318467,74.9835261882083,75.08663080202385,75.14087775254711,75.15496345986122,75.14536095242005,75.10586907274218,75.03167128492622,74.94005101875123,74.79317984526537,74.69963872551335,74.64190919360188,74.58830418139699,74.57287106547318,74.68714279386376,74.82188570211093,75.0108143289538,75.25188416553551,75.5217283536614,75.7982718450586,76.04207108342143,76.22231410488507,76.32359130485658,76.33028694160926,76.2576746264976,76.12482234791733,75.93994507293411,75.72676319973715,75.49530724040012,75.2721977219059,75.04453837965528,74.81757420745011,74.60397076483402,74.4092898578071,74.23886459299835,74.09752364759697,73.99186927614628,73.925749650495,73.91226866108367,73.89956443265315,73.89682166016827,73.91440668398874,73.91709512988456,73.89765756644212,73.86356898028293,73.80123451274028,73.70640023530608,73.57988971089051,73.41255391262925,73.21820848686424,72.96462881678961,72.65962613195292,72.34007058969144,72.00232241881788,71.59001913317961,71.22385644352363,70.90822047150498,70.65681690899244,70.44328953447398,70.31412619424236,70.26843016752142,70.29460217900737,70.3883729965385,70.54424473074634,70.72051541581654,70.93932094369869,71.17159165333663,71.39984074526811,71.61261704407717,71.78675689665037,71.90799227241197,71.97107584710274,71.98918084727849,71.95568826839902,71.86811590591601,71.76955074964431,71.65677267402097,71.5722359077236,71.55948759861617,71.59326332266046,71.70963611972888,71.8938083471669,72.15008494381077,72.45801373542872,72.7641131709373,73.03594743242712,73.23734941922038,73.35422205489611,73.36772983496506,73.28711996876027,73.13756647497408,72.93428627261966,72.68399887142307,72.42703891174004,72.15604097681641,71.89356622973666,71.64925598208629,71.42856525908996,71.23805210883111,71.08806394138037,70.97465915920024,70.91375274191702,70.85244920937777,70.79984312584133,70.75317260440863,70.732453332191,70.68280559698458,70.6261048728718,70.55071071251216,70.45258585580679,70.32823368046272,70.16497373238184,69.98540200756048,69.77357919327144,69.55110006562458,69.32201581477459,69.09913219385354,68.86850241853561,68.65011377710194,68.44072550924717,68.2477549246587,68.08368658556303,67.94996240012813,67.84566160063098,67.79264771160285,67.74312193199758,67.70835853909676,67.70458827935423,67.69340959209929,67.63878684613476,67.50416663873557,67.2727414455735,66.9636899461439,66.59298677773009,66.19516500927854,65.76963385299243,65.35929425229364,65.05039562536464,64.75788283579011,64.52789188197384,64.32401042826342,64.1800110234671,64.09678129503517,64.06857797889224,64.09433880065117,64.17834043479725,64.31497226419631,64.49213954649791,64.70164342633925,64.9286327945672,65.17031701873042,65.41791417983362,65.67467621768694,65.93452387998698,66.17559027113987,66.41093661072391,66.61112075152256,66.78837309801072,66.94133351695966,67.08347495655016,67.21023898260934,67.31754546837158,67.4059889839441,67.49359575527383,67.57740699041473,67.64756038240402,67.72375464652849,67.8175396430271,67.92396852307948,68.04605091165374,68.18510434879333,68.3407954981326,68.51932684348755,68.71518726106571,68.89838189102447,69.08815252893027,69.29497313579752,69.49710169580392,69.69769133952354,69.89208128833016,70.07754791432204,70.25058096864231,70.40995075717609,70.55575455000643,70.6880446005373,70.79885443416333,70.90155093193707,70.98834368427808,71.05978107948918,71.12768354413676,71.1596183934831,71.18591948396588,71.24536511586057,71.32091414561563,71.42022194028111,71.56774474916946,71.71919082482775,71.93472659381723,72.16536076422274,72.45703515802438,72.79951293048535,73.18523068579502,73.6013077139822,74.01658754202248,74.3926832431544,74.70239565335365,74.95602697192237,75.13772796731122,75.24794327060528,75.292726158809,75.29096203118162,75.2478633288988,75.15957022617432,75.06102544593783,74.93788400244858,74.81258155612038,74.6939968665599,74.61801768377532,74.59122697626954,74.66268184775375,74.77579044673826,74.94335442040976,75.16687101348657,75.37445803308368,75.60115482286089,75.74994117737361,75.83874990728827,75.84597089587655,75.78442188438257,75.6534006147703,75.47295218038946,75.25587385890275,74.99290212212911,74.70652135951046,74.42165415089124,74.12797448568979,73.82596488122401,73.52177353209092,73.2301886552469,72.95855939229274,72.71054311595523,72.49260526466969,72.30948674061274,72.14712121682875,72.03769427204497,71.92482582054693,71.82213393083448,71.7292869970763,71.65648872069079,71.5625863618698,71.45482388205862,71.34673658541816,71.22537777768702,71.08753695085912,70.91099779418485,70.68848148708611,70.40521756419642,70.03077035988389,69.59870844495215,69.09463382702121,68.54711676483241,67.99990216165214,67.49674422908913,67.051261000691,66.67309617596273,66.3463326871325,66.10450223157952,65.96818420083689,65.96801375349855,66.10689376423773,66.35195381829523,66.66429138342784,67.03139447724533,67.43543899285656,67.8394481958434,68.23502369353413,68.62764249254599,68.99789290216897,69.29938437897307
51.356217956339584,51.33870076752184,51.306284427093246,51.25897059651749,51.18210836960177,51.134473974470964,51.095602249994705,51.05898106437813,51.06622084436733,51.039216286830076,51.01056838851276,50.98382526202884,50.97019875908683,50.97566655860864,50.99949994841608,51.048468867933,51.10464414671968,51.17085556264843,51.23809830996646,51.32519100854206,51.44689658087463,51.55051654123723,51.661378663455764,51.776310522398006,51.89637504671447,52.0169162323882,52.135810066675035,52.2742565283738,52.387026447675275,52.506544773965274,52.61959843029722,52.726512829844,52.820989088292805,52.90370858247539,52.97850176630058,53.04471478566834,53.10049088770101,53.14493273891944,53.16438970091725,53.17776984576784,53.1784437317596,53.1599672729834,53.13038985450059,53.09140945336289,53.044925941202095,52.97839510123836,52.92553655393866,52.88809890249544,52.8216299505958,52.77097122869063,52.726777353770146,52.684584589482625,52.66238902166926,52.656938412639875,52.67129695334916,52.73538039553992,52.80071129866198,52.894623054141206,53.01716119397339,53.1808881750702,53.30917771714647,53.454277138513795,53.579656793594886,53.66009613348682,53.68197731506196,53.64270975509673,53.56678271941529,53.45286505634962,53.29490617610423,53.09861011978788,52.813313090074786,52.622618968214915,52.44780750566553,52.30061379191814,52.280001625563536,52.19606342983372,52.15711810780395,52.15321109425157,52.193182293894544,52.27582635735534,52.403889677159675,52.57734558141903,52.79443247622284,53.045642381587804,53.30776905548087,53.59824054372546,53.912407192528406,54.24585181905209,54.59354891607796,54.93823652113011,55.26529321963932,55.6054181098801,55.960343191676586,56.31745403027949,56.67877284580331,57.017156219498126,57.341603289608415,57.640528180491174,57.92657956157577,58.210223652174186,58.486615488571076,58.75444916441954,59.013281600831164,59.28000362034783,59.53279971652828,59.78098407514409,60.010111007299614,60.225825316609104,60.437008928764605,60.64668716415052,60.86060796727053,61.06284494494772,61.28228478880768,61.4940669026553,61.70888300610417,61.913382572392,62.131541680121614,62.353643277968516,62.5825608123592,62.823511861810914,63.082291531159235,63.37110208087276,63.63780439713122,63.889921010062004,64.14399546024151,64.40231473644114,64.66501098171926,64.94542993374067,65.23555195626406,65.54034846493636,65.8509315731304,66.15573923658877,66.45049079119536,66.74215178901459,67.00875840912738,67.25366265775523,67.51582997937265,67.75897655096782,67.97965725404232,68.19250523043125,68.40286925637237,68.5848183550123,68.75822923598493,68.94775322656582,69.13352675423138,69.3234587729848,69.47949488995924,69.70886122143662,69.90131420981442,70.17326041216998,70.44449302404624,70.82450544104454,71.14785671621433,71.53507394864995,71.99536847431222,72.49091889955157,72.95463127815465,73.40622681969326,73.7858273885801,74.11880997167883,74.40331271666587,74.65417546233525,74.859435966618,74.99056079165656,75.07579035866775,75.11799397508811,75.12248791440284,75.10556552261784,75.06146029618964,74.98472262001185,74.893943817244,74.74689923104057,74.65910812919184,74.61976581300291,74.57787450341688,74.5669191272777,74.6999289400275,74.84679832435164,75.04387976310643,75.28752508783893,75.55437151449516,75.82064936971769,76.04949102392041,76.21171779325245,76.29386710115293,76.28197600043123,76.19309565237162,76.04748240424252,75.8543116263809,75.63705483098357,75.40407290513649,75.18293540567977,74.95886501689459,74.73743900678274,74.53144254712885,74.34544816783382,74.1837255590425,74.05039971035261,73.95183898528103,73.89140581837277,73.87739954368048,73.86964429866595,73.86985093495483,73.8806864355125,73.8782829528114,73.85093515660064,73.80869770760202,73.73682449869463,73.63104715704246,73.49459497369502,73.31815144372976,73.11662027361754,72.85802741018321,72.55049987463889,72.23168559657125,71.89617063310428,71.4940159116732,71.13794206694975,70.83550954933551,70.59652266313716,70.40094726892143,70.28852176058537,70.257973985619,70.29686777685183,70.40165670931744,70.56169461690412,70.74641609698487,70.96639594543225,71.19559841197102,71.4164111909543,71.61899720099272,71.78113406576192,71.89032802088792,71.9420936250834,71.95210021471355,71.91341291601653,71.8285961248772,71.73298164244062,71.62617129893972,71.55240210984762,71.5498581092202,71.59794602384486,71.72898012566405,71.92376805313071,72.18427797632361,72.49004571471261,72.78769150813582,73.04411698293917,73.22576001970224,73.32177279729767,73.31525698723432,73.21760916615945,73.05580629302305,72.84546621849522,72.59175687712538,72.33628559955127,72.06860640008009,71.81135957160417,71.57402254620848,71.36210866226752,71.18097540360627,71.03939794795578,70.93269226780403,70.8707176203451,70.81485266494892,70.76544386440217,70.71933355040392,70.6908520739621,70.6341579617271,70.57028233129279,70.48690778048865,70.38042427202052,70.24817107322862,70.07725000663822,69.89383980083075,69.67936986815394,69.45700333024344,69.23014366882028,69.00788569944594,68.78626680796619,68.57422827540152,68.37202606062345,68.18679534924138,68.0303419720068,67.9037575001453,67.80583152462333,67.7511746304167,67.70760349184292,67.67636670005183,67.6670408712563,67.64613978480311,67.57808184916068,67.42770953016984,67.18045040106055,66.86116381876083,66.48668883332756,66.09051304874677,65.67481051238873,65.26820071059917,64.97494418070059,64.69501587315112,64.47653568416423,64.28773704858256,64.15882590022396,64.0903796257992,64.0763297117459,64.11528523109837,64.2109675827504,64.35712902300912,64.54166997549547,64.75682263203502,64.98676024130371,65.22951575980802,65.47573345776969,65.72978620727073,65.98535097629397,66.21944266687963,66.44928189794518,66.64298486147915,66.81441395571512,66.96153560530642,67.10049939829895,67.22586050202914,67.3326432418861,67.42181498934283,67.51161549852289,67.59632873910265,67.67536776095689,67.75616378271505,67.85586009682493,67.96814181137026,68.09572153861212,68.2395101135331,68.39895018989208,68.58137897956914,68.77505911021147,68.96147760966144,69.15357487402245,69.35735189665247,69.55673035033922,69.75368621534905,69.94355405651152,70.1238797327476,70.29129531550205,70.44494645915205,70.58532003479972,70.71276509932369,70.81852755700143,70.9179362318408,71.00230776652862,71.07225485516737,71.14056943783494,71.17680985772928,71.20190592111754,71.26583934684142,71.3479315355095,71.45615148975928,71.61830380681646,71.78254657472029,72.00933052920774,72.25250513661818,72.55250477525749,72.89836797859425,73.28360377622734,73.69458790850904,74.09448566797988,74.45400770885139,74.7447776208717,74.9796822343851,75.14237145878087,75.23463487065473,75.26437237256724,75.25101304764321,75.19914915605658,75.10792817445905,75.00860122894653,74.88654317343887,74.76705113088165,74.65848445557634,74.59567078772919,74.58324565208382,74.66595723332972,74.78907648867066,74.9625349050115,75.181678860757,75.38913612512192,75.60014647512814,75.7342748288392,75.80476305654713,75.7934545819257,75.71509671179678,75.5696008575624,75.37805846603537,75.15317438484922,74.88554557506895,74.59713912167479,74.31193318915942,74.01965878942498,73.71919092516902,73.42190614826595,73.13754363885961,72.87441441967002,72.63513001583759,72.42510454330225,72.2484190447456,72.09120093448158,71.97908606911938,71.87080228874953,71.77152753303123,71.68077543904316,71.60132636779366,71.50305009731399,71.38988370808993,71.27549763657362,71.14630773445779,70.99915571974056,70.8116413533692,70.57909034385192,70.2868636597022,69.90620378031252,69.46813357520473,68.96233511585238,68.41621905804082,67.87499995184173,67.38296650447224,66.95305747490292,66.59375298645195,66.28965588292446,66.07166914959454,65.95932265643273,65.98129574887483,66.1387412602583,66.4010954178544,66.72658073462468,67.10351187543958,67.51351967759206,67.91397724371055,68.30603236350926,68.69230277441052,69.05571294404925,69.34911239078637
51.33229690866185,51.309999581088405,51.277369165545196,51.23049828794108,51.158207199834095,51.11264501287803,51.076616905165444,51.03713675332328,51.05111114719918,51.0294982401154,51.00673659885507,50.986564979032735,50.979391987727965,50.99096410331047,51.020428986312226,51.075964912792834,51.13746376730861,51.20839616553265,51.27869210105489,51.36930786309749,51.48935545467721,51.59631945638272,51.709705309102645,51.826367186458036,51.94748084132414,52.064900979985005,52.18143646159799,52.314216282585654,52.424940161539524,52.53974732486792,52.647494207581,52.748922227123344,52.837447867263045,52.9139486251845,52.98245438926225,53.04269002718606,53.093187685365756,53.1329005373253,53.1469422958548,53.15596093280417,53.152452635063824,53.130862243086106,53.09947813840863,53.06011488354278,53.013869261485006,52.95140278710388,52.899509542218574,52.85926718695846,52.80058552262767,52.75424673333211,52.71559332762983,52.67869394681541,52.66424723845735,52.6672711806278,52.69021980422153,52.75950739259619,52.83360418879989,52.93438322813925,53.060590141336554,53.225029057888875,53.35128050318537,53.487803947983,53.598632724079266,53.661534601587284,53.66604874938716,53.610750557451695,53.522525824417784,53.39985464572631,53.23795358305164,53.043568768179,52.769060519325464,52.58658808421315,52.42190182588779,52.28588308466381,52.2763729916403,52.20789516273505,52.18457133583462,52.19487165117805,52.24886537855168,52.34479986164581,52.48542800690971,52.67053915266606,52.89815000098134,53.158404235091176,53.42780883793094,53.72467012277713,54.04478953658625,54.38165682141326,54.73156249826751,55.07739044309424,55.40362101535075,55.7434736068438,56.09753555896611,56.45239563100845,56.81175171832475,57.14822534551741,57.47101732363276,57.76805895411607,58.052070451629746,58.33339088703707,58.60756620963498,58.87372788877053,59.13079176846272,59.396396794503694,59.64831907218675,59.89675513413008,60.125451616980826,60.34379897033318,60.55424826527849,60.76362035180111,60.97784664378967,61.18077869613847,61.40167829129144,61.61519384763749,61.83213175988185,62.0436956851586,62.26524141040237,62.49057542674377,62.722503674520134,62.96620049567406,63.227427003861436,63.51557582348011,63.78534149340276,64.0401590211356,64.29655084359455,64.55648720680166,64.81995940595282,65.09503132648665,65.38427930521344,65.68709574588138,65.99500406554652,66.29684865683114,66.58828743563234,66.8770467075108,67.140587922964,67.38148346117276,67.6412289360463,67.88015894213596,68.09695844923228,68.30576981850626,68.51260887736052,68.68957040554935,68.85943141280654,69.04775055983717,69.23372375242351,69.42614394667406,69.58438912898212,69.82650294954173,70.02125734827929,70.30862359566491,70.58071764794263,70.97037841988468,71.29791617196241,71.68659350581966,72.14459508212815,72.63376190986568,73.08606155718131,73.5247527977127,73.88606105720027,74.20055482983953,74.46490771555543,74.69430366545483,74.88026610591436,74.99346003810646,75.06142818509228,75.09218712844087,75.0877289310498,75.0640359282735,75.01585611351955,74.9371786058069,74.84773749482531,74.70154030626999,74.6198576863221,74.59876341167723,74.56876566495934,74.56255446714994,74.71342515193336,74.87183361416965,75.07632496702473,75.32167052793851,75.58462304194732,75.83984069780209,76.05319374459408,76.19721668003484,76.26037581972875,76.2303344691983,76.12580465837813,75.96811157322364,75.76733700643953,75.54661936107378,75.31270447804643,75.09392742525472,74.87381232281692,74.65821614488277,74.45999260068595,74.28274273110355,74.12968363308009,74.00422928669748,73.91250628875335,73.8574063150198,73.84241930499896,73.839193561767,73.84194451133715,73.84561733808917,73.83776715591316,73.80233548593843,73.7518242106292,73.67048198089206,73.55405019999841,73.4079718583356,73.22284834136161,73.01457485093421,72.75146820773499,72.44195430420622,72.12434193759512,71.79158553960393,71.40028270039717,71.0547990540522,70.76589944845847,70.53937504356001,70.36176438881554,70.26591235472509,70.25016046657512,70.30127144336673,70.41639960399797,70.57982121152185,70.77225097648517,70.99268728359998,71.21824789115384,71.4312076504894,71.62331948046429,71.77338827574596,71.87071060559803,71.91154953452336,71.9138711794741,71.87047031983602,71.7889802994693,71.69682006723289,71.59650236673005,71.53379514852232,71.54137073914377,71.6035879507546,71.7487531961509,71.95346547825966,72.21736210115026,72.51997838188794,72.80830735421068,73.04870919344027,73.21035581748164,73.28561035594574,73.25954498525284,73.14555031713712,72.97224776160529,72.75556262558464,72.49916567229313,72.24565436125324,71.98171930962728,71.7300040814519,71.49982593866831,71.29674411296331,71.12491648657824,70.9915567047759,70.89126663075581,70.82782040647672,70.77702765473691,70.73045671300164,70.68456151759725,70.64794164696919,70.58404192160101,70.51286700672951,70.42151297107455,70.30679834522599,70.16687697648256,69.98870197724449,69.80175665478643,69.58505809682816,69.36317176653827,69.13887578700391,68.91754547250636,68.70514104462178,68.49961242039792,68.30467902123685,68.12717415618323,67.97822292185307,67.85857706077387,67.76674089513773,67.7100164613913,67.6719227452482,67.64374403230832,67.62834776334529,67.59729489302106,67.51561060566179,67.34962476395857,67.08709685482755,66.75829479954358,66.38086776637998,65.98713886439896,65.58214176911916,65.18020078294614,64.90271728703812,64.63568867674543,64.4287433753196,64.25510791920972,64.14122424925785,64.08738169134902,64.08720592385596,64.13898412974294,64.24589127696473,64.401075392556,64.59246507422327,64.8127296095914,65.04514733327592,65.28855039867418,65.53305518906218,65.78409739909135,66.03513769729001,66.26220106214474,66.48643573373042,66.6737376273271,66.83949447762201,66.9810724443145,67.11708311488242,67.24125056847971,67.3477794104219,67.4379725516324,67.53015725409811,67.61597021091542,67.7040412139254,67.78961963711444,67.89525954688207,68.01335177713612,68.14631543723354,68.29466806240225,68.45764454430156,68.643642303909,68.8348352853855,69.02421985866458,69.21838711595618,69.4188475930605,69.6152545265319,69.80839220205893,69.99361255347709,70.16872871393936,70.33052798582808,70.47852163347851,70.61357064196271,70.73630998789875,70.83727268934,70.9335998717645,71.01578700060836,71.08450529984417,71.15343803205378,71.19442526113434,71.21893855402351,71.28763741482945,71.37645441180439,71.493645834356,71.6701097162545,71.84698648434761,72.08447745388156,72.33972709169593,72.64740698936414,72.9959097228565,73.37974978050926,73.78472840923904,74.16856991708305,74.5110265267598,74.78268111139649,74.99883873719317,75.14278597786644,75.21759625263611,75.23289132707954,75.20854435078401,75.14856765663349,75.05513149230411,74.95562536915979,74.83530369668857,74.72212611349568,74.62395034149554,74.57444429122837,74.5762970428517,74.66966945531563,74.80221111561892,74.98079962593116,75.19466299294439,75.40114678518216,75.59566147198113,75.71481271337065,75.76687358807281,75.73726357901324,75.64249253752294,75.48307878601848,75.28103094376762,75.04890615013966,74.77718387930194,74.48727534454135,74.20218775474129,73.91171897746409,73.61315783843864,73.32301452256584,73.04601056249436,72.7914048692826,72.56078151954561,72.35851313143483,72.18805268388384,72.03571334619619,71.92055047683439,71.81652926956741,71.7203421585168,71.63135110934915,71.54490440258851,71.44199153831264,71.32324742636752,71.20246149982505,71.06540070500937,70.90898222472349,70.71072857068317,70.46842150831695,70.16763334263459,69.78135723851459,69.33785210085699,68.83103629304529,68.28704979730318,67.75248596569466,67.27213149325038,66.85826008692244,66.51814809996249,66.23701544647068,66.04299284062716,65.95454084739147,65.99832856115879,66.17378887883584,66.45269874898538,66.79058101393385,67.1765522002909,67.59187336157554,67.98827968869416,68.37642111281713,68.7560990870197,69.11253344977527,69.39794618201087
51.30762357844918,51.28088901604118,51.24833112445929,51.2022294578068,51.134975241088,51.09175006604594,51.05876854978655,51.016844592943315,51.03727796666971,51.02116895801584,51.004376107106324,50.99082677485991,50.99010560913168,51.0077201680263,51.04270156262314,51.104553158985425,51.171153323678666,51.24656438277297,51.319740204247246,51.413593255779816,51.53157917557455,51.641578560861866,51.7571790766416,51.875273711305326,51.99712348213966,52.111197811044136,52.22515481023343,52.35198193377706,52.46058668523791,52.57057177779452,52.67296342198112,52.76887615307173,52.85147405908508,52.921809408656095,52.984113811443194,53.03850216263577,53.08386890124516,53.119020386079896,53.127977657308165,53.13289800027469,53.125488774335935,53.10110411329448,53.06819815620644,53.02871184959661,52.98297263224286,52.924927202109956,52.874303665941724,52.83149579537643,52.780861573743834,52.739049536315406,52.706091890580886,52.674673919300716,52.668012006115816,52.67946811660409,52.71088100653127,52.78498081365373,52.86749364668916,52.974715038846945,53.104115893301014,53.26852775084091,53.39232397616965,53.519814111753234,53.61585069016306,53.66124847648034,53.64869213860009,53.57791537784808,53.477979598155194,53.347208500086,53.1820947394393,52.99037174946193,52.72888009024774,52.555320245184724,52.40125450515405,52.27665261475596,52.276689800050015,52.22382578637538,52.21616421986203,52.240665368732486,52.308560303388695,52.41759143062797,52.570519140690635,52.766959551882145,53.00472661181147,53.27364060729584,53.54995052712001,53.85283946897621,54.17849706128333,54.51845074700313,54.870250558552215,55.216935729897926,55.54216436059412,55.88151294362074,56.234516723646024,56.58703387755323,56.94433369222684,57.27883607898033,57.59993167811094,57.89506701701004,58.17703597309671,58.456097621804254,58.72815320847033,58.992718304991634,59.248134076916116,59.51273922349712,59.7639023382111,60.012618010555926,60.241008035818425,60.46206791560511,60.67189487632774,60.88106205696417,61.09568034940478,61.29945267468674,61.52184571668801,61.73713134154282,61.956183440321816,62.17479633452988,62.39967869781889,62.62816608939889,62.86299922188873,63.109311755052175,63.37283343254197,63.660061016214264,63.93273159858572,64.19015515250115,64.44871510495715,64.71010426388743,64.974170651045,65.24374116289113,65.53190425129283,65.83259453995862,66.13772366324847,66.43652578402599,66.72461809055648,67.01041919352815,67.27085243792618,67.50782521653498,67.76502847001812,67.99982936272504,68.21279558719492,68.41765447129657,68.62098860972937,68.79325611117609,68.9597744490841,69.14700206087848,69.33340663949019,69.52852236743333,69.68965447997053,69.94409352934419,70.14163469412601,70.44364223339807,70.71678050690366,71.11488171201353,71.44602685060819,71.83546909222223,72.29038556170356,72.77233909820363,73.21268632479931,73.63767652459515,73.98069991652014,74.27668614656965,74.52113933617714,74.72949165222983,74.89652459452799,74.9924368237167,75.04384937102303,75.06378469173387,75.05102282389367,75.02110418371441,74.96936866637405,74.88932811937555,74.8016746323205,74.65736564682904,74.58209388440058,74.57889225332269,74.5608921584167,74.55975187826809,74.72745218085012,74.89675442990226,75.10788448278588,75.35406286138114,75.61226390233865,75.85570648887438,76.05312649270263,76.17885027953024,76.22324689131219,76.17556478575464,76.0560561386691,75.88699179765517,75.67930405047194,75.45571705773658,75.22143706203376,75.00535979321894,74.78952029619835,74.57999632188523,74.38965458898411,74.22115074719493,74.07666882688571,73.95890858526587,73.87374416696049,73.82361147909384,73.80723274482672,73.80809477056991,73.81297154140334,73.80914471678022,73.79553507194592,73.75190683086068,73.69304166310198,73.60235241419664,73.47561932996796,73.3202682229893,73.12691884045832,72.91235611173568,72.64522828301772,72.33424703427569,72.01825963015195,71.68875956436399,71.30892498886861,70.9744843500507,70.69939249265443,70.48536419518321,70.32566594414249,70.2461727925821,70.24482787862739,70.30763541758928,70.43241546190293,70.59848781582023,70.79786362328463,71.01806443536006,71.23944513214695,71.44419142634946,71.62560952386588,71.76361310540811,71.84929273830798,71.8796471290318,71.8747128392415,71.82707467901666,71.74939454709825,71.66114347047184,71.56779873636593,71.5163754855079,71.53395324233553,71.61004753472915,71.76873977878027,71.98264462592276,72.24908381508294,72.54759352006936,72.82580683490633,73.04966382459543,73.19118514824297,73.24588026791997,73.20081474077483,73.07120912261934,72.88716962804148,72.66483851995827,72.40646467179836,72.15532718345338,71.89551317396509,71.6495844008373,71.42669928241226,71.23244841449252,71.06980103099744,70.94442975787418,70.85025133213911,70.78498456534064,70.73887503030797,70.69477021107598,70.64874435096047,70.60368236143218,70.53247390562193,70.4539182202256,70.35462936311731,70.23185397156487,70.08453248741597,69.89954720222033,69.70936130221348,69.49084304134506,69.26977576933204,69.0483466925749,68.82824030835172,68.62517224539057,68.42627031709834,68.23864707574006,68.06881625427668,67.92722282072035,67.81428917814884,67.72823924111567,67.66908402963159,67.63596141240019,67.61035406228734,67.58842906477015,67.54687248345202,67.45146371817196,67.27009480760518,66.9929507290792,66.65538625129862,66.27581673255672,65.88529734833844,65.49177829012359,65.09547415423755,64.83378036658247,64.57992153272663,64.38453165025776,64.22609910411911,64.12714463415898,64.08769502067196,64.10109125675831,64.16530602713237,64.28297692104773,64.44667959006298,64.64439903382618,64.86924196698321,65.10368655438069,65.34733154579536,65.58982070466202,65.83758155067525,66.08389030963927,66.30392862999706,66.52248898328406,66.70350637419098,66.86376851746235,67.00012806366536,67.13340847983334,67.2565748928675,67.36310490782485,67.45459551762934,67.54932760451197,67.63643356667593,67.73360370945954,67.82412048082337,67.93570005757822,68.05952892701936,68.19773728457594,68.35046496760847,68.51675613609112,68.70597749405353,68.89442284735986,69.08650199382338,69.28247307158838,69.47938556476645,69.6726320714011,69.86180158189953,70.04228522798327,70.21215910950043,70.36837978899153,70.51081183340088,70.64067171263447,70.75886733792635,70.8553067042636,70.9487668402068,71.02900742626018,71.09675247403874,71.16648498398146,71.21259092535888,71.23717436248334,71.31087666710948,71.40654905982332,71.53270806662847,71.72304151128161,71.91232023052697,72.15993926081916,72.42673177646903,72.74141609992112,73.09181824304484,73.47336525291905,73.87145363145687,74.23867381264155,74.56366199138446,74.81612682173271,75.01359494177255,75.13914620810222,75.19706356219602,75.19856006661033,75.16385575224493,75.09642197811532,75.00143172940909,74.90230330022158,74.78433579404175,74.67791072580427,74.59041803485681,74.55427410737643,74.57023217216741,74.67362964339766,74.81495424741405,74.99788511744661,75.20562349686787,75.41027095071243,75.5876087466177,75.69152620321894,75.72514358248162,75.67754361037244,75.56681355493441,75.39407784299645,75.18212941940386,74.94332783919768,74.66805834745671,74.37714546391014,74.09260729814191,73.8043128769166,73.5080054711942,73.22517915020757,72.9556225373501,72.70951292058292,72.48743146912938,72.2927258654171,72.12825680462097,71.98051262476346,71.86200349752094,71.76190255785212,71.66845932177549,71.58088711105339,71.4871731570485,71.3794029103602,71.25494683400157,71.12769879741164,70.98276694469048,70.8171665455909,70.6084591324934,70.35670091986415,70.04776565062825,69.65645646006237,69.20810718022803,68.70097970949509,68.15984896148319,67.63258614766094,67.16443660563588,66.76702580687598,66.44639066326728,66.18845645281665,66.01845671745333,65.95376752125135,66.01900416599418,66.21191966114783,66.50663294728767,66.85616063964501,67.25037851664901,67.6703633117918,68.0622877188438,68.44616581889589,68.8190612243042,69.16842522812931,69.44600690895979
51.28240190575254,51.25159981115874,51.219371011804625,51.174339458505905,51.112518349672854,51.07186755742293,51.042106560627154,50.998224723661494,51.0247629283333,51.01423725963065,51.003461582574026,50.99654972205517,51.002247252841386,51.02581697595334,51.0661802036474,51.134065329461194,51.20552862423822,51.28516441258776,51.361053544784205,51.457852397871484,51.57341261497346,51.68612611271402,51.80362302366782,51.92284729669408,52.04511505300102,52.15565717971454,52.26684141737951,52.38749500787098,52.4939085395593,52.598995297767566,52.69601976994531,52.7864211015735,52.86314980109126,52.927409019992005,52.98362950839276,53.03232399518955,53.07272525547546,53.10349660053926,53.107726910592135,53.10882115270475,53.0978003398683,53.07094013363948,53.03678967815352,52.99742010399181,52.95243319992908,52.89909450002551,52.85002302194254,52.80492686117402,52.76250237387638,52.72538528853808,52.69823423483277,52.67245758800077,52.67356733085385,52.69336678547066,52.73307701440584,52.811603658324856,52.902137032978516,53.015347763054685,53.14746893083254,53.31113315674028,53.432079098188545,53.55014939741525,53.63126323209276,53.65931325127181,53.63009349523967,53.54448961649245,53.43349317577545,53.29531192681075,53.127713589064356,52.93936218535168,52.692814098413294,52.52878175733459,52.38578231457711,52.27282361439525,52.28102248492066,52.243873280519026,52.25186987105164,52.29053631841941,52.37217903158865,52.49408608780976,52.65902686977671,52.866455930499995,53.11400434132098,53.3911937564786,53.67403985828139,53.98259889963788,54.31337458392567,54.656091572134486,55.0094876257766,55.356765931474946,55.68085203579674,56.01948380779693,56.37125211202886,56.721363179197496,57.07653268562569,57.40901653957469,57.72838864246873,58.02160742968108,58.301540877653046,58.578420954648585,58.848464260287315,59.11151114547743,59.365405870526686,59.629131061380846,59.87964957352811,60.128657981487365,60.35686415731627,60.580683275667894,60.79000372014837,60.99906941188692,61.214166253631795,61.41892646641825,61.642841081724555,61.85992741068927,62.08107702000183,62.30666845580226,62.53481970274575,62.766365975961705,63.00398515119939,63.25277295163094,63.51843090932701,63.80449725224782,64.07989984865206,64.33982498819273,64.6003933068725,64.8630637428646,65.12753882429077,65.39151077000496,65.67838042464972,65.97681022396758,66.2790709620532,66.5747647452631,66.8594909682235,67.1422852370203,67.39957710266513,67.63274088364896,67.88727578263108,68.11805689132669,68.32725363048435,68.52826190766139,68.72811452251716,68.89601801318774,69.05941868667374,69.24566079015673,69.43272084542484,69.63071631420596,69.79543487549988,70.06161627229082,70.26247418883172,70.57814544149839,70.85256732808249,71.25776264779238,71.59189597193483,71.9813808776815,72.43240769577729,72.90631795668733,73.3342130750954,73.74471143612489,74.06955377111262,74.34709033418781,74.57198667707678,74.75981305158213,74.90834866591318,74.98770404464598,75.02335900618533,75.0331141440956,75.01270590702613,74.9771023032679,74.92231009639532,74.84146003778189,74.75599781055479,74.61463782859308,74.54602321092372,74.56014260163711,74.5541684761812,74.55848615381021,74.74183077804656,74.92132362988661,75.13829285246707,75.38444446371369,75.63707506199,75.8681074024971,76.04923651550621,76.15665810603663,76.18260974663143,76.1178693879444,75.98410458739657,75.80440502033161,75.59049559584017,75.3646081887008,75.13050576000228,74.91741852216055,74.70612893581497,74.50287023792517,74.32046217550214,74.16064941568668,74.02461115223403,73.9143338146921,73.83542560029991,73.78988164925259,73.77174466295156,73.77623047368824,73.7828011772415,73.77121389664723,73.7515740336657,73.69969746777242,73.63244323875789,73.53258125347253,73.39596451274515,73.23173192583317,73.03063717595329,72.81024794894343,72.53958470960401,72.22763567846812,71.91365869163069,71.5878851334315,71.22004826660466,70.89705490016497,70.63599100570384,70.43448026292896,70.29257698488837,70.22917789007694,70.2418144900135,70.31578193855648,70.4495180643552,70.6175577310199,70.82309760635026,71.04239687787079,71.25909517621226,71.45532382101064,71.62589297257142,71.75190213355411,71.82622713078345,71.84658996221793,71.83484429169711,71.7834401927176,71.70996498517006,71.62602929860832,71.54009326682142,71.50010358256442,71.52753337274413,71.61718320710791,71.7887243211431,72.01104949948906,72.27918961491399,72.57267291237166,72.84003607596709,73.04692063706963,73.16829634767059,73.20272807030014,73.13928716555449,72.99485128353214,72.80085063965227,72.57355692768647,72.3138932905132,72.06548605275918,71.81012146160045,71.57018517131779,71.35467570038685,71.16919837017029,71.01555471011426,70.89790665328411,70.80951545603743,70.74213356196567,70.70029564322826,70.6582728980614,70.6117698954654,70.55803452757102,70.47947034280556,70.39349529282461,70.28636003546443,70.15573704717887,70.00131870322015,69.81000323958547,69.61686247589773,69.39692386375553,69.17698573344765,68.95869090878269,68.74009900229906,68.54640752716078,68.35420607050989,68.17389290878572,68.01164655231426,67.87723505422707,67.77076194840511,67.69017609149857,67.62828816024256,67.59960121348581,67.57606031641008,67.54720488467989,67.49487012279481,67.38573178922522,67.18930212861312,66.89828194602008,66.5527415368325,66.17182888752703,65.78524339266855,65.4038707423419,65.01420050937635,64.76819884153893,64.52773472724824,64.34391720379642,64.20068666728493,64.11652561851767,64.0912271427553,64.11787035198881,64.1941214538143,64.32208991860692,64.49380983275621,64.69734604544914,64.92623731218535,65.16227038851481,65.40576981163802,65.64597133552019,65.89021041954888,66.1316150800059,66.34468854349849,66.55753251181062,66.73241842719534,66.8873899289671,67.01888649304027,67.14965786668442,67.271999186099,67.3787706679409,67.47181773415022,67.56923313227696,67.65782096720706,67.76407821570929,67.85966458493839,67.97714369329302,68.10660376766225,68.2498917576972,68.40678760135944,68.57616253999075,68.76824522754924,68.95372885690682,69.14821737092733,69.34571655777604,69.53889115151514,69.72882083196588,69.91390663711728,70.08960052878638,70.25423517103401,70.4049515343635,70.5419526121646,70.66678858795413,70.78062522107041,70.87284647485683,70.96366212566623,71.04219508322689,71.10921643827027,71.17990595080606,71.23143317206349,71.25677032629663,71.33567445096622,71.43828176488928,71.57334127913377,71.77697822569591,71.97835749007577,72.23548784300101,72.51322433795059,72.83420640650523,73.18577361893198,73.56414674773492,73.95448799044723,74.30463087796505,74.61183639723028,74.8451354486851,75.02404930954924,75.13162683302248,75.17327294498104,75.1616556354241,75.11724706366687,75.04301526798768,74.94708043547354,74.84884045577586,74.73380968734241,74.6345091896493,74.55791104619944,74.53509614927695,74.56490206362511,74.67764892726191,74.82706580388702,75.01352791383576,75.21436045934662,75.41628955916072,75.57589723223579,75.66438667063504,75.67963512038986,75.61444039923663,75.48826395740463,75.30284147135413,75.0816136987616,74.83669813644676,74.55841029216165,74.2669649155813,73.98338126986643,73.69759831489192,73.40387367359692,73.128480526408,72.86641267462578,72.62872075302342,72.41501370663896,72.22763758159871,72.06890055355038,71.92545294297423,71.80336113350995,71.70681794845517,71.61576053729165,71.529256547215,71.42808296314678,71.31527643895102,71.18501372810223,71.05128015157251,70.89851670884993,70.72385876212567,70.50503272516652,70.2441545178765,69.92749962131788,69.53172717052817,69.07914197163696,68.57240771609705,68.03485652944468,67.51552644219055,67.06007925184112,66.67951160489008,66.37858982313928,66.14402397700802,65.99804419284911,65.95693142555075,66.04321453902473,66.25301664837166,66.56276714836083,66.92318803004778,67.32485388936358,67.74885279522566,68.13593352220903,68.51524235918369,68.88121898019463,69.22345908789373,69.4934157279463
51.256835830622926,51.2223627052197,51.19068953555023,51.14700364242958,51.09094238189798,51.05307591045723,51.02668031445648,50.98139728590105,51.01360765774433,51.00871196405903,51.0039676945657,51.00367289316332,51.015724548400506,51.045136750288755,51.090727435683604,51.164333147170574,51.24040547739568,51.32400045319543,51.402443047906445,51.50189050065492,51.61470064428076,51.72979436997853,51.8488602077765,51.96890514237851,52.09126763774821,52.19812954014517,52.30637258783449,52.42069703079039,52.52484824529263,52.62499504980955,52.7166769479212,52.80160356651303,52.87255723061387,52.930865546293994,52.98115095566034,53.024328328019514,53.059947468192874,53.08653349605931,53.08642118102162,53.08397049461965,53.069635521953344,53.04061755415198,53.00549247450935,52.96645939919585,52.92244811099713,52.87403083461945,52.82677170705542,52.77970251777586,52.74555219295742,52.71325964089771,52.69198155259494,52.671978033977844,52.68079721888057,52.70880475212934,52.75660428197272,52.83917892622188,52.937291708316714,53.056010677552855,53.19037973489694,53.352594178401006,53.47031683133135,53.57865157255981,53.64482289011491,53.6558044190676,53.610438831844796,53.51075867359136,53.389415692426525,53.24455023328253,53.075194075723864,52.89088319756326,52.660904839393744,52.50693892686763,52.3754020252698,52.27429731578231,52.289441480380134,52.26805562493046,52.29166140056892,52.344428571743386,52.439633526334525,52.57416885669906,52.75081498544213,52.96887743995232,53.22582522211751,53.51090594091626,53.799922566648355,54.11379873207737,54.44926692181925,54.7944372731202,55.14914822878522,55.49677459775909,55.81961282138588,56.15733388695838,56.50770715042714,56.85537794522492,57.208362616637494,57.5387948469883,57.856430506131865,58.147735252637176,58.42564991697519,58.70043798374301,58.96858714029609,59.23019714262253,59.48270449362969,59.74567246220764,59.99566083706452,60.24496032399025,60.47310387497822,60.69969617376444,60.9086297549763,61.117699548816525,61.33336152598658,61.539259657158816,61.76471840312817,61.98363008139476,62.20685147149971,62.4392959842721,62.67063058555746,62.90512579646003,63.14539915918652,63.396511397096084,63.66413952634276,63.94882412475341,64.22677137957366,64.48908411224431,64.75149051188392,65.01526347889926,65.27995803298509,65.53829147487902,65.8236614554316,66.11970817470778,66.41902655777761,66.71155966763222,66.99291428088915,67.27266082794097,67.5267870658322,67.75628342232176,68.00801807522814,68.23491060653264,68.44041754165461,68.63769484645996,68.83409268476214,68.9979986528796,69.15852446743162,69.34387980813891,69.5318118002209,69.7328480659353,69.90187424814543,70.17905448982845,70.38380377387352,70.71196233609491,70.98796383863228,71.39876855758257,71.73523075572542,72.12400903202126,72.57032926708806,73.03536597743866,73.45034930215625,73.8455709680862,74.15243242555057,74.41165380501273,74.61742883679999,74.78534149243379,74.91587555352416,74.97947459705297,75.00026218030469,75.00050296465457,74.97311449453876,74.9323623012613,74.87499254522557,74.7938632380901,74.71094961035341,74.57361942743754,74.51185215338802,74.54250472031833,74.54850911064511,74.55873208695448,74.75638169479147,74.94530407245992,75.1672846181455,75.41255771048303,75.65883748722214,75.87690409823286,76.04147106026501,76.13067967385197,76.13859381641467,76.05745071361174,75.91020449871247,75.72063318404744,75.50119447990606,75.27355302169529,75.0401456748558,74.83028962466766,74.62377824044286,74.42692859313769,74.25244902371884,74.10121593615742,73.97344062089958,73.8704011836104,73.79742356916891,73.75607716415378,73.73585985916115,73.74348321973565,73.75130257093973,73.73177020275179,73.70587137382853,73.64575567307882,73.57012211133443,73.46131395358381,73.315295714124,73.14261082504423,72.93427758277998,72.70853425547888,72.43481456106669,72.12237785040423,71.81075913942033,71.48915467285359,71.13375802312245,70.82256764961465,70.57569731138722,70.38671339171945,70.26242256103929,70.21480246313023,70.24095856897104,70.32553324530554,70.4675211926777,70.63689425834153,70.84779649464929,71.06555408829034,71.2771030646116,71.46456613694905,71.6241954679549,71.7383489389896,71.80166649479018,71.81258158769094,71.79448463452233,71.73978106009801,71.6708177310907,71.59155499809303,71.51341881707047,71.48493990145211,71.52203888431816,71.62485339923025,71.80849127083015,72.03842410232762,72.30742599743574,72.59499834190953,72.85084120313735,73.0404193915279,73.1417377514488,73.15629930016595,73.07518317134607,72.91674250080156,72.71356954375835,72.48198087483965,72.22169094330978,71.97631295577804,71.7256776410404,71.49189103445079,71.28378831553852,71.10697078331182,70.96210319717913,70.85187693703914,70.76892808653429,70.69919086138054,70.66119034506403,70.62085331339411,70.57352599608394,70.51095845560569,70.42504766216759,70.33165754557017,70.21680806696338,70.0785934682096,69.91741672108647,69.72028764735954,69.52446890862518,69.30349972611047,69.08497205370806,68.8700429588767,68.65325034966537,68.46889400682059,68.28342378563976,68.11037920502659,67.95558995908841,67.82815300799173,67.72786346767768,67.65240097522775,67.58753967832924,67.56272386869185,67.54072632109764,67.50459533222354,67.44128537774833,67.31850542135544,67.10742919448585,66.80336042785493,66.45066401895167,66.06919738696023,65.68723188949271,65.31856979271403,64.93655953326557,64.7060381341128,64.47914854646383,64.30691673075333,64.17884667268139,64.10930576592418,64.0978855865864,64.13742785108342,64.22530094033621,64.36309567324967,64.54233433786173,64.75118030023704,64.9835932531727,65.2207913195751,65.46377580666865,65.70144841258771,65.94195576323871,66.17831827505411,66.38454397571087,66.59165718451455,66.7606011114647,66.91051256586711,67.03753176212066,67.16601364896842,67.28768915908061,67.39492762461599,67.48977304801164,67.5899804199056,67.68023457333166,67.79548770082462,67.89625022055615,68.01955251840614,68.15450680570707,68.30268353365528,68.46352273586284,68.63574133073057,68.83030618194263,69.01266037479847,69.20925934576584,69.4080013913761,69.59728969305155,69.78377865524543,69.96469964995855,70.13558690464275,70.2950211501432,70.44034403131515,70.57207952301509,70.69208660906088,70.80177170899474,70.89010887420426,70.97851071664147,71.0555760112513,71.12211725305791,71.19389658971572,71.25107832290877,71.27788342526297,71.36214811368451,71.47171881232521,71.61554856442906,71.83179889329551,72.04490793981122,72.31089509340757,72.59890992315373,72.92545220869326,73.2774559302906,73.65179081923515,74.03355590149485,74.36627463636324,74.6554720388021,74.86972768905835,75.03030030194917,75.12040253616148,75.14646054663775,75.12245507778526,75.06901809669081,74.98865067373643,74.89232916019702,74.79544226946658,74.68389559843462,74.59202572687259,74.5264528860627,74.51684633003349,74.56015774081898,74.68153843659451,74.83830570486883,75.02746454937648,75.22067396719984,75.41898354797505,75.5604358620333,75.63336548786992,75.63041028241386,75.54809966883914,75.40704793830695,75.20961311394939,74.97974358765845,74.72927572631049,74.44848102604543,74.15694913535476,73.8746991204199,73.59173311849963,73.30090229580814,73.03299914638399,72.77841408552037,72.54901054605652,72.34346207412445,72.16314311632932,72.00985307726548,71.87038847361937,71.74453938713235,71.651171236228,71.56212731954957,71.47633252089307,71.36758415285652,71.24960434957953,71.1134799057797,70.97327618454678,70.81276025283648,70.62920895411072,70.40064903506915,70.13100824173699,69.80707429233816,69.40739509548429,68.95119963340291,68.44556266374629,67.91231248005138,67.40153279373345,66.9592568420785,66.59587445109125,66.31485472635147,66.10376309409037,65.98173867959049,65.96396130782792,66.07085165589417,66.29696288168479,66.62097048780443,66.99153160343177,67.39984138328431,67.827205078862,68.20914928683932,68.58362661111872,68.94260214862165,69.2777058378508,69.54029379528356
51.23112929311136,51.19340843700267,51.1624874036652,51.120397361969076,51.070353194072716,51.03545354859706,51.012539188043675,50.96648242008523,51.00385378045721,51.0046018904003,51.00586911238888,51.01213536072919,51.030445125352486,51.06556171422974,51.11620578503034,51.195188335064046,51.275599691559435,51.36287670281433,51.443719638854674,51.54551277541254,51.65528813490323,51.77241559069475,51.89271368656279,52.01326444811283,52.13539332022127,52.23846534648498,52.34362462639656,52.451529528458245,52.55334832322681,52.64854819894299,52.73494865235647,52.81447004177468,52.8797784849852,52.932297074663914,52.976827628795306,53.014687964297785,53.04572625953366,53.068335387996086,53.06429159391144,53.058586130544754,53.041242510883436,53.010383624862925,52.97454631553341,52.93604948767617,52.89321451190047,52.84986235966071,52.80465381811482,52.7559648986066,52.73005530091905,52.7026782442919,52.687295036076875,52.673168338294225,52.68958567640515,52.72561958148205,52.781259263359345,52.86750961695711,52.97271503335249,53.09643305913181,53.23257878645999,53.392659718637084,53.50680813768732,53.60516240477763,53.656482204476006,53.650797472973544,53.58991416095434,53.47700794935138,53.34609628325641,53.19530872688333,53.024920143214985,52.84527790781168,52.63319460876074,52.489758059988795,52.370030408344846,52.28097495111779,52.3020172205564,52.29639079937405,52.33551191957933,52.40228620020899,52.51083575080935,52.65772476080378,52.84574727896112,53.07407323167184,53.34003128680879,53.632619418885646,53.92744438745424,54.24628928360992,54.58601889227008,54.9333458262731,55.28910689642261,55.63685527868419,55.958375497788886,56.29501086869109,56.64384726515333,56.98907258491922,57.33983740337842,57.668199120909,57.98409955852607,58.273505546386296,58.54942784273947,58.82222580726037,59.08860962370688,59.34886702882152,59.60012729056044,59.862463580030244,60.11203618774707,60.3616103151304,60.58981108230817,60.81915773313769,61.02782793904754,61.23700960000018,61.453323335985004,61.66051183273416,61.887531697625974,62.10828737997731,62.33354576739324,62.572662855235784,62.807077506628524,63.044396260921715,63.28717894258452,63.54045440313325,63.80987937571539,64.09298122690362,64.37327132732248,64.6378481086899,64.90191178253458,65.16660130715755,65.43132238442291,65.68403460456409,65.96770097378602,66.26125376897872,66.5575710462387,66.84690467822305,67.12489624080918,67.40156195624377,67.6525074760786,67.87850579236047,68.12730254915232,68.35045958693453,68.55237228325974,68.74605600655151,68.9390291655025,69.0993405715469,69.25725213321387,69.44181217529196,69.63082493387174,69.83503990156474,70.00911653048267,70.29639149340389,70.50565139072853,70.84492203331658,71.12285576570618,71.53764677174532,71.87573842176307,72.26303372506533,72.7038180583746,73.15915065257951,73.5608025000685,73.93996855626327,74.22914568440686,74.47026297136297,74.65744491389255,74.80615060370675,74.91924249081517,74.96796137709643,74.97486398310654,74.96627863253926,74.93258490052317,74.88721619202195,74.82772815450691,74.74682659736429,74.66677261254162,74.53457301923784,74.47978719928989,74.52596887306417,74.54382855420072,74.56046447087903,74.77092568235358,74.96845861595938,75.19459432189839,75.438144977236,75.67733214435596,75.88195723564422,76.02977737423923,76.1009544972742,76.09132853139018,75.99451120060078,75.8346103667688,75.63595823159716,75.41168354003165,75.18281182444883,74.9505919094981,74.74415911332846,74.5426082088581,74.35226208765783,74.18564879711295,74.04282750818587,73.92308724465701,73.82700690065506,73.7596110539649,73.72205836245521,73.6994831332432,73.70973555732571,73.71834487458621,73.6907589601554,73.65841442519053,73.59012972318497,73.50617145456907,73.38869596939463,73.23382289989863,73.05315277879953,72.83811429587196,72.60749892426352,72.33119491097843,72.0187311637048,71.70978099090979,71.39276060867729,71.05015974793909,70.75107954361945,70.51851373348512,70.34205372647693,70.23512772258138,70.20292132766244,70.24209838373767,70.33671157687348,70.48623862819328,70.65636069900575,70.87180385714872,71.08740554377698,71.29337383860685,71.47187967664075,71.62054265139032,71.72304710052028,71.77576354209383,71.77782555906005,71.75385296539848,71.69631148031704,71.63207890226613,71.55779801537679,71.48780824608717,71.47084490393107,71.5173975310063,71.63291654243557,71.82782507543232,72.06451243780751,72.33353945944046,72.61435159179776,72.85806834216149,73.03009984863517,73.111557695262,73.10673949459715,73.0087236699038,72.8371484753536,72.62560508768036,72.39037338748814,72.13009704506017,71.88798987911741,71.64231518079204,71.4147866317937,71.21407025081378,71.04574245723228,70.90937216544246,70.80623015517277,70.72835830771321,70.65607992861403,70.62145998738143,70.58239999651033,70.53390049778793,70.46241445575612,70.3692222927236,70.26846429950584,70.14607653646165,70.00056913079878,69.83300763820624,69.63061798356232,69.43238933318167,69.21076979046082,68.9939051249362,68.78253736610635,68.56782314576762,68.3926788012582,68.2139275674951,68.04806864911536,67.90057138339161,67.77987006763276,67.68546183210142,67.6147634212447,67.54674940899652,67.52521109820513,67.50421560277114,67.4605205165501,67.38611581501145,67.24987521709662,67.02465847272678,66.7084560967884,66.34945706046263,65.96821538652557,65.59151773091425,65.23602610817989,64.8627309108081,64.64736366650938,64.434183276527,64.27354692594628,64.16055518428267,64.10542363996876,64.10757788115257,64.1596483955779,64.25871501724562,64.40585958858352,64.59212132260564,64.8057759893348,65.0411873979201,65.27914183145843,65.52126014135371,65.75619326681553,65.99278933927114,66.22400616144805,66.42355809969612,66.62495386660031,66.7881817521236,66.93329028189333,67.05624790058783,67.18265820021804,67.30381052271883,67.41172671169603,67.50859530603012,67.61167604991034,67.70377654587263,67.82785513295552,67.93387565877332,68.06288859729732,68.20316854779615,68.35601728950812,68.52055714332639,68.69537008304059,68.89202103478013,69.07112446180702,69.26952127412846,69.46921138924554,69.65450652912048,69.83746338825887,70.01417290266969,70.18027280430871,70.33458129843112,70.47465808921754,70.60132811919772,70.7167311170938,70.82249487336325,70.90731077539047,70.99353760163105,71.06937625007627,71.13567497892092,71.20865255789853,71.27165269955532,71.30067063918186,71.39041500254912,71.50692648745414,71.65933301507143,71.88738254787854,72.11178125655067,72.38593290501935,72.6834936790915,73.01482780606193,73.36654525689345,73.73599402169793,74.1083817798844,74.42343861114576,74.69449121060474,74.88992423965718,75.03244638039831,75.10564800105352,75.1168625128127,75.08123543795826,75.01946866295766,74.93363134284722,74.83742945327911,74.74231417493773,74.63476374916242,74.55056455931589,74.49606706498595,74.49946056274959,74.55585022734311,74.68510930108158,74.84843387019049,75.03943155834659,75.22436410724669,75.41813385460344,75.54113356920817,75.59843402717459,75.57753114916997,75.47866714241327,75.3233696910148,75.1146362136401,74.87677889191201,74.62131929321248,74.33851186173652,74.04731355903063,73.7667503003074,73.48687511484918,73.19923118798914,72.93881550535254,72.69165988123285,72.47036447913463,72.27271041363602,72.09913730595859,71.95098352235975,71.81517338948974,71.68545426071901,71.59485821602217,71.50744118303358,71.42198813514675,71.30562705815088,71.18237886774011,71.04037716414413,70.8937575185736,70.72560783199893,70.53336720132901,70.29550774856793,70.01748803082856,69.6867287013238,69.28368596050306,68.824523323845,68.32068690333807,67.79245679216703,67.29083114673968,66.86216678656034,66.51627131560596,66.25529451967681,66.06771887910922,65.9695235904535,65.97478591562115,66.10180749224622,66.34364140226462,66.68111210121803,67.06105977808664,67.47520406326092,67.90528342968558,68.28186720078423,68.65129445213915,69.00324052351588,69.33123628678285,69.58676226728481
51.205486233268815,51.16496774528627,51.1349653241186,51.09469596951563,51.05085664250644,51.01907889529066,50.999732558157945,50.953600266637274,50.9955429220263,51.0019158577537,51.00914050535108,51.02187619729758,51.04631661324074,51.086974090973484,51.142477777986144,51.22646261609198,51.31092707513787,51.40159735966285,51.48469424286959,51.588524433426805,51.695019958247656,51.813822032902046,51.93500651762197,52.05574241365124,52.17730418426016,52.27651505288292,52.378473837863915,52.479934026797494,52.57935129415073,52.669631910190354,52.7508485796988,52.82506702124278,52.884895701537594,52.93182169220352,52.97080900334702,53.00357570719647,53.030252349634075,53.049106591705566,53.04156927457648,53.032908165005416,53.012869496950955,52.980485595803216,52.94419097148518,52.90641012190025,52.86492954909252,52.82671522891821,52.78377345195516,52.7338561370909,52.71605596769336,52.693646749618196,52.68413587748804,52.675961582012164,52.69981670963673,52.743648838430616,52.80683841269319,52.896398730142884,53.00816436873461,53.13634418458197,53.27379656648743,53.43107868026249,53.54132397934572,53.629523661659505,53.66619371542257,53.64436790609546,53.56870549510723,53.44352284397908,53.30388408341307,53.14797271499517,52.97727573533481,52.80288943781198,52.60972570208591,52.477205462903,52.36958423491507,52.29275775260234,52.31882013957739,52.32889678361419,52.38339453924835,52.464053275320744,52.58569766819612,52.74463882363183,52.943687541607915,53.18189245709124,53.456464568002495,53.75617644866358,54.0564510559323,54.3799208715507,54.72347531258417,55.072675207905974,55.42923815753333,55.77690152418402,56.09706884543302,56.43246244058103,56.77963788251998,57.12244150756405,57.470970963964625,57.797257481024594,58.11143808907709,58.39897337143644,58.672939406622305,58.943861523373585,59.20861948572988,59.46761153646902,59.71777160565417,59.9796045689014,60.22887568450256,60.47869323197356,60.70706967280991,60.939119077030654,61.14765323059808,61.35705669768506,61.57410885314298,61.782742578970016,62.0113349819451,62.233947332754866,62.4611988802602,62.706753003989704,62.944126626333464,63.18412807937458,63.42926219812775,63.68452928142816,63.95557054957112,64.23690815187103,64.51932482787039,64.7860325615635,65.05156218136777,65.31697506280554,65.58152598589926,65.82869148611104,66.11045260986043,66.40141238357995,66.6946850232534,66.98079390412545,67.25544506023934,67.52900461188243,67.77676348205566,67.99946095357217,68.24517640574658,68.46477291112407,68.66320281785386,68.85344810679528,69.0430300337765,69.20018631048492,69.35576202587663,69.53961095208288,69.72990567637083,69.93741410003764,70.11730565508684,70.41361059446392,70.62804498087381,70.97685364929237,71.25712883645737,71.67414462064195,72.01312618983098,72.3981351266375,72.83254185237568,73.27733947423182,73.66528016291895,74.02761763644034,74.29950335225438,74.5228042455573,74.69201400690017,74.82231401432298,74.91858671124048,74.95337728093499,74.94746950431633,74.93076862687815,74.89145343907094,74.84199598987719,74.78082906588153,74.70063899266866,74.62370939794465,74.49776117986939,74.45003483612578,74.51052532357248,74.54004129924029,74.56365809876198,74.78528349200168,74.9905501187222,75.21995650580288,75.46094863951951,75.69233999971215,75.88312747429377,76.01410270468897,76.06752209060137,76.0409433222861,75.92925328675572,75.75757668571758,75.5506621057752,75.32224561357886,75.09264486469027,74.86207956683306,74.65921300073106,74.46275883983677,74.27896142162062,74.12009515916326,73.98546133135073,73.8734810352809,73.78404717446041,73.7218610350852,73.68768558281454,73.66251928498545,73.67487003507203,73.68379724026896,73.64812549391966,73.60919052050771,73.532867894496,73.44068444219937,73.31487275576906,73.151756035863,72.96360564527615,72.74242155016258,72.5074258482188,72.22900283291199,71.9169532319906,71.61094426348804,71.29889536694981,70.96935893057173,70.6826475273991,70.46444259577802,70.30049141212363,70.21061751950079,70.19340929959421,70.24507220255106,70.3491391722974,70.50548415222484,70.67582035423325,70.89496326281576,71.10782072148895,71.3078125394599,71.47722574256197,71.61496016425167,71.70609019695179,71.7486709844601,71.74252542993443,71.71316838200697,71.65324565253384,71.59387461610234,71.52483579691037,71.46329441284544,71.45777905176145,71.51353706675715,71.64123106806328,71.84651018254044,72.08905850929776,72.35727649772045,72.63051444515105,72.86156361878392,73.01590176905643,73.0778045147945,73.05419419067351,72.9401295729819,72.75633490811433,72.53723601873898,72.29899749170232,72.03935101063644,71.80069880938474,71.56016754936233,71.33895660490398,71.14555462915908,70.98549019524683,70.85728728815465,70.76085585371843,70.68767520365772,70.61272422869492,70.58100542174672,70.54280148684624,70.49278124554921,70.41236283824226,70.31201066348937,70.2039748756752,70.07426852280669,69.92180993108803,69.7482725517708,69.54121180621341,69.34083248235315,69.11893321885746,68.90395534195505,68.6963086537211,68.48394618592279,68.31780902736182,68.14572152108309,67.98692392570472,67.84651573401635,67.73227961876864,67.64342513781135,67.57711295849082,67.50582817734946,67.48694462221256,67.46639168785177,67.4149005468086,67.32935900128301,67.17993177898268,66.94117243083939,66.61383887502512,66.2494240241719,65.86917604189235,65.49835580903655,65.15639035567935,64.79289432690699,64.59224086093394,64.39285920359129,64.24382448419303,64.145788266063,64.1048178042417,64.12021155544113,64.18441662700823,64.2942342150901,64.45024706821596,64.64303900421402,64.86100730388733,65.09889735440238,65.33721440806158,65.57813342615968,65.81014722915468,66.04268290517265,66.26868500585189,66.4617940885161,66.65751342327239,66.81528767429664,66.95587693077674,67.0752189381232,67.19977389396607,67.32052898792008,67.42931886302699,67.52841835502225,67.63442660480374,67.72854904565281,67.86120348025194,67.97253917068649,68.10711399434615,68.2525195005717,68.40979770231364,68.57777759595771,68.7549263716508,68.95325046360826,69.12902817870462,69.32889651180459,69.52923036824126,69.71046699946683,69.88983287802532,70.06231867749707,70.2236866765406,70.37297986750089,70.50799451744184,70.62983395395791,70.740887453192,70.84298278583984,70.92466905150002,71.00896776913359,71.08382183944462,71.15010967637842,71.22436951254262,71.29328262366376,71.3252889478529,71.42059246484483,71.54397107559905,71.70469772361801,71.94360822324305,72.17878711711138,72.4603731708168,72.76668075277705,73.10200749818809,73.4527216785132,73.81645290940156,74.17869004090056,74.47595632562223,74.72881620714317,74.90574579728634,75.03058600632266,75.08753791123284,75.08471498915259,75.03827376020752,74.9688985741083,74.87826042280578,74.78263286441934,74.6896616058333,74.58658436136979,74.51022990882107,74.46677709350843,74.48287476052882,74.55183054679178,74.68817265040929,74.85721021968301,75.04916547502395,75.22523096630634,75.41352141649388,75.51789928695831,75.55956366080002,75.52105980127448,75.40628854319233,75.23743340890154,75.01815421328412,74.77297941733983,74.51308752157624,74.22874411186345,73.93827362240889,73.65972426003405,73.38318213105012,73.09900020030118,72.84601009853048,72.60618317296212,72.3927647317102,72.20269256722369,72.03551498683622,71.89216103542661,71.7596618633762,71.62602175660092,71.53777468268915,71.45158364222804,71.36609649303516,71.24216201100296,71.11359221892715,70.96573730030572,70.8127947758921,70.63716970168606,70.43648358356343,70.18980855202946,69.90381982453421,69.56670188590947,69.16082549115673,68.69935620128231,68.19802278576755,67.6755294446554,67.18364744565923,66.76900649549907,66.44085916856076,66.20001834988825,66.03593640711023,65.96138233821414,65.98933399646876,66.13597402372464,66.3929352512886,66.74306112420116,67.13164097230192,67.5508049941431,67.98295111468127,68.35401945209323,68.71822175968312,69.06316389880804,69.38412124347218,69.63294230026321
51.180110591146274,51.137271368849085,51.10832400487952,51.07007481746044,51.03255858350845,51.00403037398629,50.988309801568455,50.9428709659804,50.98871670800602,51.00066268521847,51.013756542759786,51.03283447541333,51.063246641608714,51.109256103717165,51.169405940849636,51.257987713204855,51.34620343653937,51.43996662195934,51.525177785191836,51.63073068598014,51.73374098572087,51.85384595463975,51.97556175854917,52.096156238747945,52.216812313704914,52.312129113487934,52.410796527034805,52.50585205173111,52.602799678853295,52.68822334857414,52.76439042639588,52.83344099880169,52.887991017603326,52.92955748601464,52.96324455486484,52.991164359887655,53.01371645863035,53.02905142254376,53.01848534833156,53.00717670252696,52.98476467044829,52.95117071700378,52.91466621262418,52.87776105433553,52.83779036902676,52.80471559616087,52.76423470541086,52.71351836665338,52.703598463212465,52.68617080777418,52.68246526903791,52.68029084619392,52.71137432478449,52.762730087876974,52.833138184101706,52.9256492653915,53.043397075111784,53.175473330693656,53.31376355594508,53.467599966091235,53.57363531839579,53.65157711079615,53.673909963201126,53.63659121153924,53.54699884684236,53.41058875768105,53.26312822804446,53.10292750500003,52.93264479588042,52.76406090927915,52.59054041494092,52.46924744181517,52.373980276093256,52.309546952436634,52.339920671571065,52.365591557415286,52.435282370741405,52.52967386858323,52.66413124167786,52.83479606869111,53.04449956465671,53.29218426764324,53.57496709830633,53.881419288526835,54.186788307315865,54.51454381321495,54.861481000067485,55.21228339433167,55.56941654096192,55.916806884192425,56.23562164474565,56.56963629021425,56.915044428839586,57.25547912244313,57.601777216512275,57.925998047022915,58.23848838721066,58.5241937882956,58.796249360300095,59.06542223025552,59.32870450157527,59.58652139795962,59.835734783246174,60.09719558287383,60.34627938625776,60.59629435158558,60.82496353998738,61.05963132868623,61.26816058786383,61.477897974118385,61.69577524697641,61.90601148169223,62.13618227281263,62.3606579660454,62.58984978267838,62.8415503658302,63.081744105046816,63.324271961846435,63.571586622550655,63.8286633436665,64.10113314003608,64.38054449282828,64.66485701718936,64.93355305489914,65.20034677092671,65.4662825810094,65.73046294470905,65.97221344657073,66.25186999380237,66.54014939531098,66.83034908463863,67.1132214724291,67.38456895143538,67.65500478481061,67.89958023241462,68.11920186576388,68.36168684635392,68.57791965769299,68.77299410799097,68.95997386605048,69.14620135862233,69.3006784109889,69.45421448727605,69.63742919897864,69.82919945771158,70.04009294029737,70.22658555453339,70.53069510445538,70.75101248578652,71.10758630015123,71.39066877803897,71.8080094346338,72.14710127971216,72.52899340656164,72.95616843183008,73.38959993451746,73.7634897847942,74.10823164440173,74.363315233666,74.56916403991428,74.72111521436857,74.83390535320449,74.9140454482543,74.93593520472739,74.91838383365952,74.89430042679972,74.85005642427373,74.79703370915438,74.73460742099161,74.65558930106731,74.58200254738779,74.4634464852076,74.42280155139221,74.49616433554105,74.53706183815609,74.56828776378146,74.79927587500455,75.0113414390856,75.24310571193621,75.48071107288041,75.70364201961159,75.88027547374405,75.99439429887447,76.0304219681314,75.98756761983064,75.8618794099207,75.67935794971075,75.46502674937611,75.23316353790965,75.00331241014848,74.77484374976441,74.57563729946362,74.38437013215498,74.20711729516117,74.0558217733486,73.92909460523063,73.82455200454586,73.74141821366067,73.68404649292721,73.65281916388956,73.62487311417564,73.63876920158819,73.64752882007613,73.60381512910605,73.55818699253611,73.47401846341702,73.3737542479628,73.23998976757126,73.0693050878112,72.87421728265109,72.64747358058536,72.40859892026616,72.12851540044005,71.8173016688824,71.51446897454403,71.2077513737181,70.89146106053742,70.61732854617324,70.41348622204647,70.26201659358176,70.1888170017836,70.18614119484604,70.24971829364883,70.3626382706144,70.52507154609528,70.69513652524469,70.91711828061749,71.12666909858444,71.32032420843264,71.4805656371887,71.60747364791287,71.68757180708984,71.72054153365468,71.70688475392329,71.67264998202914,71.6107977759076,71.55633099000529,71.49274578914452,71.43991017631934,71.44570280670341,71.51038524551937,71.64965540745276,71.86433103974541,72.11180632016745,72.37838360906802,72.64326868508417,72.86117315874898,72.99776491345668,73.04052654573063,72.9988089254747,72.8696217923346,72.67456750000976,72.44874108425486,72.20811621355257,71.94969225491074,71.71462173318744,71.47936821525832,71.26448559533904,71.07827457352093,70.9261908006706,70.80577423856613,70.7156435787096,70.64674785845129,70.56904722665196,70.53972749972608,70.50194632383813,70.45005608433964,70.3607639132841,70.2534292034805,70.13824859512188,70.00148710484605,69.842461765219,69.66339255897151,69.45228667333255,69.25000708892553,69.02818917335132,68.81529309958748,68.61149134497033,68.40174826544795,68.24433180201962,68.0788097514109,67.92690771944734,67.79334791975502,67.68527504701784,67.60162148094234,67.53929911590748,67.46468680849297,67.44780616090091,67.42711810276063,67.36765553214802,67.2710125032619,67.10876570954758,66.85715353632708,66.51977868476982,66.15086827288596,65.77237250872987,65.40800101596297,65.07981320215231,64.72722946646522,64.54073513959182,64.35519661381024,64.21776610031125,64.13452198199656,64.1074268223333,64.13569413843938,64.21161718691027,64.33172906441717,64.4961235157544,64.69495559991294,64.91674843503955,65.15660073059443,65.39490153328143,65.63430627155302,65.86325163055612,66.09160821846966,66.31236107492987,66.49931511523266,66.68942671973525,66.84204620310832,66.9784263662482,67.09462890440811,67.21754310374524,67.33801026559082,67.44785501245478,67.54937604180454,67.65833866709826,67.75465423349507,67.89555571086389,68.0122390273923,68.15219077393232,68.30249017067608,68.46392944912976,68.63507086596456,68.81428777129135,69.0138551459735,69.18627858626341,69.3872784145837,69.58794214522032,69.76509644383546,69.9408449715639,70.10912925668713,70.26585697009476,70.41028110895566,70.54045412535912,70.65773258054114,70.76472095849469,70.86342351808837,70.9424005756175,71.02502620764768,71.09913881909918,71.16564140594961,71.2412431108361,71.31609441689467,71.35189533107565,71.45279784785642,71.58291886208292,71.7516457826259,72.00035495318718,72.2457351983107,72.53398778378043,72.8481762912234,73.18666558464848,73.53566527492265,73.89286403662425,74.24420509982805,74.52366130310234,74.75836932292215,74.9172130587505,75.02481764114818,75.06624695023376,75.05025412130392,74.9938470887975,74.91760764178372,74.82284106109789,74.7281909433173,74.63768999579722,74.53952765690077,74.47112599722998,74.43860648216945,74.46702483647474,74.54794972275907,74.69053961426376,74.86439467317736,75.05640283368645,75.223074631198,75.40492717109446,75.49064194848161,75.5167257609972,75.46105831934368,75.33110959440967,75.14944328534058,74.92041055573928,74.66860496975947,74.40483909582534,74.11941908905474,73.83004476128957,73.5538104501049,73.28081199421187,73.00034918290555,72.75466342113475,72.52201707190717,72.31619348323565,72.1333423769376,71.97217099531186,71.83325476305953,71.70370806806956,71.56615787710895,71.47981643108048,71.39443621161726,71.30853069761737,71.17713934338596,71.04323662863506,70.88959211137461,70.73045857874145,70.54755611724663,70.33870818059694,70.08375113182039,69.79022956223695,69.44723288372988,69.03903941301762,68.57594142403403,68.07781266192997,67.5617704163802,67.08020763494203,66.67997337910697,66.3697949800821,66.14913536375877,66.00846075313892,65.95729833564845,66.00753429790903,66.17324322597317,66.4447274699342,66.80668669235341,67.20314360436731,67.62650724078058,68.06007140083389,68.42553822881588,68.78438441118885,69.12240206842876,69.43643151670112,69.6789550505319
51.15520630679478,51.11055004646974,51.08276415391699,51.04670925819474,51.015564873388136,50.99038640813217,50.97832029504438,50.93441465853785,50.98341676395072,51.000851191893894,51.01969189392253,51.04494926762125,51.081142839999806,51.13228997565796,51.19685279991939,51.2895953493531,51.38124458417233,51.477788687922235,51.56498119106211,51.67193674435497,51.77129608872966,51.89231961394724,52.014202466939615,52.13432312315712,52.253729792395546,52.345157982448974,52.4404689987074,52.529225129182045,52.623635998123405,52.70429967911685,52.775587888895345,52.83963846833579,52.889146570514704,52.92562254319907,52.954283758898164,52.97762672554347,52.996309306658695,53.00837419586664,52.99527094049156,52.981631847634745,52.95717622166783,52.922686238495515,52.88621180920984,52.85032203744941,52.811994118156626,52.78398961515759,52.746141675316345,52.6950937207187,52.69272705740845,52.68025606965743,52.68224440293595,52.68608921190176,52.72414252805754,52.78270089472299,52.85995503171233,52.955064222315286,53.07817051313277,53.21354977425729,53.35221023579869,53.501972478937326,53.6035131169268,53.67116451977832,53.679583488058164,53.62754288241076,53.524980228698624,53.37849109066381,53.22417785229859,53.06055840427993,52.891411268648945,52.729135443928236,52.57568104289739,52.46585030293021,52.38313530299218,52.33124378282129,52.365389250665324,52.406493100541745,52.49114852522398,52.599092051500996,52.74604843443758,52.92808151948953,53.148047139381745,53.40479781476055,53.69538091032801,54.008190196752274,54.318301876838206,54.65000842591789,54.999880772026046,55.35202836186303,55.709516575552925,56.056464908643115,56.37396267615408,56.706480105176716,57.05003233042468,57.38817983884012,57.732270079137535,58.054448938591776,58.36529274235253,58.64922185747175,58.91942245544925,59.186985026079114,59.44895244645322,59.7056873456879,59.95411416767177,60.21533677600029,60.46434735193941,60.71449895103228,60.943576577344416,61.18074561134735,61.389404969080836,61.59959056154734,61.818379687001155,62.030378126726504,62.26212758695572,62.48846730616686,62.71953744722558,62.977038876053705,63.21989610314311,63.46477861836515,63.714089912587646,63.972783901533916,64.2464872392365,64.52382984294793,64.80979303125127,65.08032517273084,65.34817061375466,65.61442169693522,65.8780273681473,66.11455181299398,66.3919067557593,66.67743018097133,66.96454382621133,67.24418151022375,67.51227612665306,67.779578464982,68.0209828758068,68.23778148874277,68.47688107231731,68.68996890523294,68.8818311162252,69.06573600317635,69.24864920907822,69.40095941435409,69.55276985926828,69.73541997644618,69.92885170788738,70.14319870128725,70.33710016139761,70.64762833482503,70.87458184694371,71.23694910202221,71.52336131760418,71.93898854408212,72.27737091118983,72.65528873466151,73.07436557947655,73.49559952555836,73.855138859781,74.18152401593161,74.42039113321461,74.6092287667526,74.74472763484343,74.84099824927318,74.90575593531095,74.9158480446323,74.88791206086154,74.85720151143245,74.80873017022313,74.7526613641808,74.6893753614793,74.6119663996244,74.54189464169623,74.43189151112786,74.39829383258557,74.48287617266776,74.53480466334041,74.57432825911563,74.81272358263095,75.03059543538676,75.26377648237555,75.49717465286552,75.71101917037508,75.87326189355764,75.97059940405587,75.98969364416227,75.93133085475202,75.79259200793987,75.60020865290028,75.37933410519433,75.14472015038594,74.91507472855218,74.68911956119601,74.49361802211429,74.30758208458877,74.13682040841448,73.99286230314775,73.87370452940425,73.77623016422649,73.69901622689012,73.64604040788826,73.61731944433798,73.58644942060143,73.6013156054878,73.60940876609584,73.55777319077619,73.5053911740318,73.41362970635319,73.30547404559684,73.1641924596653,72.98668002153727,72.78523554910143,72.55354462207374,72.31130203332711,72.03000968713536,71.72003408800096,71.42057514146676,71.11952105502937,70.81657162735338,70.55517954516161,70.36564693607096,70.22661941577351,70.16965121941595,70.18099182933855,70.25587492526859,70.37703111086162,70.54481459112745,70.71417251326069,70.93811247952104,71.1438201522217,71.33081388678688,71.4818606629971,71.59810874374794,71.66758550974008,71.69152790144328,71.6711070846358,71.63251686314639,71.56918204959744,71.519574141381,71.46160543853003,71.41768839548291,71.43457663051713,71.50786982124158,71.65804799194345,71.88107209463806,72.13249987378553,72.39660729027545,72.65239609471183,72.85674308780106,72.97562904250088,72.99977212375478,72.9407292360805,72.79742123971613,72.59211195196592,72.36039903154867,72.11799257910924,71.86136019275516,71.62994063713298,71.40005064698701,71.1914582446563,71.01226320684579,70.8678210768188,70.7547586899273,70.67048287617976,70.60544535617748,70.52497238751391,70.49752707288572,70.45972304692214,70.40561285913112,70.30757799110154,70.19349434171268,70.07134477888944,69.92783536142711,69.76267052933343,69.57854875699972,69.36406014293942,69.16012188568472,68.93873681599331,68.72808879265652,68.5282199631035,68.32135817965998,68.17229424211982,68.01319636348568,67.86798271499593,67.74099284940019,67.63874973799881,67.55991895762938,67.50117142243613,67.42323612753208,67.40767743445706,67.38625837391885,67.31870558171735,67.21107388764695,67.03646761132526,66.77278425669333,66.42654544822709,66.05409316941127,65.67809794270741,65.32070824379686,65.0064453145387,64.66591601438574,64.49291192468824,64.32121579333744,64.19538846911877,64.12673239605752,64.11318925783378,64.15393315913471,64.24113471681989,64.37107009577434,64.54335433480635,64.74773932692852,64.97287357393638,65.21417513447113,65.45209569101479,65.68968928800024,65.91544780197084,66.13953703668862,66.35504063534609,66.53618435290768,66.72078462119333,66.86858466368321,67.00109244203865,67.11466182912388,67.2361482030883,67.35642006663751,67.46748609382531,67.57160221319364,67.68351881930643,67.78219427022228,67.93093479294133,68.05297349998737,68.1980810004355,68.3530110647515,68.51831720701446,68.6923237255546,68.87333185669218,69.07369575942226,69.24278274525562,69.44456033825527,69.64523053703958,69.81832020197125,69.99045751589375,70.15459692248618,70.30681213372752,70.44654927439855,70.57213772234051,70.68515955219277,70.78839697414092,70.8840051417727,70.96072222082752,71.04193790567193,71.11555322878282,71.18249022815368,71.25946900996706,71.34021440090869,71.38064676864967,71.48714849886866,71.62383613222875,71.80018028465228,72.057501771509,72.31243517696592,72.60654863689071,72.92768544144373,73.26847636501991,73.61505612589441,73.96492395764423,74.30465137195158,74.56638706689571,74.7830728524466,74.92434672085442,75.0152397463008,75.04194980159053,75.01371605491332,74.94823246799264,74.86589567762483,74.76767640520923,74.67435523967256,74.58660477847343,74.49376385759946,74.43335704638437,74.41157874150832,74.4518467036909,74.54405877883923,74.6920213223311,74.86974715050458,75.06088016861194,75.21769518874079,75.39213205585315,75.45927048697604,75.4698917000171,75.3975887839939,75.25327601929857,75.05960351370535,74.82164868386349,74.56391535498858,74.29683270038335,74.01077810593895,73.72284241147271,73.44919832102507,73.17992253144399,72.90341798596356,72.6648559683822,72.439194689267,72.2406329131634,72.06459368482781,71.90900016773512,71.7741338518519,71.64716617636073,71.50577862457403,71.42087925604763,71.33588040568553,71.24916385195252,71.11050938727305,70.97130432235821,70.81197339446098,70.64681954936074,70.45687733402941,70.24019107221243,69.97753517430735,69.67694318331968,69.32856073241972,68.91855345165806,68.4545221504192,67.96029888272054,67.45141968620524,66.98073765903816,66.59526484759647,66.30323572029653,66.10275470806133,65.98533699224089,65.95725499553242,66.02931556748028,66.21350707463553,66.49890109937881,66.87185794127427,67.2754360925724,67.70217386802302,68.13650755512826,68.4963557190017,68.84975828409446,69.18098482630863,69.48823791525196,69.72492167440413
51.13097732026527,51.08503451692685,51.058486479200106,51.02477464410975,50.999981368454826,50.97822542117652,50.96981341535492,50.92835148473286,50.97968471541479,51.00249019687922,51.02692122814687,51.058159646466144,51.099912837957476,51.1559579299931,51.22468088149398,51.32111724748715,51.415866326445126,51.514867755769856,51.603915385721145,51.71194781983374,51.80753013868083,51.92907526886384,52.05075170038851,52.17006026663301,52.28786870417201,52.37545211391502,52.46736755767995,52.54999478507328,52.641802772749955,52.71783806684097,52.784454663644915,52.8437059237294,52.88844449760404,52.9201349508586,52.94407609099635,52.96313560733602,52.978221613855396,52.987279227030186,52.97215717637132,52.956513704854096,52.930352340901955,52.89527941030934,52.85906753150171,52.824312823709406,52.787737942935586,52.7646634396773,52.72959845850603,52.67872433271152,52.68348602021342,52.675908186165536,52.68343447139166,52.69328976019796,52.73800532566508,52.80339882387054,52.88708540965255,52.98444660052654,53.11224204344632,53.25030279206323,53.38886708701406,53.53394512161473,53.63072833702804,53.688127656196784,53.68316683024021,53.6172984118158,53.50283565321491,53.34751524313396,53.18738209132339,53.02125072021684,52.853959097437496,52.69845616347422,52.565189881526955,52.46698035245306,52.39696608672463,52.35774947595698,52.39529631098814,52.451619392757955,52.55096611386152,52.67225189557859,52.831361209658304,53.024380199534974,53.25419405705724,53.51958224987588,53.81754803667519,54.136331431616675,54.45083749973265,54.78616502697474,55.138519445765866,55.491768086812854,55.8494127901509,56.19576914746997,56.51202072008555,56.84294157305444,57.18456701358778,57.52053806603869,57.86246346995658,58.18263827541899,58.49189344392843,58.774112639472875,59.04252344374611,59.30862700901721,59.56945109557395,59.82520011204849,60.0730071032662,60.334128302333546,60.58317964047423,60.83339230737945,61.06299267838488,61.30251304825701,61.51144133248505,61.7221915922191,61.941979342733106,62.15590209989864,62.38922494110148,62.61742337943724,62.850300846479584,63.11320246995657,63.35854878099683,63.60559875895853,63.85670976497308,64.11681826671612,64.39155293929853,64.66670379540264,64.95405800602802,65.22626449909255,65.49493877239487,65.76129024574918,66.02411336350897,66.25565791243163,66.53051652587872,66.81322011736052,67.09724984378843,67.37366814459921,67.63857479814813,67.90274164235025,68.14099656088341,68.35525278231582,68.59080628497976,68.80098973233558,68.98979880511057,69.17083723703212,69.35047965418244,69.50117186187573,69.65158848370943,69.83373634495251,70.02900785689165,70.24685366195068,70.44899340825488,70.76439359701972,70.99878100582255,71.36477117103423,71.6550921823062,72.06682927934821,72.40364230404704,72.77670128076099,73.18680107805382,73.5950057394764,73.93993488196601,74.24720818681429,74.47054085547309,74.64288483839091,74.76283036687055,74.84366633265174,74.89385555517083,74.89332829062046,74.85635801625847,74.81979914341113,74.76781099101072,74.70921096928383,74.64544502898681,74.57005916540403,74.50362826169525,74.40335883350558,74.37671816720234,74.4706510986504,74.5331842671855,74.58175437794262,74.82544736614966,75.04807496596288,75.2817033591981,75.51008175502177,75.71425241832344,75.86194739329713,75.94266526749337,75.945376632992,75.87236245777844,75.72159351865739,75.52038328943823,75.29386611602438,75.05719828836973,74.82819208763028,74.60514210403164,74.41334118127119,74.23253469591424,74.06816146151566,73.93125041203945,73.81926830345031,73.72844552609742,73.6567374227831,73.60771576036574,73.58104676281754,73.54715300405054,73.56239179538447,73.56930623041622,73.50994500399158,73.45079039775082,73.35174989970956,73.23593700883897,73.08762628691531,72.90409080283524,72.69690830280418,72.46090890956124,72.21581908032304,71.93376276657065,71.62540810296704,71.3294827816451,71.03439683693063,70.74479612053668,70.49625746958385,70.32092706163199,70.19429002362114,70.15304522238397,70.17783601899225,70.26338036564802,70.39213993207612,70.56452706864424,70.73279161950192,70.95778942849353,71.15914335955898,71.33918661578454,71.4810721224633,71.58689109313086,71.64622488370824,71.66178279959159,71.63539597568116,71.59298812304004,71.52861267276256,71.48373018763537,71.43149219151768,71.39666192931011,71.42436098496269,71.50591854787244,71.66626725287473,71.89651779480924,72.1508831735212,72.41169403813508,72.65767845714878,72.84811953168455,72.94943391685403,72.95558958455125,72.88010065957063,72.72374882688072,72.50923396490886,72.2724886079411,72.02888961444275,71.77459423904179,71.5468375078288,71.32234831305544,71.11995919441318,70.94755365208017,70.81035782700661,70.70416631548856,70.62526329216239,70.5636367809198,70.48042317630959,70.45430499279182,70.41602019553449,70.35933941489546,70.25276538191457,70.13222250720156,70.00332274802146,69.85341637139744,69.68258211957293,69.49392224304677,69.27674977305374,69.07138560541661,68.85077530883432,68.64251281598501,68.44662903137001,68.24290472387595,68.1017434645506,67.94888546231459,67.81011159700323,67.6893754317443,67.59259707733001,67.51818566400739,67.46257940701817,67.38138695957171,67.36644016306785,67.34367602774763,67.26797080466565,67.14954072113707,66.9631280868497,66.68824705944157,66.33440908760167,65.9594020765544,65.58664549949427,65.23673238464161,64.93643735977842,64.60913365557154,64.44883663842855,64.29093702832643,64.17670828543332,64.12239557222013,64.12204367433344,64.1748361465144,64.27285385827297,64.4121278397092,64.59180492897927,64.80125840248681,65.02925691172271,65.27149817400736,65.50868936515849,65.74419308596777,65.96667707434985,66.18644111735598,66.39672995376479,66.57246497460307,66.75167799285119,66.89503038114582,67.02402901187901,67.13550174195193,67.25577156552797,67.3759241019666,67.48836304098454,67.59523071600609,67.71007364394072,67.8112713166573,67.96736369463424,68.09474085956835,68.24474673823538,68.40401268944031,68.57286565302563,68.74942294693551,68.9319362025834,69.13263298150108,69.29844771645338,69.50063563860877,69.70097936055605,69.87006361361907,70.03862835803403,70.19871395714064,70.34658061619521,70.48184861543272,70.60314611775715,70.71225042215822,70.81208084126985,70.90491572855676,70.97985086021464,71.05992785170496,71.13329110823827,71.20087620350982,71.27924286712364,71.36576889736637,71.41170024037451,71.52376176516641,71.66678917135951,71.85030432225419,72.11492771200666,72.37869672989432,72.67782762312811,73.00491335045108,73.34711413887912,73.69057431120127,74.03232922673976,74.35975327255582,74.60396714031202,74.80284909022137,74.92716748040279,75.00195078320654,75.01482114883738,74.9753369356274,74.90170694205742,74.81406249327253,74.71306960262555,74.62137730318467,74.53661138750599,74.44946318530984,74.39702727812612,74.38571738206433,74.43727627528087,74.54000873862634,74.69242890429744,74.87302757149565,75.06233401407832,75.20889272575393,75.374917008218,75.42369383563944,75.41903285011072,75.33071327584152,75.17293354109238,74.9681182873692,74.7221120405146,74.45917037884472,74.18932701967381,73.90306247514458,73.61688200875834,73.34607732329965,73.08067156985591,72.80834645963645,72.5766682354898,72.35774913624049,72.16606520094587,71.99638033294447,71.8458973404557,71.71466744839721,71.58989036104049,71.44480000132712,71.36085895244214,71.27579773891722,71.18786905909975,71.04222247463734,70.897787525591,70.732912946675,70.56194830998919,70.36524360738325,70.14108233819285,69.87136036585696,69.5641866271654,69.21092446961364,68.7995933326503,68.33534153875696,67.84572379903442,67.34471723299426,66.88546346239754,66.5150783111799,66.24133835933051,66.06098552956891,65.96661019946173,65.96123573064207,66.05460655272083,66.25665754535545,66.55533918079986,66.93844400656336,67.34838685520684,67.77766794072014,68.2121228445492,68.5664041107002,68.91431925583817,69.23894196637833,69.53961124790702,69.77096332819305
51.1076275716088,51.060955518999,51.03569168869792,51.00444632759672,50.98591392501786,50.9676258365676,50.962838539269235,50.92480158498868,50.977562187952635,51.005588519273715,51.035419214740266,51.07240468449283,51.11946426502515,51.18014218991971,51.25275271187198,51.352385130557465,51.4498844717662,51.55100802372061,51.64179129440957,51.75056912369889,51.84228800698116,51.963945177428926,52.08503251649104,52.20318486892981,52.31904113287435,52.402861962034976,52.49136850875065,52.56810254532773,52.65724252352189,52.728815676768996,52.791004447092234,52.84568985886691,52.885966936203616,52.91321279609506,52.932771026708764,52.9478638084374,52.959644100356684,52.96597083139041,52.94937518128571,52.932062378710356,52.90454121844306,52.869197482476174,52.833473149759214,52.799953165582956,52.76521898981708,52.74686322348893,52.71470915181437,52.66455233605643,52.675919621559494,52.67313280819606,52.68599666661444,52.70182557214479,52.75284672381627,52.82466144022148,52.91432577204981,53.01359939963761,53.14536902670119,53.28546166090186,53.423464590556954,53.56326679693747,53.65505194078874,53.70230828764225,53.684612529993814,53.60593329286028,53.48075113293015,53.31794661529805,53.15309008026686,52.985389760192774,52.82067222604318,52.67236618963217,52.55910922640129,52.47260389658864,52.415389398403406,52.38896526404433,52.429712286667446,52.50098841382832,52.61470824781951,52.74909747232059,52.91998153052304,53.12357713233538,53.362804108957405,53.636386724421946,53.94131050995559,54.26568525139685,54.58424091123249,54.92286393370066,55.277241838592914,55.63136054549397,55.98897971360037,56.33461315060675,56.64972455696746,56.97896838143344,57.31861390464137,57.652548213322575,57.99237130708555,58.310594177192385,58.61833278136408,58.898921194806974,59.16561707686711,59.43042527724271,59.69028822414762,59.94515042943595,60.192510934364755,60.453670315926296,60.702876310789044,60.95305969769289,61.18329573661262,61.424984762658106,61.6343246363124,61.84575819838084,62.06663138368817,62.28264298703438,62.51752835197699,62.74757421217449,62.98217895301819,63.25002508283517,63.49766829898251,63.746683093654404,63.9993838764414,64.2606937508988,64.53625033234839,64.809105943365,65.09757707749158,65.37128661801835,65.64055630939056,65.90678606261736,66.16861503808899,66.39548307193452,66.66765293430817,66.94748458127806,67.22844773318693,67.5016755026452,67.76347317817633,68.02451030686908,68.2596464362958,68.47166870629016,68.70350968568424,68.91105121759264,69.09698213720118,69.27538028647699,69.45179876297313,69.60145829484917,69.75083070245567,69.93253136496459,70.12981333471782,70.35118010123101,70.56240922768058,70.88097420248624,71.1236379039001,71.4908816233163,71.78574709929813,72.1912789707934,72.52562267806694,72.8929112146838,73.29314271030066,73.68748606839351,74.0175853454359,74.30499759283398,74.51357467991163,74.67002946176427,74.77542715523073,74.84201035456054,74.8785036744689,74.86856579555908,74.82394357431212,74.7823463024333,74.72759409801985,74.66700429063201,74.60312838601254,74.5301564754704,74.46744598821009,74.3781110282162,74.358281042739,74.45947937718682,74.53211514208368,74.59054091344052,74.83726797682947,75.06354288915117,75.29662088448107,75.51917475489599,75.71312272977744,75.84619263252507,75.9105391364471,75.89751044891848,75.81079185963807,75.64908637991742,75.4401363534765,75.2089047246607,74.97088078922295,74.74292475511153,74.52314648117512,74.33499278952249,74.15936796490749,74.00123115459971,73.87101976350256,73.76576312694745,73.68112810193321,73.61447800997384,73.568945530757,73.54386145798595,73.50688866431068,73.52188031989179,73.5270903651253,73.46027589381382,73.39437199644924,73.2884273198913,73.1652363114268,73.01043670418538,72.82174739749915,72.6094834019364,72.36984067798126,72.12243395417545,71.84005171231861,71.53368132740148,71.24141191246805,70.952571145469,70.67624002960443,70.4406192646597,70.27932892251013,70.16501856204682,70.13892406067376,70.17654857972774,70.27207288302473,70.40778697329503,70.58402275996855,70.75085714518909,70.97599269650205,71.17250819775451,71.34534743668748,71.47816131806341,71.57384633743558,71.6235835077999,71.6314589398653,71.59995498066863,71.55428285939148,71.48930384456209,71.44892524617443,71.40248349455821,71.37686363677498,71.41501633180026,71.50445917936054,71.67417162158597,71.91045258784979,72.16670022274342,72.42339034943916,72.65889755550974,72.8351486161438,72.9191192971811,72.90802726380443,72.81706873302478,72.64882546558263,72.4261992397646,72.1852885607528,71.94107034562343,71.68963380864271,71.46549433188233,71.24639468197064,71.05007308616712,70.88417903217054,70.75377785454918,70.65392278850032,70.57987437269097,70.52119121676174,70.43532305806771,70.40996211101061,70.37072630911143,70.31112359660452,70.19628639594315,70.06963012896283,69.93424182356155,69.7783332136045,69.60234243207917,69.40969411430399,69.19057312169517,68.98400698090713,68.76450381392529,68.55873556439596,68.3668530730193,68.16651669341283,68.03272658620017,67.88588115290482,67.7532570501219,67.6384205755798,67.54671045062992,67.47628969621132,67.42337259859501,67.33905012971688,67.32397606692011,67.29923459066804,67.21537131014188,67.0864105704311,66.8888377386548,66.60372441207522,66.24363952509817,65.86709835712178,65.49830833475973,65.15632833060062,64.86994000481135,64.55706207492561,64.40857470301803,64.26438060493079,64.16174224407267,64.12148757445857,64.13392863542255,64.19831062956577,64.30665925280539,64.45477282676926,64.64134070188065,64.85538104381389,65.08577263954344,65.32844745717793,65.56457503960934,65.79772827592208,66.0168807786441,66.2322922179982,66.43743529685008,66.60822015338069,66.78219769991317,66.92151068062074,67.04738992950023,67.15733267257357,67.276595564597,67.39668808248457,67.5106367877784,67.62039539705842,67.73810972351363,67.84198753362303,68.0048653840926,68.13753937723186,68.29215005171159,68.45542555138474,68.62747946422124,68.80625530231497,68.98997838369502,69.19052748975639,69.35318056062884,69.55539767143368,69.75507243262668,69.92025201852378,70.08531534500385,70.24147264289687,70.38519086625422,70.5162433836613,70.63358012098014,70.73914074368294,70.8359379010206,70.92634335010439,71.00000336686341,71.07922103424531,71.15257849720844,71.22101939253722,71.30076033949396,71.39288422792835,71.44521272604976,71.56275499403435,71.71184426479823,71.90202098798882,72.17251180847822,72.44432953391319,72.74759663547313,73.07956516525857,73.42225320580295,73.76189991061591,74.09477639818905,74.40923521692548,74.63623504666089,74.81762033075132,74.92569603420034,74.98504921329136,74.98503567550868,74.93535290908964,74.85454752814279,74.7624079003678,74.65932380083255,74.56950868355321,74.48791525653877,74.40679586187595,74.36224091429705,74.36104591437673,74.42324946434817,74.5356506257146,74.69157348984898,74.87399585598159,75.06050090436338,75.19646732905657,75.35306296563698,75.38382092766977,75.36412058352904,75.2604938755028,75.0902278830244,74.8751917997055,74.62204406855047,74.35462984714545,74.0825807381203,73.7965135093002,73.51237898894648,73.24463690743373,72.98321693655718,72.71527445408556,72.4901807176744,72.27771352402662,72.09247252603551,71.9286361633376,71.78275734982329,71.65472469928886,71.53173479489978,71.38313800969907,71.29965131511547,71.21406972579665,71.12451942211815,70.97222893745199,70.82267846382783,70.65244256512686,70.47591548286586,70.27276519265686,70.04153205832108,69.76542639283585,69.45218583315715,69.09456313294639,68.68238478156667,68.21864274736646,67.73432976176686,67.24190303561099,66.79461098947017,66.43961118006968,66.18425986731057,66.02393697505443,65.95232544984702,65.96922395375346,66.08333600116896,66.30258661377667,66.61392475537481,67.00631402382018,67.4218643105602,67.85285252372162,68.28678053608157,68.63561559196091,68.97804320385808,69.29630328256854,69.5906223234486,69.81720116821187
51.085361000876304,51.03854379146481,51.01458049037952,50.98589966104685,50.9734683993866,50.95866607775362,50.95744504355652,50.92388509972852,50.977090807118635,51.010154978176615,51.045160523010274,51.087623454246135,51.139704750746255,51.204724978635014,51.280930817351994,51.383230721514444,51.48311482854386,51.58601368999286,51.678419842368115,51.78760586723284,51.87541456503746,51.99676159768185,52.11686797284241,52.23351412980173,52.347059162342546,52.42723798095782,52.512348156717685,52.58348993586841,52.66989777122806,52.73720967392343,52.79525093568499,52.845636767632655,52.88179602364578,52.90497416601022,52.92051804158478,52.93198413201973,52.94076748629879,52.944653324303275,52.92715608054957,52.90851797372888,52.879991044583534,52.84468770502692,52.80966843424188,52.77746281553749,52.74463440525455,52.73071512036138,52.701577852075744,52.652719864178145,52.670072131378745,52.67193558664659,52.68989218081383,52.71162972880449,52.76855072872021,52.846326308677746,52.941472573031554,53.0423256192608,53.1773088235461,53.31875565756356,53.455733227393154,53.58968640771955,53.676254890298175,53.71354818170549,53.68387312756544,53.593523018650025,53.45891268038323,53.290070607362665,53.121650954276966,52.95336083158974,52.79193459826309,52.651208644117055,52.55748137309199,52.48268724154184,52.43832200914129,52.42479237928403,52.468707611831206,52.55461814351724,52.6823480382634,52.82957285323153,53.0118213602148,53.22555734139861,53.47374108635647,53.75506038983143,54.066510362776924,54.39609391436965,54.71835784657099,55.05995546341093,55.415892767813226,55.77066371421922,56.128091874745905,56.472890467987284,56.78700296722704,57.1145082178997,57.45213842989797,57.78420468997541,58.12200750864065,58.438344763599765,58.74465304408527,59.023702583982036,59.28876810648862,59.55245692892853,59.811551607384466,60.065629030244914,60.31272300530271,60.57406297083133,60.82353742181059,61.07358639903843,61.30456964553152,61.548211877793634,61.758109838798916,61.97034751227978,62.192392979382205,62.41066037395947,62.64709183630941,62.87896783069657,63.115210739419176,63.387490649985935,63.6372208174747,63.88798233248062,64.14204994372697,64.40433766576763,64.68049951051225,64.95097588000758,65.24027538161381,65.51530711354218,65.78492828728498,66.05080698270586,66.31142649918239,66.53397861855349,66.8032696111951,67.08018894952349,67.35811809022368,67.62819771145145,67.88697947899341,68.14490044849212,68.37695765069515,68.58708222047284,68.81503847607993,69.02022243602042,69.20346606104816,69.37946783357157,69.55271247021487,69.70196083008113,69.85065660872507,70.03195807495173,70.23141357135934,70.45630029807165,70.67749155225005,70.99735346267143,71.24918048265349,71.61510957499736,71.91521179573317,72.31208494877899,72.64301925303262,73.00359870625388,73.39305825895583,73.77270800443155,74.08779776366137,74.35464286553497,74.54944421775926,74.69077453312626,74.78270473635995,74.83622826503755,74.85990464437162,74.84171628720996,74.79075975912264,74.74491347631779,74.68815295764138,74.6261775026807,74.56264613760673,74.49252677325629,74.4335901302935,74.35641067113507,74.34318894669195,74.44935127197486,74.53151178042718,74.60066265878753,74.84800616593908,75.07676206328883,75.30826360030163,75.52419602803509,75.70741107105792,75.8258582708041,75.87416825817729,75.84613460624446,75.74674857904068,75.57527038240163,75.3597137773951,75.12472527123704,74.88604667700977,74.65953247865198,74.44336779553028,74.25875885945632,74.08822189034463,73.93612018780173,73.81220402101582,73.71316619947434,73.6342079035085,73.57213419709662,73.52960269945942,73.50562386850096,73.46556120116963,73.47966372762336,73.48263032231125,73.4087111853044,73.3361233028831,73.22371024330351,73.09346512709773,72.93276916633965,72.73985977132308,72.52320870467513,72.28061416226728,72.0314305478058,71.749153597952,71.44511137492498,71.15658255132456,70.87423640669158,70.61100884407374,70.38832187560885,70.24085484248583,70.13879517597282,70.12721278427146,70.17700432746555,70.2817907456364,70.42379447355543,70.60311544642323,70.7682323915428,70.99256585251374,71.18378414396649,71.34920139075756,71.4730895522735,71.55900011803612,71.59975496082083,71.60070903403012,71.56498765320731,71.51662016988212,71.4514697641552,71.41528543440411,71.37465679410242,71.35832637685156,71.40650313279002,71.50341946965456,71.68161952941664,71.92266092135063,72.17969502482123,72.43144272098,72.65583517290949,72.8176764669232,72.88462494414708,72.85713349719862,72.75177898485923,72.57287005490514,72.34326553572929,72.09906836323538,71.8547949425878,71.60671831342967,71.38609309590099,71.17232322223965,70.98188456147552,70.82217247006334,70.6980579627617,70.60395378221303,70.53420566379891,70.47797774778681,70.38959549781704,70.36439927910831,70.32372992708916,70.26085324923017,70.13810134340719,70.00573363601214,69.86416132655329,69.7026889668957,69.52209736299382,69.32604546796271,69.1057477468834,68.89819474494219,68.68012149331709,68.4769274327123,68.28902661130081,68.09232288358763,67.9652907239567,67.82418754026347,67.69738175900463,67.58805318969921,67.50098324351698,67.43409915037614,67.38340052610802,67.29613646307256,67.28016686620064,67.25279758910122,67.16082720729509,67.02168100222791,66.81368716927453,66.51939878209775,66.15450668292132,65.77748537391993,65.41337960417306,65.07975097377714,64.80710391657746,64.5098809573509,64.37219154066196,64.24156680930406,64.15050703985452,64.12398446674705,64.14878270469138,64.22426413727614,64.34243554195305,64.49887558750201,64.69182705711792,64.90997546813585,65.1422949485435,65.38490059195773,65.61964519826421,65.85020546832963,66.0660002458046,66.27706209614168,66.4771629312662,66.64351306230236,66.81243460758382,66.9481528872325,67.0713290486332,67.18033865067022,67.29880257382811,67.41887771909782,67.53445826805279,67.64723010316725,67.76773364053766,67.8744450819423,68.04346282946638,68.18136732407449,68.34025300524385,68.50718015722711,68.68206331765917,68.86270756390068,69.04733597475708,69.24723996173466,69.4068883385542,69.60873979251944,69.80739357010843,69.96881075643027,70.13047632382231,70.28286526200124,70.42267133266081,70.5497978306874,70.6635405413806,70.7659660700123,70.86013349453232,70.94847607807945,71.02139661385844,71.10004244179163,71.17364143543615,71.24313985575502,71.32421708426611,71.42168671425522,71.48134120547498,71.60424553275733,71.75906769786788,71.95533337441326,72.23013309472178,72.50914326583985,72.81562756690623,73.1513460328793,73.49356786536815,73.82871300391108,74.15196202627045,74.45282162034523,74.663024309252,74.82730886854134,74.91995423784941,74.96463707395971,74.9527665222974,74.8939788457669,74.80698537132103,74.71118706148805,74.60670945547605,74.51898967171182,74.440721410831,74.36593210914184,74.32910217673894,74.33758784898488,74.40970218399642,74.53083546369824,74.68926620867177,74.8724119237934,75.05511737374502,75.1802190854679,75.3263508655581,75.339560696265,75.30512627252304,75.18699267462998,75.00530452389654,74.78102287667025,74.52167099059744,74.25053019635459,73.97683832789116,73.69136967728299,73.4095487878372,73.14506652393236,72.88771645865727,72.62434181947216,72.40547391015293,72.19912096382437,72.01983706788472,71.86129501805738,71.71947503218752,71.5941747511203,71.47255365072941,71.32070865202087,71.23715213891916,71.1505778808081,71.05898804406682,70.90047910769016,70.74596936256309,70.57059404692674,70.38879169022991,70.17955234519903,69.9416903123801,69.65993294161063,69.3411667406778,68.97971576005261,68.56715352397944,68.10466893456677,67.626359121813,67.14321707291924,66.70840618470608,66.36906086447809,66.1321572143632,65.99171819129089,65.94252781844233,65.98120307764255,66.11543266036294,66.35118625554294,66.67454086428113,67.07533712864432,67.49573687692212,67.92759068187722,68.36034389671013,68.70392235083335,69.04090600559246,69.35309856880993,69.64134195065901,69.86375635077371
51.064374750505294,51.018017743105446,50.9953473247407,50.969307172916,50.962750276544384,50.9514245681536,50.95368230498596,50.92572216937567,50.978312198467165,51.01619839268718,51.05611982226439,51.10375502827086,51.1605419246642,51.22958851933619,51.309077724232566,51.41348574330854,51.51537320518655,51.61968895280502,51.71361195483747,51.82286326171803,51.90675468425656,52.027356787661944,52.14608112703778,52.26086524900296,52.37173487641663,52.44843062483251,52.530182806379294,52.59609848261824,52.679711036657416,52.74299722332677,52.79720782587085,52.843593143910994,52.876013897262794,52.89553714770591,52.90746661034478,52.91566919159094,52.921780918056896,52.9235257178381,52.90571654997261,52.88610102636964,52.85693434827719,52.82198148665539,52.78788404387694,52.757055859398285,52.72617761515106,52.71634443275753,52.69030862520018,52.64336905050126,52.66598781960327,52.6723221724147,52.695082206199274,52.72263531123935,52.785001346586114,52.86823099414118,52.96832226672526,53.07042825900843,53.207818794629794,53.3499140588387,53.48540347848845,53.61295285677493,53.694108147645615,53.72168910597725,53.68090116320162,53.5801430822909,53.43750630811304,53.26417261953436,53.093413848501676,52.925549217247095,52.76813015789436,52.63532664864393,52.56034861717074,52.49719669351763,52.465680690051066,52.46513205387669,52.5123527206073,52.61252656158911,52.75385859635865,52.91362210981597,53.106792661916614,53.33020585023262,53.58686878052865,53.875452397537074,54.19298962774684,54.527399678811825,54.85303404098146,55.19728993342075,55.55431705073278,55.90953556930143,56.26662380243204,56.61049464954534,56.92378473129165,57.24950877003922,57.58510601567012,57.91550190528092,58.25138599273801,58.565918154328976,58.87089652151768,59.148511867506045,59.41204128428703,59.67479906224749,59.93332902049464,60.186726646869985,60.43374066041534,60.695406421101374,60.94526303246564,61.19505768848184,61.426898298645455,61.67224551690649,61.88285189818056,62.0960166661631,62.31932129933113,62.54001384649974,62.777969410825854,63.01165226132148,63.24943517826034,63.5255831067052,63.7771724968479,64.029447185465,64.2846456635642,64.5476773230083,64.82422056591628,65.092253198503,65.38207805436664,65.6582415696981,65.92795976862138,66.19325084118084,66.45244185408411,66.67109587933939,66.93732018668706,67.21129859889629,67.48624151071573,67.75322889810776,68.00910192865278,68.26392911736546,68.49295945792046,68.70154611142318,68.92544643110143,69.12857013020508,69.30932715402216,69.48318619383227,69.65330960329341,69.8027747964712,69.95117234339824,70.13213008290671,70.33392742273044,70.56232364933467,70.79437349570108,71.1135142472854,71.37543628015482,71.73728414220642,72.04337199876444,72.42899454366622,72.75553924872725,73.10844392529494,73.48621550675809,73.85034866600645,74.15039766987996,74.39633042145924,74.57843919394635,74.70542948683241,74.78493219417321,74.8265397805014,74.83826831888841,74.81293266751337,74.7568858803768,74.70754363556547,74.64948659263227,74.58670538177094,74.52397942493434,74.45721151744019,74.40220825574785,74.33849910282217,74.3316483665577,74.44025704671232,74.53128867460826,74.61209440716175,74.85748268474737,75.08749534671304,75.31636604873698,75.52488794998588,75.69689840848568,75.8008049676967,75.83350639691493,75.79131510839012,75.68036937999565,75.50029307120025,75.27924489864503,75.0414618810906,74.80283555915638,74.5781783459407,74.36601198426186,74.1848237658723,74.01923647100168,73.87291926125681,73.75483684805808,73.66145472060971,73.58761494259784,73.52960219278575,73.48956024687037,73.46619433302034,73.42307541441502,73.43562456719278,73.43579525406217,73.35519620352491,73.27603164980846,73.15764694635129,73.0207166295893,72.85476905520173,72.658636496382,72.43832648588958,72.19349185741937,71.94308058302724,71.6613418396457,71.35995583924993,71.07521471560361,70.79958504664548,70.54920805346181,70.33942224765097,70.20550714533962,70.1156100103213,70.11783644316317,70.17907807812628,70.29237222172065,70.43998467189445,70.62161890933122,70.7847806597837,71.00735246549571,71.1928406753532,71.35065351925667,71.46581812756975,71.54237807630642,71.57483282159015,71.56968571301385,71.53069697109318,71.48021825237916,71.41532387347587,71.38293677378523,71.34808953660108,71.34108300851379,71.39878184969207,71.5027271727031,71.68846940770607,71.93292724290257,72.18961158312372,72.43559764954993,72.64827309246272,72.79554920976716,72.84589194949142,72.80296692172382,72.68437371718356,72.49603851452207,72.2605629333143,72.01394107596789,71.77019618591044,71.52602262401419,71.30880578168468,71.10026735817647,70.91547826189586,70.76156708870509,70.6431749549593,70.55418496987706,70.48814671151976,70.43386545807857,70.34316396058638,70.3175173486511,70.27491958890384,70.20841621774424,70.07817053452665,69.94054945736517,69.79314057804027,69.62658671011864,69.44199276750396,69.24315718701347,69.02249086762727,68.81415750214423,68.59782750596445,68.39725881575697,68.21328416946393,68.02045208971727,67.89948299470842,67.7638087293978,67.64244840830412,67.53819818289496,67.45530884160968,67.39148212263676,67.3425127184987,67.25255678474369,67.23489428109636,67.20422854946837,67.10425860527424,66.95534958322635,66.73776698124283,66.43545263701257,66.06728048327572,65.69086648975536,65.33215246340359,65.00725520627466,64.74807976201656,64.46776998775043,64.3397525735656,64.22251592759984,64.14301936759668,64.12986231305976,64.1665444457302,64.25260419863285,64.38006736725183,64.54430665245506,64.7431293982986,64.96490989267878,65.1986980298678,65.44073518632162,65.6737923250199,65.90153527365696,66.11397680678233,66.32072250931292,66.51591912367732,66.67840687443002,66.84247958106762,66.97508432610562,67.09600022300889,67.20470370592318,67.32257496675409,67.44265872271284,67.55997841565369,67.6758686811491,67.79905197752532,67.90874612243798,68.08317899890561,68.22622297119294,68.3890176632118,68.5592070136097,68.73652189039738,68.91866650390031,69.10388655049964,69.30263107498244,69.45947811100159,69.66055535765553,69.85782658985826,70.01566516708343,70.17406914150857,70.32288409670015,70.45905046417136,70.58257620811413,70.69312818832965,70.79286195439174,70.88483296294412,70.97150198414586,71.04424747428432,71.12261706284245,71.19670596266423,71.26745765368247,71.3498087586282,71.4523026780076,71.52024265844975,71.6483507286201,71.80852575589144,72.01024457408462,72.28767060453542,72.57294760249162,72.88169231040787,73.21996110032633,73.56073241715147,73.89069367085945,74.20358266526205,74.4902368980998,74.68417096281851,74.83187930771373,74.91003311145825,74.94086879783346,74.9181759927055,74.85134584603247,74.7591118881937,74.66046999692148,74.5552897376918,74.46990302757035,74.39515907059491,74.32702535505135,74.29771488925076,74.31536669642806,74.39657034732913,74.5254142761713,74.68531819045197,74.86803569476206,75.04591995650111,75.1599480818071,75.29456164542943,75.29082222844265,75.24203232722729,75.11029568967442,74.9183000909086,74.68574343847843,74.42109190401239,74.14694626615025,73.87218182952354,73.58775102557611,73.30856079285084,73.04754964440433,72.7943279615267,72.53568840595749,72.3226283081423,72.12200456683269,71.94814100594591,71.79429073915382,71.65594522389806,71.53288675048498,71.41220110132022,71.25742793062338,71.1732572187047,71.08520371843593,70.99114802800494,70.82692331732504,70.66765244729119,70.4873991891848,70.30064755432048,70.0857153162519,69.8417067030291,69.5550756977865,69.2313459516004,68.86660835065213,68.45411786172724,67.9936625454671,67.52205423006812,67.04889932378272,66.62707499255524,66.30362477461757,66.08518737061489,65.96443832505123,65.93726238029323,65.99715651508536,66.15082527784112,66.40234844629798,66.73707054869618,67.14538245663532,67.56987297258226,68.00174548003656,68.4326761934198,68.77125657536705,69.10288353847942,69.40935761903306,69.6918409383206,69.91075003219183
51.04475044920349,50.99943472257278,50.97806188653738,50.954742124925204,50.9538139452945,50.94595463607434,50.951590385347714,50.93041947049755,50.98126621601022,51.02372736477924,51.06827178181013,51.120738479111836,51.18188341632245,51.25461503522041,51.33705595881232,51.442981918890204,51.54647541010265,51.65183801037542,51.747178557058284,51.856146518436894,51.936153236045236,52.05556300540859,52.17249503667242,52.28505542628771,52.39288035893657,52.466290347832846,52.54474888023853,52.60587062774347,52.686628739306016,52.746162840822414,52.796897423024,52.839613327051275,52.868706336494036,52.885016378884075,52.89375221729737,52.899058903908184,52.90281460338169,52.90270043761132,52.885132013601286,52.864870415960645,52.835435003133526,52.80113386351052,52.76819055786582,52.73880907501939,52.70992405870605,52.703813591385654,52.68096763967094,52.63661257982711,52.663706984092045,52.67429773494093,52.7015279305521,52.73477540051162,52.80208258362311,52.890213061513656,52.99467130725837,53.0977103184928,53.236656300601034,53.378666141517655,53.5122058248086,53.63281504691764,53.70838267492032,53.72657282804826,53.67564917714887,53.56586900764165,53.41671697272941,53.24052353641557,53.06867510850955,52.902244425643445,52.749559000384366,52.62504248412642,52.567753254209144,52.516098558720905,52.497382212245505,52.50988552002298,52.560718047123736,52.67473164780832,52.829213033270705,53.001189313578486,53.20480739881147,53.437407682345246,53.70205098274815,53.99741189897156,54.320590337473064,54.659444803000234,54.988115229697236,55.33471766104531,55.69235950465757,56.04783408705339,56.40445002550333,56.747319245214726,57.05999862958856,57.383917725438,57.71748208827031,58.04643426852278,58.38052067749382,58.69334246906783,58.9971055030871,59.27340410254892,59.53550130250398,59.79752837012294,60.05570686409114,60.308531710841415,60.55565847394657,60.81779851862575,61.06815135549667,61.31755754683207,61.55036416778643,61.797136045927694,62.00860516313273,62.22282247046251,62.44747342678974,62.67076298240072,62.91021509225343,63.14567553036718,63.38489124211949,63.66428638828934,63.91748949747661,64.17102836263534,64.42710873268751,64.69064003430651,64.96733359068668,65.23287749202389,65.52291023172202,65.80000557052011,66.06955581594302,66.33401547320842,66.59155521008913,66.80678618144432,67.06975846127396,67.34077998510048,67.61280186362654,67.87677116163042,68.12986492918706,68.38164382448642,68.6077177279621,68.81511209709272,69.0348108377535,69.23615469189221,69.41461948313012,69.58657963688388,69.75364529147527,69.90390701622495,70.05236305730485,70.23304021824342,70.43733806138967,70.66923392242593,70.91295198934783,71.22941168218189,71.50231432738454,71.85725311355063,72.17009322837859,72.54176741086316,72.86289827480309,73.20714526442161,73.57236216911609,73.92037998353487,74.20560761476472,74.43052944413927,74.60089883548645,74.71431111415518,74.78237900814344,74.81316461737075,74.81380455202861,74.78236783840947,74.72240124776147,74.67027975067724,74.61159397093371,74.54855732441597,74.48707055207889,74.42411058641515,74.37321451190248,74.32426485812802,74.32377832254824,74.4321858684674,74.53136031720018,74.62481095174127,74.865518284523,75.09550559776102,75.32066277186432,75.52099289629524,75.68137040019738,75.7709428038672,75.7886439719353,75.7332221331645,75.61180356258323,75.42425413739319,75.19877484674618,74.95911313780215,74.72121088228442,74.49881610599803,74.29106473327194,74.11326413156925,73.95252534632374,73.81171694790774,73.69895190344306,73.61060588993217,73.54127923097589,73.4867782056755,73.44869115338714,73.42543319020182,73.37933610383462,73.38964538721365,73.38645431246616,73.29967631983472,73.21408603215751,73.09028888712055,72.94708505496068,72.77656167186827,72.57820897198849,72.35494938129445,72.10856065246902,71.85746744715202,71.57674218449165,71.27840042152896,70.99751072906908,70.72880884582999,70.49094314728566,70.29397732600574,70.17328815485206,70.09545321001453,70.11072008733503,70.18264464763044,70.30365557951512,70.45617980734917,70.63934693001535,70.8003652511325,71.02019610441506,71.19954726907282,71.34960886344666,71.4563107687854,71.52401424728835,71.54891427687784,71.53851933341228,71.49722241419178,71.44521390391417,71.38099572814374,71.35196931394435,71.32284481888135,71.32516268874576,71.39181287068931,71.50231004245495,71.69457968779369,71.94103600009643,72.19619390101994,72.43560163194122,72.6359951179389,72.76864332186642,72.80295936905284,72.74566622314707,72.61498718934891,72.41841282615934,72.17811849491,71.92988963758712,71.68723123433462,71.4474907340105,71.23365207808699,71.03030607327268,70.85093064561694,70.7023956344051,70.58910563437121,70.50454202474285,70.44158706188692,70.38872343172049,70.29595191140447,70.26921717120518,70.22418383399176,70.15370034711863,70.01645460168538,69.87409570310238,69.72124073176617,69.55012288348505,69.36214764304697,69.16116004941478,68.9409419771703,68.73203756335224,68.51776750600472,68.31986922148391,68.1397472141287,67.95102856009811,67.83535024543153,67.70474882531488,67.58841968267308,67.48878046395953,67.40958063052648,67.34830670912812,67.30055870470837,67.20822191983531,67.18804003179405,67.15339099819056,67.04558561322837,66.88741419305974,66.66116872306505,66.35206214218145,65.98219946082833,65.60750643447993,65.25489985280754,64.9390934564557,64.69301820806862,64.43090885102714,64.3113232239343,64.20724824597166,64.13929592211686,64.13909717737089,64.18715242212929,64.28323834262324,64.4194393702376,64.59093655217589,64.79511312903011,65.02005253466876,65.25485607466126,65.49582884824447,65.72690890377325,65.95162830237047,66.16075179252827,66.36324521503832,66.55371014903606,66.7129647421134,66.87242317701163,67.00242950808368,67.12154749684798,67.2305871636665,67.34806368418576,67.46817214067194,67.58733426456803,67.70643766752119,67.83216833284334,67.94499149207162,68.12403673303983,68.2721045766211,68.43840608999467,68.61143662717473,68.79075985949382,68.97401889452158,69.15950768565273,69.35656150704611,69.51085693874325,69.71073772263141,69.90625530873315,70.06074059022808,70.21605166026198,70.3615215404262,70.4943569704083,70.61464299295197,70.7224432134298,70.81996075872921,70.91019398491984,70.99559575601326,71.0687504386014,71.14714344991498,71.22197151794593,71.29417062499687,71.37771730666509,71.48485275002895,71.56206789437447,71.69518585708451,71.86028460034863,72.06675767956007,72.34500337171733,72.63555222068577,72.94556275895854,73.28511551461281,73.62342116072975,73.94752199123373,74.24933497928318,74.52123368671732,74.69966697855622,74.83150844216456,74.89613067171373,74.9139385901966,74.88142174570822,74.80756439520471,74.71099198636881,74.61027874533612,74.50504682888926,74.4222156027618,74.35119333196957,74.29006220505222,74.26811498883578,74.29439278400834,74.38378932931289,74.51923809382767,74.67954056487571,74.86062708871856,75.03264518690946,75.13545516247743,75.25749583118821,75.23758870510542,75.17495339976311,75.0305635154874,74.8293400755848,74.58943999785248,74.3203489841398,74.04388460052662,73.76858979678686,73.48561905042594,73.2093909064649,72.95213087619717,72.7031583503194,72.44944269278713,72.24172391818092,72.04639744425049,71.87736651967155,71.72755716867711,71.59206276130458,71.47072984397632,71.35053131946309,71.19321184783756,71.1078623493236,71.0178287531645,70.92087247699156,70.75151190095322,70.5877205369321,70.4028925666076,70.21155520590774,69.99135747534336,69.74170186128916,69.45097020557884,69.1228315030864,68.75534553564309,68.34339389374674,67.88579268172725,67.42164693489616,66.95918976706517,66.55084335746761,66.24350032070048,66.04350730619215,65.94220652310844,65.93657421044536,66.01706767885798,66.18944260114176,66.45596516168554,66.80139684979743,67.21631914339275,67.6441410158302,68.07517998304944,68.50364069319532,68.83755045361154,69.1639516799571,69.465110230393,69.74219012880278,69.95830261686099
51.02647316944874,50.982739082435835,50.9626790390415,50.94215460045468,50.94661105573296,50.942212380367856,50.951136410407955,50.93787711310489,50.98593838675493,51.032723498050494,51.0815850096736,51.13851308055504,51.20363742241458,51.27968690802202,51.36472804768261,51.47155097120985,51.57623725170056,51.68226506092248,51.77893057427141,51.88726087699901,51.96345546578167,52.08121479615807,52.195941030734716,52.305923283190026,52.41035251434499,52.480728657484796,52.55600124218556,52.612828851240444,52.690706984706935,52.746796289089886,52.794423551408435,52.833808011746285,52.859980384914216,52.8735098584747,52.87946078628686,52.882223618436655,52.88392345865279,52.88221934997216,52.86539803386039,52.84480531800196,52.81545411854748,52.78208967286267,52.75052192524754,52.72265794160619,52.69580975529117,52.69308011159735,52.673509426218786,52.63238905676137,52.663207530543055,52.67783982173425,52.709187255368676,52.747982839692156,52.8196836845365,52.912114345490764,53.020317818900416,53.123975056214256,53.26357873692599,53.40474121936684,53.535871335859625,53.64902468152679,53.71885460262014,53.72805636357723,53.66809895743569,53.55079586462956,53.39668918186051,53.21923199260826,53.04746983194311,52.88342308284132,52.736184660700864,52.62040557312137,52.57971753006282,52.539358744210425,52.53334334683743,52.55895400992354,52.61387402550842,52.74125138193929,52.908384460165045,53.09221853602361,53.305777534082395,53.547047861244465,53.819151484289236,54.120788045567615,54.44915452456331,54.79207154521167,55.123447147951595,55.472088963599866,55.829864946893586,56.185417243787995,56.54144507280429,56.88325780492926,57.195573442545125,57.51768277168208,57.84923208919995,58.17699625935138,58.50942523504209,58.8206436316382,59.12331555107045,59.39842169338158,59.659193757437365,59.920688678402875,60.17872165332135,60.431075541556616,60.67850385326844,60.941267834525256,61.192231990616335,61.441118229878136,61.67499490212605,61.922902141849555,62.135388728276936,62.350786773915374,62.57687563091645,62.80293679709072,63.04386089556522,63.281069251812674,63.52160646660276,63.80358166668649,64.05813745411263,64.31267763919976,64.56937927078397,64.83315686210294,65.10976369698791,65.37279323791786,65.66270299696004,65.94051973302558,66.20962712356477,66.47300850224066,66.72868055311008,66.94101998919835,67.20057506814692,67.46864890512477,67.73783883281348,67.99888493677958,68.24933955967613,68.49812635690306,68.72131756642234,68.92783148838737,69.143214237948,69.34303544203195,69.5193933704026,69.68968577394061,69.85377072548157,70.00535446481642,70.15419743474718,70.33465826380329,70.54158546763344,70.77694398909719,71.03289460359906,71.34495716187016,71.6294408533119,71.97495465175103,72.29507266500666,72.65033764502141,72.96501406795649,73.29968113383079,73.65164307448896,73.9831163673601,74.25373354315118,74.45771390300007,74.61716236939318,74.7177362063669,74.7753146577435,74.79632249206419,74.78672319780152,74.75017470183845,74.6873851709634,74.63316479215399,74.57447406048666,74.51170272712903,74.45186182312378,74.39312170800844,74.34648773778417,74.31330575162325,74.31926500093577,74.42508918890846,74.53164189892914,74.63875217353379,74.87194213040995,75.10056794146188,75.32091377947141,75.51232650417376,75.66079992878105,75.7364296922968,75.73980108556827,75.6720514639214,75.54120167378356,75.34725150533718,75.11834688263647,74.87767215749774,74.64112480458844,74.42137213760635,74.21841114231869,74.04398386896486,73.88803559341832,73.75251604047462,73.64455736662683,73.56059305802647,73.49513380067101,73.44356433452734,73.40687659620794,73.38321134402693,73.3342565138762,73.3416247310908,73.33450972113823,73.24213869586089,73.15033644166076,73.02171961089718,72.8726692723633,72.69822501447105,72.49859254819299,72.27305970430152,72.0257722843968,71.7745262993878,71.49528531568306,71.20039727471332,70.92349349674593,70.66201006783986,70.43631459883669,70.2520440558929,70.14420019480362,70.0783149199747,70.10578876677312,70.18757885189862,70.31547908725743,70.47220211895666,70.65611328979853,70.81484946680986,71.03094033823895,71.20377592254123,71.34601248650118,71.44461530217337,71.50401555067735,71.52211027931388,71.50728775819331,71.4645833293079,71.41159879802443,71.34845596848817,71.32238332540086,71.2989176512843,71.31053954823781,71.38554832339437,71.50209689072744,71.69981702037079,71.94678395661406,72.19921382618747,72.43126550389887,72.61893594094613,72.73707348472448,72.75602954063457,72.68540755696827,72.54375242828188,72.34007074946837,72.09595634460972,71.84689302669081,71.60584443113808,71.37101503225344,71.16053309889621,70.96235788783045,70.78821010243077,70.64464977380311,70.53581984295991,70.45495553032565,70.39442158726342,70.34242613071712,70.24788559714493,70.2194038881985,70.17142253272533,70.09663040094634,69.95296395425738,69.80642734070324,69.64853740675083,69.4733669521135,69.282607803608,69.08007064379447,68.86106418453576,68.65180279686086,68.43989742126642,68.24472679001441,68.06840205019361,67.88405828962324,67.77290030866644,67.64700011644213,67.53525724137799,67.4397261798584,67.36369289179981,67.30444145476984,67.2573883621643,67.16304307988622,67.13948846079757,67.10016129954028,66.9847609948087,66.81792284511593,66.58400567965498,66.26934912922765,65.89933353359461,65.52744972852177,65.1816826611936,64.87538678999653,64.6420444770917,64.39947407016165,64.28696891397333,64.19578405057311,64.13935339823286,64.15166512365468,64.21054519747891,64.31607409823461,64.46043619244627,64.63863581721209,64.84764365291998,65.07527161133187,65.31064327406877,65.55005918570114,65.77888741842112,66.00039598836959,66.20627323903251,66.40461763771613,66.59056210821029,66.74724662872404,66.90234183772004,67.0302610783026,67.148022615534,67.25799697903891,67.3752631736892,67.49542090024232,67.61653717407026,67.73895131502856,67.86710512480963,67.98320818960894,68.16603831371987,68.31899642914873,68.48837909427044,68.66380557694583,68.84469164389917,69.02866102818638,69.21408599582425,69.4089048877851,69.56094340392356,69.75919948651075,69.95259451219883,70.10399599770402,70.25641768476753,70.39880378084084,70.52864476459727,70.64607258374248,70.75156956545119,70.84734420817475,70.93628740785937,71.02081361319163,71.0949308905164,71.1736336813504,71.24944245793662,71.32328349295673,71.40796541926349,71.5193585455572,71.6067832216734,71.74472461127601,71.91432824439482,72.12484041786333,72.40201869471744,72.69677815132172,73.00702175129837,73.34652548250533,73.68132248245146,73.99891757352142,74.28904209201887,74.54589833711456,74.7097490978804,74.82643944437775,74.87845411499461,74.88404164752318,74.842661422564,74.76274497860186,74.66269057345434,74.56063534532,74.45596272417322,74.3758915611442,74.30876783986048,74.25493375065157,74.24019434480508,74.27457941179694,74.3712742569084,74.51217360817678,74.67176436996078,74.84997472643576,75.01508840527998,75.10664582357474,75.21520801733308,75.18003611602427,75.1040913619452,74.94797123756595,74.7385492606441,74.49219820328153,74.21948413902015,73.94135150059846,73.66603911648808,73.38492416391112,73.11196422107899,72.8587152084297,72.61413031759042,72.3655738089206,72.16277499932859,71.97231333727945,71.80749253061757,71.6610287017902,71.52772412952439,71.40757487098723,71.2874025624991,71.12797928474615,71.04086922796063,70.94834946790719,70.8480651314329,70.67422708365136,70.50620750514743,70.31714494016715,70.12159661327794,69.89656124958184,69.64175131309234,69.34765795812667,69.01566138287477,68.6459659436451,68.23502334999989,67.7810924861728,67.32522773860445,66.87430310885141,66.47993722389323,66.18888491293914,66.00727399122148,65.92513193223547,65.94050838394422,66.04091998173635,66.23121337780317,66.51192837734935,66.8674028087623,67.28801632451612,67.71840942495555,68.14775725576548,68.57310066302159,68.90273826982774,69.22409687723764,69.5203972345506,69.79246324201245,70.00650067014158
51.00952501584093,50.967872838217104,50.949149365166605,50.931487006690034,50.94108094999061,50.940130355694976,50.952253142759176,50.947833538541374,50.992251085231935,51.043115566039326,51.095999004888746,51.15702034177793,51.22573318686577,51.304713314259175,51.39197922120177,51.49905691046507,51.60451181168792,51.710816728107275,51.808722433218136,51.91607264479107,51.98858022879228,52.10426352549055,52.216419963699565,52.3235288797554,52.424277731627654,52.49189586416483,52.56410897911139,52.617136764308796,52.69212399150772,52.74506599064029,52.78993497589374,52.82631252822193,52.849950781272554,52.861110574970965,52.86466727196584,52.865224774727906,52.86515749434209,52.86212226557974,52.84650926774214,52.825884347729236,52.79695134339894,52.76479207008542,52.73480771055742,52.70853147338097,52.683762679628785,52.684091551233266,52.66786806090969,52.63057335089929,52.66441777565356,52.68288387853358,52.71800897436517,52.762189320282346,52.83773812440953,52.93385145593054,53.045143343028066,53.14908831680899,53.28841556089742,53.427957119960325,53.55625610090412,53.6615115947433,53.72550294917222,53.72622406057309,53.65840686543951,53.535071748386784,53.37751524312384,53.200304948555505,53.02975244647117,52.86899802518973,52.72788624090692,52.62127359806331,52.59616825150788,52.56692041626834,52.573478985924616,52.61223825285442,52.67189107097947,52.812103743746405,52.99134598820713,53.18665384865591,53.4096150309124,53.65901141043813,53.938034076426085,54.24542998875793,54.57852422162523,54.92512216372295,55.25887553097781,55.60925415839959,55.966678194746876,56.32214301581803,56.677483668777484,57.01820610793908,57.330442041539705,57.650759976895316,57.9803366131825,58.307187522424066,58.63810787913553,58.94783009492569,59.24953156954013,59.52356579507617,59.78311789519721,60.044267227292465,60.3023470834761,60.55432991534788,60.80223506158383,61.06576315124137,61.317447191540715,61.56570401926317,61.80074719053951,62.04951996646043,62.26316778999808,62.479865565322335,62.707477929077854,62.93646468651001,63.17884162471899,63.417770304430015,63.65952491916615,63.94342555610317,64.19907658594252,64.4543587301894,64.71142534842126,64.97520159173378,65.25149156287588,65.5119991250919,65.8014594909965,66.07977839273909,66.3481708018343,66.61024454034757,66.86386230854002,67.07384035036887,67.32984317560117,67.59498989465668,67.86143885911129,68.11965657863983,68.36760526953269,68.6134603282284,68.83384424964179,69.03975559541429,69.25073917359684,69.4492717015744,69.62369913787006,69.79254221621659,69.95373709603331,70.10711411771969,70.25664416002759,70.43695400242781,70.6466096035205,70.88536592209483,71.15385945469697,71.46005823258702,71.75640079808156,72.09035422416386,72.4179239065843,72.75476869652569,73.0620117157433,73.38624932424088,73.72432614061303,74.03889145488579,74.29508139987495,74.47835776746666,74.62756902268018,74.71602155474007,74.7640086224463,74.7762331210004,74.75723411021657,74.71650615974059,74.65191695966934,74.59624173049664,74.53812582923229,74.47611098642348,74.41829554215248,74.36414261004707,74.32190677241975,74.30521092565823,74.31766094320238,74.41887213430383,74.53205088947382,74.65361748699283,74.87668186704224,75.10262922062729,75.31712621585638,75.49901098965172,75.63540591979093,75.69750106755244,75.68720296151794,75.60799888401473,75.46871426057677,75.26938309938893,75.03800426725377,74.79713205630341,74.56252948426291,74.3457728195479,74.14793579524198,73.97687134755047,73.82564941457208,73.69520608144427,73.59157627873421,73.51136574713598,73.44913855955706,73.39992511854054,73.36409039520498,73.3395189596501,73.28784022356486,73.29160195946422,73.28005341071619,73.18268927180291,73.08491007403671,72.95204125276166,72.7975694136839,72.61983027441389,72.41979299804878,72.19263404838398,71.9450750153222,71.69418829358143,71.41688854922586,71.12585120895541,70.85308153391772,70.59911062156706,70.38532386370602,70.21365653529368,70.11824370896025,70.06418523193103,70.1029675314636,70.19375550685139,70.32768101318526,70.48787384575408,70.67173179483925,70.828098678242,71.03945611883832,71.20551276698549,71.33998455008974,71.43088331297277,71.48252636150568,71.49453506412155,71.47606129291333,71.43278569566398,71.3793496123819,71.31765752321016,71.29416530357274,71.27628287095419,71.29714554496957,71.37992462651347,71.5020206922934,71.70411517040262,71.95012197720763,72.19867618441619,72.42267732171034,72.59728298700165,72.70106683117348,72.70532027524747,72.62236729234995,72.4708024609089,72.26109004410058,72.0141006065068,71.76493022187657,71.52598011959871,71.29648790757793,71.08934682934294,70.89631190386969,70.72720862156586,70.58824370008603,70.48326148451497,70.40538861334034,70.34661435059425,70.29493989470075,70.19894139551863,70.16806815810288,70.11666539451053,70.03730212362342,69.88781210670159,69.73763521821218,69.5751130839538,69.39638153055175,69.20340671419926,68.99988972954193,68.78279626597585,68.57339271878081,68.36413114564186,68.17174056755711,67.99915507566415,67.81942088533205,67.71206156087305,67.59050611006344,67.48291395920714,67.39098517229756,67.3175819882001,67.25980701947152,67.21291463039033,67.11697122661172,67.0892196780057,67.04458626335554,66.92190534138697,66.74702833573215,66.50641286071127,66.18740767184005,65.81869624186331,65.45066298445789,65.11243513415386,64.81606160080564,64.59513975643813,64.37345834680413,64.26674112848612,64.18814293579929,64.14320849076239,64.16754221588526,64.23666133536935,64.35101899445425,64.50294247541368,64.68727497811113,64.90058637357565,65.13043533989419,65.36593383871886,65.60330781931053,65.82964502738899,66.04781715265146,66.25057790827901,66.44491293748241,66.62656343599564,66.78130589798337,66.93229234058755,67.05860609192666,67.17542669853674,67.28688380202207,67.4041192752548,67.52435987566243,67.64753174900467,67.77333593249665,67.90379594280202,68.02331186999618,68.20914298667309,68.3668422969491,68.53889256769983,68.71628072596991,68.8982937859505,69.08257407159243,69.2676075703694,69.45967644451326,69.60976399468969,69.80599550887406,69.9969327416942,70.14553132520939,70.29527392633919,70.43483817919902,70.56201361387816,70.67695298104557,70.78057437011147,70.87505351734558,70.96312910690723,71.04714992785165,71.12273695316335,71.20201961861169,71.27903629146067,71.35470167263793,71.44047312000637,71.55575767940105,71.65414314162716,71.79671067760896,71.97041650058203,72.18429291933808,72.45866360603618,72.75656366246551,73.06600943694069,73.4041214560298,73.73438536298202,74.04492519593987,74.32289706270608,74.56453520970133,74.71467548049957,74.81691550953242,74.8572106376797,74.85137316628716,74.80205266453119,74.71699808154236,74.61427255705831,74.51156183546112,74.4080194186485,74.33089506657586,74.26782623917325,74.2215299567823,74.21382643029752,74.25579654999761,74.35891433652954,74.50413640379102,74.66193605677083,74.8360618734188,74.99331053174625,75.07363619758296,75.16793016160746,75.11837141312839,75.02964962715474,74.8626939414071,74.64605242880542,74.3941037032547,74.11853927669395,73.83935326748028,73.56450667543426,73.28561677811017,73.01620582887918,72.76720150052937,72.52712491261515,72.28393351067999,72.08566439562901,71.89966676833258,71.73845990605346,71.59465164844357,71.46287356159112,71.34336096912479,71.22277212376403,71.06170573168886,70.97227465442687,70.87680382906521,70.77281370313493,70.59516242218481,70.42321420880387,70.2302524110773,70.03085768839061,69.80140509677449,69.54192668100502,69.24517766825606,68.90987241086921,68.53850754386548,68.12904628048031,67.67958034939261,67.23278589027346,66.79426766610088,66.4145361946535,66.13997548431503,65.9766443958294,65.91332369920528,65.94910997583547,66.0686968364965,66.27606635536367,66.57013006893311,66.93497146676826,67.36034313560505,67.79254661824798,68.21934147025746,68.64095805180351,68.96682815658241,69.28338536850596,69.57529516692495,69.84273904055601,70.05538393041124
50.9938880929799,50.954778005439046,50.93742344782626,50.922681750816885,50.937162970198315,50.9396411167166,50.95487314364139,50.96002287327753,51.000123136787735,51.05482621692675,51.111444538792604,51.17620316623426,51.24812672944956,51.329660169638366,51.41877921650928,51.525502394395936,51.631317179480064,51.73752708949178,51.836581819447105,51.94263839495612,52.011607912172494,52.12483077799806,52.23409144750327,52.338063044174405,52.43488264241532,52.50000065615895,52.56927741287298,52.618972359349506,52.691064371456704,52.741142259678966,52.78358093107402,52.817262310164104,52.8387322749168,52.847911515855785,52.84944662898689,52.84812381233341,52.84656672092142,52.84244899509318,52.828460372238766,52.80808612037814,52.77988632656787,52.74918421055229,52.72097747833078,52.69635868456603,52.67371080644128,52.676795468134024,52.6639776198096,52.63104023627848,52.66726466709551,52.68936181140252,52.727940316394566,52.77732618595011,52.8562015867739,52.955404696047594,53.069149888778135,53.173059569257994,53.311219929570456,53.448409982139786,53.573495267286255,53.670487691093214,53.72857143466184,53.721334847498156,53.6467937591324,53.518853659329366,53.35928400997611,53.18374780009099,53.01547735646449,52.85888208903781,52.724542843065485,52.62750025995115,52.617003858126814,52.59869217056131,52.61769355307733,52.66962713156438,52.734789677833064,52.88730051908024,53.07807071980086,53.28443932297993,53.516231852484516,53.77318335343416,54.058562550432946,54.37118687997523,54.708541461266556,55.05843891681087,55.3942462079911,55.74606495365781,56.10265250976332,56.457893793219036,56.812490835477256,57.152132198414016,57.46459096168113,57.78315778200707,58.11081985189139,58.43701630335265,58.7665714735749,59.07490196738385,59.37574973356435,59.648829170824285,59.90726606573384,60.16824566455542,60.426552845194166,60.67826382123181,60.92680719644041,61.19122883432384,61.44373355063707,61.69127457432893,61.92757300519782,62.17696270018703,62.391902994329335,62.610007543855644,62.8392187486133,63.07125578287839,63.315065244259614,63.5556816499941,63.79855366670227,64.08376180821759,64.34026392215037,64.59604284852763,64.8532329669813,65.11677515967904,65.39253243263937,65.65052763611943,65.93923076880763,66.21783183155344,66.48525160034963,66.74580412696797,66.99719748789849,67.205307518108,67.4576471749304,67.71989258195063,67.98368982709263,68.2391725597971,68.48474150816936,68.72772935207529,68.9453830539609,69.15093572828071,69.35746818661183,69.55492279146968,69.727587107563,69.89518657492606,70.05359559385158,70.20918295040886,70.35967191744838,70.53989721695842,70.75235043110959,70.99441179416527,71.27550465888386,71.5746224405692,71.88277910183835,72.20341730393427,72.53825994749137,72.85512707063492,73.1540257405649,73.46705349487982,73.79067932260939,74.08803888351561,74.32995712977163,74.49293500696406,74.63245802236106,74.70948395054704,74.74873038172468,74.75311622059802,74.72554714328308,74.68151511405605,74.61607592356614,74.55955353620608,74.50254824511157,74.44175149881252,74.3863140132485,74.33707102035825,74.299350454836,74.29956952258333,74.31851865226643,74.4134369894367,74.53250522276095,74.6690050346488,74.8797289929382,75.10176266691158,75.30944614223132,75.48124875127476,75.60542403022349,75.65439239067624,75.63107482348838,75.54126017679832,75.39449186994307,75.19074684390516,74.957790261536,74.71748595034516,74.48537707950229,74.271944530605,74.07952327588173,73.9118149368174,73.76524886566006,73.63966885884449,73.53991391915541,73.46286437209972,73.40326750716962,73.35586269018211,73.32036490721721,73.29442148721826,73.24014557568866,73.23968962414561,73.22324483143812,73.12145494843568,73.01793908513903,72.88135617521499,72.72188561083694,72.54144864310065,72.34181609460907,72.11364900701491,71.86641710736478,71.61638458357979,71.34146920112607,71.05466703440761,70.78619206207307,70.54001075742896,70.33788169461349,70.17874041306949,70.09537098828034,70.05302554275721,70.10218001608494,70.20105532612693,70.3401111995427,70.50303928287502,70.68607007013829,70.84005787245957,71.04579770027115,71.20490228825457,71.33169308854251,71.4152727947483,71.45969136219648,71.46630286652422,71.44491024312873,71.40183549248256,71.34844302465868,71.2885533210108,71.26730174387794,71.25491531189894,71.28491156281784,71.37487643970317,71.50201544581148,71.7074406697776,71.95110579363784,72.19470190114617,72.40999979040733,72.57124778611036,72.66085115842284,72.65104938390225,72.55672179845457,72.39627031415652,72.18154846970745,71.93257540469465,71.6839802017422,71.4475826429943,71.22380174881881,71.01999125465788,70.83205722341042,70.66781658217143,70.53308301928804,70.43136842277606,70.35581763935667,70.29817776863263,70.24630812103811,70.14913914818888,70.11527943225589,70.06002501028681,69.97586072253934,69.82112536935301,69.66781166932729,69.50105028569533,69.31922923334659,69.12457783983288,68.92061806604653,68.70607699774268,68.49674684522275,68.29038257302331,68.10081954493425,67.93191164920323,67.75698977809557,67.65275271340587,67.53519772741242,67.43133824661604,67.34252859051323,67.27124355784537,67.21442412224596,67.16718617490947,67.07003101378426,67.03733473953521,66.9868336502346,66.85719301090586,66.67489660403962,66.42852621957921,66.10633162073437,65.74030108598342,65.3771127246422,65.04708981957538,64.76102853986008,64.55223460822646,64.35257279789448,64.25058326578483,64.18429872617669,64.15085909340692,64.1867007475596,64.2654388637857,64.38798060083558,64.54684289117577,64.7367246391305,64.95380777829303,65.18542028813695,65.42063661139322,65.65555024213116,65.87923008357339,66.09398697471231,66.2937653776057,66.48423345350993,66.6618147862414,66.8151950954126,66.96233000592109,67.08749005153463,67.20376034493283,67.3171981745505,67.43457781370294,67.55494389261781,67.68026197847803,67.80951547770138,67.94216985838507,68.0652089641901,68.25330458977817,68.41557864281326,68.5899011985816,68.76883835934376,68.95156722834984,69.13578376094141,69.32012010083335,69.50897866989408,69.65740416713129,69.85124442681372,70.03941909787773,70.18548343450028,70.33274920897826,70.46974403458249,70.59456814598252,70.70737316997294,70.8095239712607,70.90312876642321,70.990734086954,71.0745985351482,71.15211635268707,71.2322328114792,71.31067013014146,71.38832976213169,71.47515872479738,71.59398510407064,71.70389049125005,71.8508666698657,72.02827128517349,72.24486571772103,72.51491139304349,72.81491619582908,73.12258383738725,73.45802795854856,73.78278837306162,74.08574938677295,74.3511602391074,74.57745242209094,74.71470428612237,74.80317983280769,74.8326074361477,74.81612834296254,74.75975311286825,74.67043418934442,74.56580284478879,74.46308025434755,74.36119890741986,74.28719028291493,74.22831217481347,74.18974078837729,74.188884718452,74.23791396779178,74.34659708020709,74.4950515802826,74.65004356527378,74.81895263843474,74.96744742479873,75.0365676816488,75.11589784526946,75.05280154834686,74.95183160877282,74.77490671250787,74.55197436278766,74.29524214626102,74.01755630520168,73.7378962022868,73.46396936043243,73.18764730510165,72.92204082205154,72.67748861192372,72.44202318466894,72.20437082580487,72.0102593193826,71.8283405766142,71.67018487576202,71.5283838016705,71.39750923407317,71.27811746617178,71.15669924651183,70.99441841777634,70.90215227257768,70.80330768993353,70.695274255636,70.51443575359723,70.33884767669772,70.14231160225442,69.93942435375543,69.70596747472852,69.44229958759361,69.14356804879301,68.80550140697352,68.43300830551155,68.02550273518158,67.58127466197551,67.14430843578556,66.71902836895781,66.3546065081695,66.09687626681298,65.95176616154231,65.90689096655929,65.96242406116464,66.10038165591446,66.32393028136154,66.63046221208062,67.00398586499271,67.43316871480098,67.8664291283564,68.28987966562411,68.70729954680759,69.02991997728557,69.34191982009919,69.62988777103322,69.89309679685886,70.10498870030771
50.97954450546552,50.94339659962414,50.927451869934,50.91568124002086,50.934796458486964,50.94067721809352,50.958928974294594,50.97417924378386,51.00947336676883,51.0677780988938,51.12785238107668,51.19600447855507,51.270775803667085,51.35450061648046,51.44511742849845,51.550927289349545,51.65671709075954,51.76248197877888,51.862579547211475,51.9670516504592,52.03264034664221,52.14305158192208,52.24912120896254,52.34971829989145,52.44239404632329,52.50525172175317,52.571711865327266,52.61851362876353,52.68771273630217,52.735195410411166,52.775510651543435,52.806792791258744,52.826439615194595,52.83400566861204,52.83387381200256,52.83098217080474,52.82820114886271,52.82323934917158,52.811246004342486,52.79138925118433,52.76421871693424,52.7352092496369,52.70896079310304,52.686068589383616,52.66558211045105,52.67113942014025,52.66177217898443,52.63366448693655,52.67167515254077,52.69720552640469,52.73892851030992,52.79332478028989,52.875029922479726,52.97675640459708,53.092348860768844,53.19591834907918,53.332088279166854,53.46625050460278,53.58776175972898,53.67618985036728,53.728321585083854,53.713652119412245,53.63348059958416,53.50229859787339,53.34208433587403,53.16956594304833,53.0045989662939,52.85298811073459,52.72603356923948,52.63893925978377,52.64212278485279,52.63457970674803,52.66588784765599,52.73099752502099,52.802432078791796,52.96675911163466,53.16850710805232,53.385514387086864,53.62553935735764,53.88944885978887,54.18060172471548,54.497911553235866,54.83905825617792,55.1918846692636,55.52944302219347,55.882435662849275,56.237755031903,56.59268204742572,56.946508497778304,57.28509042284269,57.59804449889103,57.91490481997309,58.24071378976753,58.56649166183711,58.89481865786741,59.20185930574856,59.501966217581455,59.77420458381754,60.03163061899768,60.292605637955496,60.55130862911431,60.80284624822508,61.052175355385955,61.3176092493224,61.57102766027268,61.817789554417004,62.05542431827204,62.30520352345603,62.521554987303944,62.74116140868761,62.97203651686211,63.2072192184158,63.45243971784637,63.694706207194834,63.938599610183594,64.22453406172839,64.4816564508791,64.73770132319798,64.99478842214295,65.25787893678208,65.53290207168908,65.78841176602089,66.07606875048346,66.35473172490933,66.62093607432875,66.8797687691876,67.12878324795236,67.33548174556775,67.58407145742832,67.84344659526116,68.10467962133005,68.35751935283736,68.60082772499884,68.84101704205663,69.05601925572026,69.2614231970937,69.46348381890492,69.66004803266783,69.8311076015119,69.9976564612832,70.15339740965742,70.31155793835795,70.46324939131192,70.6434576902366,70.85874791245956,71.10399367805495,71.39748833240193,71.68855733205355,72.00816070472699,72.31410936420744,72.65569378210766,72.95147927260807,73.2411906648227,73.54229730497558,73.85097057559916,74.13089229065325,74.35866667767678,74.50191959091724,74.63216859544937,74.69844018506025,74.72974941505159,74.7271915072756,74.69187215101039,74.64535446672505,74.5799413723406,74.5231431797832,74.46774027606561,74.40859366080949,74.35585954049526,74.31180466676906,74.27869762405975,74.29597068474888,74.32139063104623,74.40868603909036,74.53292283271726,74.68451260528958,74.88107608525947,75.09804444507327,75.29802116596454,75.45924218784964,75.57108991707524,75.60733912271034,75.57164189518366,75.47203112562607,75.31868504886262,75.11144066324258,74.87774812642105,74.63872695574904,74.40961974850107,74.19981364955993,74.0130581680778,73.84870300625703,73.70671600255722,73.58578616070302,73.48947556728069,73.41502932948963,73.3574947672843,73.31137969796238,73.27573341079163,73.24798555921075,73.19123168002707,73.1860009025843,73.16424351550066,73.05856262653415,72.9495556308212,72.80976674075816,72.64571799573685,72.46315131193519,72.26466761092716,72.0360811736675,71.78974682264405,71.54104632322971,71.26894458738961,70.98674956122225,70.72274230270072,70.48461072584286,70.29389549503026,70.14718919339731,70.07548327250954,70.04472125670895,70.10334214742444,70.20940666720365,70.35271512751017,70.51767295059159,70.69916349861765,70.85077496310574,71.0500945809207,71.20210063499022,71.32130613735653,71.39794174106463,71.435655235173,71.43752792174516,71.41390491439584,71.37173869898604,71.31885571252674,71.26109629059113,71.24177914173445,71.23478980812646,71.27376848565953,71.37033842262014,71.50201514994032,71.70976027208255,71.94979314730664,72.18741275192288,72.39339561607635,72.54104186827719,72.61665426368211,72.59343467760978,72.48864744444461,72.32028901495126,72.1015237859404,71.85140486326657,71.60402194488533,71.37059634460273,71.15284894481101,70.95236436007166,70.76948294847253,70.60992436339652,70.47907333744325,70.38007852148287,70.30621901240336,70.24912524864864,70.19657659225935,70.09850013676905,70.06111010419318,70.00161531310478,69.91245141006243,69.75303005254658,69.5970490277468,69.42643153429555,69.24197267504483,69.04615464552101,68.8422564126976,68.63084515608838,68.42180469229736,68.21856559730305,68.031872712968,67.86657712947365,67.69663839878486,67.59489247761935,67.4810058897085,67.38047847888237,67.29432834278413,67.22467770061373,67.16832481855567,67.12026927893483,67.02225509195735,66.9839424457531,66.9270737930697,66.79079838573396,66.60169358916956,66.35048170960418,66.0262148266264,65.66416156630392,65.30676547142862,64.98557926534544,64.71019825813673,64.51325953894444,64.33650470405028,64.23838821756623,64.18415173581646,64.1622061374933,64.20905928874359,64.2967979468945,64.42687098066725,64.5920373445286,64.78688117281331,65.0072240958289,65.24018745711878,65.47476643071765,65.70685670684168,65.92773437264091,66.13901217744784,66.33593655273123,66.52268154933766,66.6964168127969,66.848966766533,66.99251015402744,67.11693845970531,67.23302415379891,67.34889063855863,67.46658461385394,67.587127776794,67.714671851597,67.8474139084186,67.98215594312342,68.10880590314744,68.29847696091379,68.46514192953222,68.64135967521439,68.82145476516882,69.00451297172971,69.18831622749295,69.37167219576072,69.5569153379136,69.70394997611119,69.89506517860086,70.08020274351546,70.22398918746607,70.36897235668602,70.50364064607315,70.62641298864193,70.73742213563649,70.83848471274896,70.93161003558912,71.01911735289033,71.10315327023618,71.18301681523243,71.2642048097332,71.34426108560234,71.42407235952923,71.51194054954017,71.63397577207608,71.7557681075563,71.9069152018286,72.08761451443239,72.30630933919458,72.57073545624645,72.87184408757116,73.17680582558727,73.50837652601848,73.82671793814805,74.12159578179951,74.3740919689855,74.5849580918966,74.7100936744575,74.78547560938264,74.80485170677741,74.77850237402332,74.71592040883355,74.62316378732642,74.51734634425371,74.41521264056736,74.31548318559209,74.24474137401965,74.19016929168671,74.15945621036948,74.16524268240744,74.22080143436084,74.33420999997182,74.48484423726376,74.63607488980044,74.79871139294183,74.93763494732333,74.99558167291895,75.05934664957717,74.9835334736089,74.87084072018065,74.68478463636531,74.45643984530976,74.1956991807896,73.91657713258374,73.63698660613261,73.36440405828965,73.09096615696413,72.82939429278215,72.5894754020402,72.35870618302724,72.12673478203493,71.93642698288974,71.75821758745921,71.60258325500499,71.46218342123946,71.3316322172149,71.21187986747981,71.08924784148472,70.92614647430176,70.83057792478411,70.72797771407558,70.61560296607898,70.43216491493219,70.25321493762512,70.05341913661476,69.84738253188216,69.61032684125102,69.34294165542448,69.04286781256364,68.70258519109142,68.32950619779062,67.92443276409733,67.48619381451036,67.05978242102306,66.64852975750736,66.30005303633396,66.05948867759705,65.93262803439168,65.90589215670484,65.98048617146344,66.13595643259659,66.37473372172538,66.69281702145604,67.0743306447389,67.50638628608336,67.9400278230898,68.35945778795494,68.77226692313644,69.09211932086758,69.39980308494133,69.68425879039255,69.94361578334635,70.15535128246866
50.9664763578977,50.93367063629484,50.919185214403406,50.910427881487564,50.93392075698745,50.94317121448667,50.96435319595878,50.990036776530886,51.02022060052176,51.08189386012149,51.145153301432465,51.216367203371334,51.29363816301952,51.37920779710625,51.47098325206258,51.575371462131834,51.680775282802344,51.7857672313803,51.886786430764396,51.98940593426553,52.051779362921344,52.15906096550406,52.26167497489406,52.35868717035105,52.44703874296693,52.50785774923345,52.571617658331185,52.61593856495186,52.682253697792405,52.72739575704225,52.76587337189612,52.7950394051917,52.813187551453645,52.81948602072265,52.81802377566545,52.81386128969336,52.81011078863782,52.80453313847404,52.79486082104548,52.775772355383424,52.74990816337802,52.722810342712755,52.698687219409486,52.677590202056045,52.65930456638046,52.66707096509258,52.66118581450015,52.638320876911116,52.677576179661315,52.70634692960364,52.7509207849642,52.810116446896195,52.89417898237718,52.99788892033418,53.11475166361852,53.21769419179052,53.35111704590842,53.48162938604685,53.59922850295527,53.67885495235627,53.725014926433104,53.70343927137516,53.61868834786457,53.48556356443495,53.326005074274256,53.15776477326121,52.99707168033015,52.85122892662912,52.732237521491854,52.65544429856001,52.671423466618975,52.674488724487276,52.717962665507685,52.79622577781463,52.87464921758503,53.050323388642646,53.26252505520101,53.4897644823877,53.73743126693059,54.007698778785304,54.30404457030037,54.62551140971985,54.9700061860373,55.32541605972599,55.66444594233885,56.018367239286505,56.37203459408133,56.726563401442604,57.07959515033812,57.41714019227266,57.73082773578179,58.046029766537394,58.37005041125178,58.69562265757736,59.02285207152021,59.32870216675565,59.62817719602968,59.899684797247595,60.156203904938984,60.417328795256374,60.67658412587526,60.928046185344286,61.178294635968136,61.444848761786794,61.699266112814826,61.945208618869096,62.18425310193312,62.434215616694104,62.65208441495503,62.873275858990446,63.10586966116363,63.34426412534208,63.59087300913851,63.834746894722024,64.07956965058254,64.36568595533427,64.62321116027164,64.8793054831839,65.13607800958508,65.3985142938862,65.67261624543565,65.92568450981648,66.21202535611408,66.49052974824735,66.75529077898959,67.01221997409223,67.25871674546848,67.46442328590022,67.70920041438863,67.96574156284271,68.22449612639613,68.47478343034648,68.71594336943375,68.95340701178533,69.16583813126036,69.37126931196048,69.56886861238796,69.76470674611899,69.93431094174727,70.09998948650221,70.2531937341719,70.41423605704105,70.56734526592052,70.74760520510377,70.96574200962914,71.21402364651021,71.51946859149345,71.80177045327683,72.13213054689224,72.42239587812854,72.769838404813,73.04389180770411,73.32364101091798,73.61218441375603,73.90546785470339,74.16778531370238,74.38151598842595,74.50578548875123,74.62703996895878,74.68320704955212,74.70733520189988,74.69867869745188,74.65641898740783,74.60817711968781,74.5435926156795,74.48705363172891,74.43370089003548,74.37660686892761,74.32687442797621,74.28824127710664,74.25982711911774,74.29400355450524,74.32582938246014,74.40452156804795,74.53322165326946,74.69973798770307,74.88071572116768,75.09155071987091,75.28299889442418,75.4331936981832,75.53263923734265,75.55657672469692,75.50912940030788,75.40050751385182,75.24144434431554,75.0315624817579,74.7979211228468,74.56084818864102,74.33520964945379,74.12930655519501,73.94842505567009,73.7874239253607,73.64993288113858,73.53343977504768,73.44016650250032,73.36780101587773,73.31179446367678,73.2664787903916,73.23022918447523,73.20027780810706,73.14115764635959,73.13064897222958,73.10320899510049,72.99413920687324,72.87989186693673,72.73737531189221,72.56916670029814,72.38500947232136,72.18835332005624,71.95990714181482,71.71501242327959,71.46810466637812,71.19923202402241,70.92200359955174,70.66264947728938,70.43281077722605,70.25327266842756,70.11889637542386,70.05847934107702,70.03914534113103,70.10636724106872,70.21876093895237,70.36548544180309,70.53179699450085,70.71108005746045,70.86030469282801,71.05247648880261,71.1972639558341,71.30899173202889,71.37904814548646,71.41056266285844,71.40832446500772,71.38311561227114,71.3425012943969,71.29056435365807,71.2352393606522,71.21758399256022,71.2158811936447,71.26364719737151,71.36624523492092,71.50195380333854,71.7110407309043,71.94624177961602,72.17693051229175,72.37302750480391,72.50687676350705,72.5687039441607,72.53269396738088,72.41832059948257,72.2429915902196,72.02109375245092,71.77061310631598,71.5250344299037,71.29496556770178,71.08352188438938,70.886364130815,70.70847818107602,70.55342234439034,70.4261202605858,70.32932964437511,70.2565691365092,70.19947019791245,70.1457910908946,70.0470456428725,70.00563256745038,69.94155023601508,69.847219398561,69.68365246661729,69.52543962716882,69.35133935207475,69.16467447019325,68.96817059627578,68.76480552888455,68.55703951726515,68.34850577611532,68.1485941123734,67.96480906248057,67.80305687513841,67.638240178271,67.53839956486797,67.42786151817106,67.33028303128383,67.24635633738899,67.17788451638324,67.12154116386327,67.07223022567949,66.97367611168457,66.92915159702648,66.86547702475308,66.72289584823999,66.5275852302532,66.27241528413151,65.94715114023187,65.59029118317382,65.23958774717106,64.92783601935112,64.66348140661258,64.47814505507985,64.32494134588916,64.23004858960921,64.18759564549678,64.1771193865819,64.23449638907788,64.33063712251405,64.4676107101094,64.63846560556918,64.83770447106377,65.06082095641322,65.29474686302613,65.52835834430024,65.75730165620594,65.97524970819366,66.18299948375368,66.37719233937423,66.56035958850461,66.7304701695115,66.88267345686583,67.02288810521353,67.14697681901738,67.26321872421163,67.38191173598099,67.50008550052817,67.62086635387648,67.7507053574683,67.88695518242419,68.02368326858168,68.15400911782487,68.34461393795867,68.51546861989704,68.69322268589693,68.87410623154666,69.05713201672263,69.24019760250663,69.42231246369637,69.6035902225579,69.74948747649216,69.93757670250658,70.11943284137335,70.26118544599588,70.40407219346375,70.53664731275275,70.657652769588,70.76718886314802,70.86752293842638,70.96053740502478,71.04829390960677,71.13280796827043,71.2153860669443,71.29786716315402,71.37972626946672,71.46183406292188,71.55073691013837,71.67566463592752,71.80951882756025,71.96457888728004,72.14816810462194,72.36837430994119,72.62610919615223,72.92735567385034,73.22873627448995,73.55529869439648,73.86636048369917,74.15267001679845,74.39195260010307,74.58736033673155,74.7011018052135,74.76404603443642,74.7741506459476,74.7386904559435,74.67071219368552,74.57529736080666,74.46896796306119,74.36798103270853,74.27085424827001,74.20351250374819,74.15334123469854,74.13056618769176,74.14277379530265,74.20432871888622,74.3216406078545,74.47343947434678,74.62001802468161,74.7754025083982,74.9040089622059,74.95081956854007,74.9985121557887,74.91077414084357,74.78688037475939,74.59250279847642,74.35957365909061,74.09556045532956,73.81564366688062,73.53663078013236,73.26578765581289,72.99552374577615,72.73819133325712,72.50306073030634,72.27705495696534,72.05087440710982,71.86403459845073,71.68918062620254,71.53557085904401,71.39600876691885,71.26524358126075,71.14468367840044,71.02048181942506,70.85691903255822,70.75762745341724,70.65093056505474,70.53395601160665,70.34846774323336,70.1664230203823,69.96367163707468,69.7548181452806,69.51456165414925,69.2439245070641,68.94311567239401,68.6011605831267,68.22803918991,67.8258764172212,67.39435619758598,66.97919489186837,66.58271637183474,66.25078064554401,66.02768730306808,65.91908574569501,65.91020874255256,66.00321786373237,66.17535222229911,66.42839220556874,66.75709914594344,67.14591642696702,67.57997213032445,68.01337443437278,68.4281750448456,68.83600196541315,69.15353177625877,69.4571380159563,69.73849196852011,69.99437527244385,70.20650797953172
50.95466575487626,50.925542130973625,50.91257406414802,50.90686408240261,50.93447520783057,50.947055660556856,50.97107836987398,51.00732959798914,51.032283663393024,51.09709614879087,51.163278069551446,51.23723426531408,51.31667156100804,51.40375485383658,51.496366082095,51.59887477954869,51.70355549288441,51.80746868270771,51.90927328435907,52.0097947693403,52.06912679172976,52.172993956985486,52.2719184721145,52.365162178997615,52.449043531961564,52.50802742688584,52.569200113741694,52.61142516031545,52.67487186767574,52.717913613777505,52.754818326726244,52.78213758564892,52.799090833041625,52.80444555967052,52.801971474628125,52.79682260855083,52.79234565071862,52.78637017365967,52.779299479340025,52.76121404821108,52.736914314779135,52.71193064515346,52.69008632178549,52.670852536805604,52.6548061489519,52.664537660831684,52.66215260242273,52.644884180239806,52.68489469612902,52.71671792706297,52.76386436921044,52.82763252936347,52.9136046173164,53.01878458201407,53.13636970194545,53.23841663290998,53.36840266601687,53.49469732516957,53.608068421688046,53.67871987685096,53.71891298470441,53.69095969844675,53.60263796504342,53.46880555943008,53.31113507863352,53.14834968656322,52.99284990294402,52.853517373070495,52.74303380188553,52.67686907727881,52.704804338358514,52.71832492343774,52.77381880247949,52.865188234535744,52.95127203794211,53.13783527413469,53.359978850687135,53.59704021685328,53.85178130404582,54.127831339085446,54.42881498329472,54.75393558446335,55.10135489930595,55.45901638727175,55.799249899157346,56.15386699373505,56.50554181289561,56.85959350659028,57.21180928781418,57.548340917751545,57.86296575496582,58.176561297444074,58.49886170078503,58.82441835027335,59.15067435404057,59.455430607141004,59.75437884334737,60.02526257430608,60.28097827350814,60.54239678422181,60.802349026115785,61.0538326216061,61.30512013573469,61.57289173726674,61.828385500630745,62.07349142702686,62.31401132835211,62.56397216032795,62.783451923315816,63.00629959393644,63.24065660885719,63.48229963587712,63.73027308179536,63.97570663126553,64.22137068887163,64.50716112773384,64.76488503847087,65.02082665746896,65.27708802498665,65.53868260183464,65.81169071928981,66.06237886252666,66.34715250578961,66.62527757700826,66.88838226955014,67.14323924876756,67.38709513721365,67.59219239225749,67.83311843710506,68.08686711294969,68.34322722686352,68.59105126491043,68.83016789088673,69.0649828748743,69.27492495692172,69.48052538298816,69.6737051089728,69.86895825277327,70.03724745029959,70.2022232617973,70.35303575811608,70.5172142819322,70.67192822557651,70.85230954440141,71.0732726846771,71.32441377227747,71.64110355240062,71.91416935047577,72.25427356847887,72.52824231884271,72.88030680998727,73.13243118118197,73.40151130125213,73.67691848044916,73.95443911504317,74.19905159006667,74.39881100685481,74.50500666989107,74.61741136990287,74.66410133529507,74.68175722174242,74.66779750754547,74.6193975064848,74.57013597488455,74.5071089632696,74.45132786254408,74.40042905496225,74.34576051968018,74.29930097977483,74.26627857919812,74.24261777903685,74.29325727420276,74.33138740942647,74.40084586109276,74.5333196183443,74.71427897067711,74.87864047782439,75.08235765606307,75.26452693497843,75.40330568108216,75.49030764802227,75.50234065767816,75.4437625625651,75.32688512482943,75.16292030328202,74.95121022380786,74.71835251175116,74.48384276514716,74.26209894055489,74.06034962629252,73.88550852249845,73.72786606361974,73.59478155727912,73.48251148990622,73.39189200420452,73.32111982783603,73.26614072012269,73.22116261598015,73.18388550681509,73.15136486638663,73.08998258446569,73.0737470105308,73.04030080243429,72.92831159022785,72.8090799493392,72.6642842511181,72.49233185643529,72.30709431566301,72.11287899504961,71.88510350493007,71.64216217139092,71.39749076687185,71.1322488270305,70.86033395954844,70.60583080732776,70.38451116199592,70.2159206182766,70.09375545829576,70.04425797341186,70.03617076336818,70.11116861051312,70.22906970073116,70.37841511892229,70.54543363103336,70.7218877238497,70.86870180427388,71.05307315193241,71.19054839942798,71.29491790805675,71.35875000157849,71.384558327676,71.37880673153519,71.35261264231096,71.31412925793762,71.26354562572473,71.21093545989505,71.1947027917732,71.19816430246159,71.25447858183067,71.36253153626213,71.50176540466478,71.71124879982963,71.94050943196798,72.16337695779818,72.34905816267667,72.46896400180482,72.51722799706813,72.46904506422635,72.34591763273093,72.16451106688804,71.9403361288904,71.69022425793621,71.44699663539498,71.2206346555693,71.01571295638885,70.82188855211847,70.64893202324083,70.49820090430202,70.37412939474983,70.27905965519251,70.2068444157029,70.14922602369415,70.09399739947402,69.99479694811261,69.94891921556317,69.87994371206837,69.78030990040328,69.61311892190007,69.45307580129153,69.27585626135306,69.08739723333866,68.8906591571094,68.68826617399667,68.48459885752511,68.27678961278735,68.08038201212662,67.89953758429422,67.74125624486034,67.581668547425,67.48319268650617,67.37569553401954,67.28070027909807,67.1985844826065,67.13086410503203,67.07410521363136,67.02313529835652,66.92432672351943,66.87307099372235,66.80221367817693,66.65365978079247,66.45273746642175,66.19446289650652,65.8692344122665,65.51870343694209,65.17554607422343,64.87379262947964,64.6207886362646,64.44682166312045,64.31757000402868,64.22545698769278,64.19452413599578,64.19546858953069,64.26288964303427,64.36685363172327,64.5101213140934,64.68607388572092,64.88916403942213,65.11458914321615,65.3491091253863,65.58144739974921,65.80695953298772,66.0218679038337,66.22605561652551,66.41763364325342,66.59736993454976,66.76407551023449,66.9163677119323,67.05351917978614,67.17763063204966,67.29434465524764,67.41621200875204,67.535026298546,67.6561144495508,67.78830648519873,67.92806325749402,68.06668090632438,68.20072503917915,68.39166935879142,68.56649517669875,68.74544491892794,68.92676904657877,69.10942536396112,69.29145401724203,69.47208951318503,69.64910709781307,69.79410272313706,69.97889793680203,70.15725855421739,70.29720907197915,70.43817754331276,70.56888333370313,70.68839211655231,70.79676233761936,70.89670499214301,70.98995095491172,71.07827876199393,71.16355646440589,71.24917183396755,71.33315142152196,71.41698279335793,71.50151947040081,71.59146612249569,71.7189866481351,71.86488548827612,72.02358034000241,72.20965397200536,72.43081115614326,72.68100601326798,72.98145929082524,73.2784360570445,73.59892599963946,73.9019024351727,74.17917772754863,74.40500248022276,74.58496727420902,74.68798683809904,74.73913430314808,74.74071145003703,74.69688778519703,74.62428610868261,74.52694539510347,74.42073260881914,74.32140746935914,74.22729409055836,74.16346783595871,74.11777164875454,74.10296068527701,74.1213515302766,74.18836559054931,74.30877641588599,74.46076239114387,74.60186096424822,74.74909035626202,74.86670533233224,74.90242276565887,74.93362994516218,74.83473050198,74.7001539858902,74.49823628433826,74.26150058684917,73.99491161836993,73.71479781613284,73.43683502540067,73.16809703980923,72.9012704836163,72.64835703566251,72.41814345614965,72.19695055575865,71.97663872876915,71.79294937836598,71.62111251817905,71.46906350314083,71.32981809847723,71.19834439645506,71.07656440428526,70.9504650910751,70.78676522383891,70.68337670084803,70.57228290643445,70.45048956936189,70.2634620755443,70.07857895376547,69.8731657265505,69.66181711646048,69.41875037123033,69.14531976507877,68.84435034111016,68.50126440298313,68.12864525107703,67.72987374454675,67.3057802017912,66.90253289420384,66.52153275202514,66.20669420219679,66.00134672962687,65.91099092566729,65.91968363208835,66.0304656976241,66.21843628264268,66.48479971758641,66.8232314842665,67.21867492771565,67.65392041832267,68.0865017086542,68.49613064389182,68.89864645826077,69.21426293238954,69.51402746606816,69.79267104893304,70.04545453657673,70.25849509413462
50.94409480100111,50.91895309918296,50.90756900208137,50.90493224995163,50.93639915314727,50.95226311096498,50.979037057280145,51.025791834629146,51.04558138072915,51.11330761308295,51.18215745512514,51.25854858901428,51.33983375113378,51.42811492899228,51.521255313489036,51.62147710840606,51.7251214582817,51.82767216817283,51.930110922248645,52.02831167864866,52.08478446378738,52.184985584607794,52.280017427440534,52.36933584927561,52.448635212922554,52.505969442996296,52.564664553415746,52.605151407255256,52.66575185770046,52.70691929482223,52.742494750627905,52.76822276631629,52.78426420930621,52.788977272938546,52.78579186354317,52.779927566928656,52.77495574557701,52.76879026538756,52.764556636218295,52.74769294490299,52.72519682001755,52.70251331233256,52.68308766476637,52.66578460785454,52.65201483288773,52.66348706519816,52.66460661881809,52.65322917096024,52.69355764961581,52.72825042484632,52.77770649190164,52.84580437128617,52.93326267814753,53.0394257283919,53.15721438036788,53.258115207955484,53.38404157571398,53.50560502066849,53.614454440650285,53.67602150364211,53.71027728589264,53.67647679568681,53.58555041219049,53.45218158327486,53.29756320240851,53.14132607878805,52.9918880385063,52.859766286407734,52.758301512483456,52.703067296939004,52.74216383500457,52.76599400325815,52.8333570544185,52.93776123977475,53.0321314835924,53.229136692141196,53.460722783950864,53.707191617747846,53.96846211230385,54.24974526264952,54.554838442962904,54.88313427044497,55.23307428206213,55.5926689528369,55.93384982337914,56.28894223696045,56.63832730494318,56.991828014189416,57.34320940486394,57.678752010326875,57.99448363905552,58.30652808843714,58.62717964280817,58.95288779962504,59.27828814493565,59.58204468364046,59.88056733397282,60.15093067818462,60.405946074655525,60.66779125261551,60.92857302047465,61.18017454602713,61.43260695223329,61.701682541312,61.95832241608773,62.20259763823198,62.444650969700014,62.69444633478426,62.915618158419484,63.14018131269786,63.376335787282166,63.621234882240834,63.870547899476186,64.11748833551513,64.36390962602322,64.6489032176258,64.90663507361973,65.16223617503667,65.41780476402651,65.6783852314708,65.95014125866221,66.19852781917173,66.48150211960007,66.75902688663261,67.02027710122833,67.27290810029935,67.51401557995479,67.7188493177916,67.95590991687129,68.20691287383663,68.46096080730474,68.70640932911512,68.94358073877046,69.17582824493643,69.38336500904488,69.58924272028395,69.77807585057138,69.97286187358073,70.13996744919936,70.30439539838265,70.45297467221107,70.62048958850549,70.77696695458219,70.95754049097096,71.18127989966221,71.43507612810316,71.76205133136573,72.02566156988726,72.37417470963162,72.63161415949513,72.9867119920102,73.21716389830067,73.47493605822652,73.73670316428286,73.99815231173957,74.22502475714982,74.41085767779889,74.50005710376172,74.60362202529527,74.64143983356149,74.65328495405214,74.63476765397496,74.58101756225065,74.53138393425544,74.47056972479777,74.41600884272961,74.36792373878696,74.31602400958049,74.27308149997461,74.24581430087066,74.22694844284383,74.2933209861918,74.33761721486358,74.39756120300798,74.53313466186846,74.72773334299964,74.87484293239118,75.07054141840831,75.24275289499553,75.36978053535327,75.4443308061105,75.44486638269613,75.37576660565941,75.25135974191276,75.08326347274225,74.87048181374912,74.63908555407205,74.40770380139347,74.19023977999888,73.99286924163471,73.82419315240284,73.66991779052557,73.54114408685382,73.43288309330642,73.34455735178352,73.27492616193649,73.2205076603977,73.17543382323825,73.13673565635816,73.10131336652884,73.03776560412483,73.01540819493721,72.97567846969876,72.8612066773729,72.73725203388216,72.59059592093688,72.4153135960627,72.229477033364,72.03825040896051,71.81164685648635,71.57114432909756,71.32913577855781,71.06791231241976,70.80164545136469,70.55220351430452,70.33961213056975,70.1817467480486,70.07165994115965,70.03271794894337,70.03567049076509,70.11765956925302,70.24028451189807,70.39149713536862,70.55860507661971,70.73165447496856,70.87602104009085,71.05201429832574,71.18211011441355,71.27925270093718,71.33720530290537,71.35778691204888,71.34908895655087,71.3224663100717,71.2866285688307,71.23777620639872,71.18813751702079,71.17312203479139,71.18161396858503,71.24619352291379,71.35913198630037,71.50138395257767,71.71035123244546,71.93265384576448,72.14687386398766,72.32165029578113,72.42751511317546,72.46245421961387,72.40270577915699,72.27161491335214,72.08498047188317,71.85932867491032,71.61026244222064,71.3698875399569,71.14754795148312,70.94931454964423,70.7588356092128,70.59073357698696,70.44415042228071,70.32300634596952,70.22920641767472,70.15702125401324,70.09840613326388,70.04124130052776,69.94177533410272,69.89104244206725,69.81690967431527,69.71186812795759,69.54155572872995,69.38004988381304,69.20006478445076,69.01020357902789,68.81365379303398,68.61263910742338,68.41346195312038,68.20659571842413,68.01384319045503,67.83596726923106,67.68108059730234,67.52679693711798,67.42919055388842,67.32443885847331,67.23167859760278,67.15098468671545,67.08361656643817,67.02604902332244,66.97305078017901,66.87423957801545,66.81580943620779,66.73745408623348,66.58326456576006,66.37731623680644,66.11676050007452,65.79255849344605,65.44941182795772,65.11460697493966,64.82338164361815,64.58203059806978,64.41921986955397,64.31407795908643,64.22450601759586,64.20483088809173,64.21712349519777,64.29411664508467,64.40534471560115,64.55432431755061,64.73480839640715,64.94122938342866,65.16851943940782,65.40328486372661,65.63406864467267,65.85590477995088,66.0676807731631,66.26828729865902,66.45736137008743,66.6338149510121,66.79733348881524,66.95010207725369,67.08445869805217,67.2089254013809,67.32640254598356,67.45174199880628,67.57135283272775,67.69282688950254,67.82741922389492,67.97066209140402,68.11107792791621,68.24886009816696,68.43959706129075,68.61815806272836,68.79798106260613,68.97941949836665,69.16139401407776,69.34211160295882,69.52105195277144,69.69356973766517,69.83788177090867,70.01914781975829,70.19382904481358,70.3321969273051,70.47141723023431,70.60046800800616,70.7187356572665,70.8262315441623,70.92609721774895,71.01989076543143,71.10908691494241,71.19539259379738,71.28432184244701,71.36998913461734,71.45594776889934,71.54303318005734,71.6340465025157,71.76387676120899,71.92161092671823,72.08364217377809,72.27179403284589,72.49337040398326,72.73539930810078,73.03416327465455,73.32596604620018,73.63938997770431,73.93353021802648,74.20132454982893,74.41350195710721,74.57808702194227,74.6710069328227,74.71098361069679,74.70474131542444,74.65328955825791,74.57679979508315,74.47821837553515,74.37270518913564,74.27551398910724,74.18478470756202,74.12457153450944,74.08340417876029,74.07652966805816,74.10084936046812,74.17278181853158,74.295504936097,74.4467380872673,74.58159170283103,74.71983930799145,74.82585992058824,74.850532661422,74.86493559895565,74.75560950894737,74.6108649669542,74.40216017944785,74.16234541130434,73.89383831839986,73.61408148838085,73.33760564305216,73.07130909708565,72.80815678256312,72.55981649218438,72.33462243899767,72.11827402868256,71.90387677475256,71.72303853493585,71.55389608872372,71.40297700255712,71.26356967568299,71.13093573304228,71.0075575504859,70.87926156717714,70.71571417943689,70.60790150944759,70.49215140177812,70.36535981648748,70.17726574890867,69.98978976657088,69.78199802795851,69.56846536793154,69.32297145030145,69.04719905203496,68.74661053153817,68.40293347056445,68.03136235049901,67.6364647960676,67.22048421771488,66.82978347391182,66.46492343816375,66.16769857268939,65.98034154367429,65.90819520452374,65.93415973329812,66.06207491531875,66.26507183788111,66.5438482235607,66.8911383912435,67.29253847293005,67.72822532087635,68.15944239238291,68.56342379268925,68.96034218630233,69.27441837819025,69.57057428820085,69.8468797751485,70.09693284817038,70.31134892891502
50.93474560087208,50.91384555644533,50.90412061111701,50.904574791320236,50.93963193506838,50.95872612037186,50.98816181941731,51.0451576129214,51.06003257787665,51.130450901178754,51.201722227845,51.280253099102985,51.363082486897916,51.45226116489417,51.54564034113799,51.64321831550981,51.74553691627018,51.84646352318738,51.949370158686285,52.04505018515577,52.098854209814064,52.19517087661246,52.286137567688854,52.37140070462951,52.4460405854652,52.50189248585084,52.55821629921027,52.59729529817227,52.65507827961489,52.69458311438174,52.72905187819526,52.75343038087972,52.76882242959512,52.773174148009666,52.769559897063154,52.763237604378375,52.75799108368484,52.751833224316826,52.7506269486725,52.73518766069476,52.714715327973224,52.694501499623584,52.67762081288749,52.66231542942517,52.650858592910375,52.66386673603267,52.66848193975219,52.663230623110024,52.703491987793626,52.740876329017226,52.79239438189082,52.86456331625879,52.953109015720734,53.05979469822285,53.17729710350414,53.276819452445,53.39813021122152,53.514503171241124,53.61855948456495,53.67099671252049,53.699369355992594,53.66025395815514,53.56764665037562,53.4358486363854,53.28537829905594,53.13669934576931,52.99414049138777,52.86988850298992,52.77791975534855,52.733892658539496,52.78340039149031,52.81740166360724,52.89647821717175,53.013821138122054,53.11705849826524,53.32406956669261,53.5646111444324,53.82006871233556,54.08734633530503,54.37333927143777,54.68204042856933,55.01305766064339,55.36513422038423,55.72635705735749,56.06824064573439,56.4236002797282,56.770441686821336,57.12332257556059,57.473853996144896,57.80843288104626,58.12540647066331,58.43595881526068,58.75503622176208,59.08104006533236,59.4056960837127,59.708544452989884,60.006738842344326,60.27668187207483,60.53109965833144,60.793493848201216,61.05522579959062,61.30704094762407,61.5607101830117,61.83116553947232,62.08901345155305,62.33248691182608,62.57612399814783,62.82561132048972,63.04854376629919,63.274869714446965,63.512845623777864,63.760978996653066,64.01160542584029,64.2599949261607,64.5070933630098,64.7908558637088,65.04841825386112,65.30350536487049,65.55821452238354,65.81762355363787,66.08798362896356,66.33416437477203,66.6151261176356,66.8918293525611,67.15104182924215,67.40130803577333,67.63957523045875,67.84445431565464,68.07765924498106,68.325968473758,68.57778475229244,68.82094409554651,69.05626136249762,69.28602673558461,69.49124356397037,69.69747263395497,69.88206337909548,70.07647692949149,70.24252126047706,70.40654350747246,70.55306166717786,70.72405895223498,70.88243013723996,71.06326782765387,71.28970361664327,71.54592278673364,71.88197004463096,72.13615465774802,72.49141891049524,72.73247687323098,73.08866694526166,73.29815646431912,73.54404980424246,73.7917421244851,74.03687539991373,74.24603845235552,74.41796194609378,74.49141075978822,74.58601116214955,74.61553933562382,74.6221878783019,74.59980885315903,74.54148900871468,74.49207389974073,74.43405420995073,74.38113954278644,74.33618390945071,74.2873667351418,74.24815829265899,74.22674616995135,74.21269794956548,74.29378383282273,74.3440713016898,74.39456987857685,74.53258471776871,74.73969889345848,74.86931566202966,75.05617817166514,75.21782438184367,75.33282065980339,75.39494436860387,75.38438936079308,75.30536675329488,75.17412714845571,75.00262439967634,74.78947517593848,74.56016351074737,74.33242441350595,74.11958432598024,73.92679178000395,73.76436352922305,73.6134674755695,73.48890252573766,73.38443637327605,73.29806782462764,73.22916041475112,73.1748694082774,73.12929506067624,73.08881291165144,73.05018994101317,72.98456581511651,72.9557457028982,72.90950152909056,72.79295136908335,72.66454027641913,72.51641268384952,72.33821205109487,72.15222881682824,71.96447333484217,71.73951378995675,71.50190715851906,71.26297085528287,71.00613979619625,70.7458428851529,70.50168481970837,70.29801393336489,70.15065846121475,70.05250332316223,70.0237580471006,70.03751749066654,70.12575343078379,70.25235693181106,70.40472446764288,70.5713335476905,70.74044828800008,70.88231714292641,71.04942965599824,71.1721052494325,71.2621641461673,71.31457204303183,71.33039309840028,71.31928537527813,71.29274692110972,71.26000520629856,71.21323277335206,71.16679846073039,71.15282821703266,71.16620502602295,71.23872290449785,71.35598124469223,71.50074344573589,71.70831478233858,71.92273276240748,72.12754300640555,72.29096661020384,72.38274162762376,72.4046104090074,72.33389392318365,72.19558881050874,72.0045328321314,71.77814915016206,71.53075178326264,71.29368612218717,71.07564979872106,70.88421905299046,70.69710328732862,70.53377194433433,70.39116127747553,70.27265672027895,70.17970779556146,70.10707605546895,70.04702393389172,69.98756857658597,69.88800208245621,69.8320746404982,69.75256205580644,69.64203929359225,69.46908919744185,69.30645420843155,69.12404744368803,68.93315612180771,68.73718796906168,68.53792508855402,68.34356758030313,68.13786360913632,67.94889154125089,67.7740071081134,67.62243529112733,67.47349877822096,67.37631187836924,67.27402241275182,67.18316636207568,67.10352885799452,67.03614200047978,66.97740464839917,66.92204295436007,66.82344732572615,66.75747572484985,66.67136858181495,66.5118845855114,66.30148748053848,66.03944404818088,65.71721723448627,65.38242985656966,65.05673697167363,64.77653560965382,64.54711794300503,64.3952701808682,64.31415249168002,64.22708828509744,64.21840958256278,64.24195385244118,64.32805498970092,64.4460076152266,64.60014124541239,64.78461534905128,64.99387000862366,65.22260262815837,65.45728469757428,65.68625712667873,65.90421183985916,66.112780129784,66.30980125304987,66.49647642559489,66.66979700143055,66.83034475910306,66.98392909835124,67.11576198031844,67.24088662958981,67.35939299549598,67.4884522480782,67.60901092789382,67.73095849941717,67.86798756266361,68.01467564193003,68.15680340492172,68.298320725745,68.4883508833354,68.67039374077694,68.85078580523022,69.03203387501185,69.21303896770497,69.39219649091662,69.56924839100033,69.73708191610028,69.88091067466986,70.05844528964657,70.2292934759279,70.36628587386299,70.5039200782297,70.63152063474364,70.74878801946213,70.85568546788869,70.95576595909432,71.05039691676537,71.14073337334281,71.22831019159983,71.32078381852753,71.40831185222045,71.49653830771436,71.5862797899827,71.67839636610215,71.81026992765929,71.97943797990084,72.14448700238944,72.33431020340673,72.55580257964361,72.78926248115772,73.08547596149687,73.37138711490621,73.67682216454797,73.96143025771823,74.21931611941817,74.41771137851914,74.56702769754452,74.65042024909317,74.67983715226161,74.66644743848869,74.60809097160015,74.52841089414561,74.42922678742002,74.32495061161868,74.23032263054083,74.14330809438569,74.08678776325857,74.05018246962138,74.05116310096813,74.08114075901611,74.15744717201432,74.28171368051831,74.43129166232927,74.55919823476091,74.68771373504468,74.78160858985967,74.79529065297612,74.79266469842727,74.67361811367473,74.51921673133256,74.30444956930218,74.06223291517506,73.7924262039084,73.51353659166507,73.23894893420149,72.97540071444926,72.71613305469518,72.47249479500887,72.25239653827786,72.04090642501244,71.8324375727997,71.65416928046068,71.48741416317137,71.33722717255465,71.19722175830464,71.06301866126675,70.93769862235395,70.80693515847352,70.64379503064534,70.5312777215869,70.41065271464919,70.27872293012629,70.08999660037007,69.9001624875947,69.69026516421503,69.47484882220358,69.2273033491698,68.94963399049901,68.64993495650405,68.30620460577441,67.93622845738327,67.5456896217774,67.13848663594585,66.76093367687467,66.41283297033578,66.13369862341895,65.96454633161116,65.91055021247948,65.95347995416773,66.09789075899653,66.31512211226816,66.60542968927379,66.96074422169274,67.36743938855547,67.80288100878393,68.2322292320078,68.63015369883358,69.02123093416097,69.33410370259122,69.6268813352783,69.90120189068365,70.14888947965018,70.36510578651057
50.92660025908907,50.9101615182832,50.90217947416851,50.905734113694024,50.94411289572477,50.966377243438366,50.99838521752545,51.06516105933644,51.07555608018204,51.148448661259316,51.221903157402544,51.30229072021114,51.38637552180159,51.4761667038631,51.569510559935196,51.66413826766593,51.76486560412581,51.86392858316304,51.967121807925196,52.060103811826814,52.11143786052975,52.20368486124093,52.290444619676144,52.37154926850373,52.44148644920484,52.49600524373545,52.55006067298219,52.588034825467425,52.64303574516734,52.681075386661355,52.714638944022454,52.737895863025095,52.75288024325601,52.75712917236673,52.75335052984068,52.746814160451486,52.741501675514,52.73553886110659,52.737505073694884,52.72367681082202,52.70542948752611,52.68783836240015,52.67361533068418,52.66037401573976,52.651265403742165,52.66562423117584,52.673712641290976,52.674763310726775,52.714624658334365,52.75452754563933,52.80787526803098,52.88384070787577,52.97309948088615,53.07987383026207,53.19662927597249,53.29455890189646,53.41076500876125,53.521542475585086,53.62055647815496,53.66388238327687,53.68645072099912,53.642554580911565,53.54914764066856,53.419963719177765,53.274669222032486,53.134474883340665,52.9995616659592,52.88379685916614,52.80176763254376,52.76919886307917,52.82841244274888,52.87245360414374,52.96308308658637,53.093244274168114,53.20588402568999,53.42247582181943,53.671498221571866,53.935521527880596,54.20830661664987,54.49851208741042,54.810346419378405,55.14365594803722,55.497504600350545,55.86006400176952,56.20241729695322,56.55784843280385,56.901935575127425,57.25413284202447,57.60380155631453,57.93744294095724,58.255759332401574,58.564882153658736,58.88246342208764,59.20888420709529,59.53290080987888,59.83492997192512,60.132889542900216,60.40250891916835,60.656431374486274,60.91948621874263,61.182277054102435,61.43440081541351,61.689384925617595,61.96128509729743,62.22039519939395,62.46311890715087,62.708382385866585,62.957440297870974,63.18218939298812,63.41031349835605,63.65012454568364,63.901441111333696,64.15335362454695,64.40312932189207,64.65082880080382,64.93296270468147,65.19019156733795,65.44460555595398,65.69830359573665,65.95639893917921,66.22523359560451,66.46932152434792,66.74807641998623,67.02373665023437,67.28074300880952,67.52852056227523,67.7638712454923,67.96906763899868,68.19845081272808,68.44412354096825,68.6937869463992,68.93474203679048,69.16828921148085,69.3956619604318,69.59864589803871,69.8052664341084,69.98575023645711,70.17986274145566,70.34495920616322,70.50870520028093,70.65334793373755,70.82791934859472,70.98828645785206,71.16946133729165,71.398483797679,71.65686582091536,72.00051780843862,72.24555616029484,72.60559111121455,72.83079593319538,73.1857846641215,73.37547538449628,73.60898706170134,73.84223902028377,74.07087633468663,74.26242631308743,74.42042975657503,74.47954160739557,74.56491800747936,74.58671663275446,74.58873547396458,74.5631408215163,74.50102169988628,74.4523587732806,74.39764172841532,74.3467629332154,74.30520853489456,74.25975809287742,74.22447366191136,74.20897191426737,74.19974513822862,74.2942349564459,74.35030217282343,74.39177417258257,74.53158771997178,74.74977341084157,74.86205124390143,75.03934408059212,75.18988900289108,75.29262845323923,75.3423839924989,75.32114505301107,75.23278822917555,75.09538312781208,74.9211536310645,74.70828823473262,74.48162964271496,74.25799771761068,74.05008473669345,73.86204362018249,73.70590423679899,73.55840348824283,73.43793892980565,73.33705311784288,73.25232870212709,73.18376298285193,73.12920008753748,73.08274897680441,73.04015055124202,72.99806122231907,72.9304423272202,72.89487271186302,72.84192951280639,72.72367256613411,72.59107683280362,72.44183690235705,72.2611273534463,72.07542085745949,71.89155354574784,71.66868089881449,71.43439892177499,71.19892715089387,70.94684859436586,70.69283107106541,70.45419194502809,70.25961682079867,70.12256316124626,70.03617910345014,70.01727704731275,70.04158473041724,70.1353635086008,70.26523851982827,70.41809009224586,70.58364126067622,70.74833714012738,70.88764485542808,71.0454489529654,71.1606899531266,71.24382027924422,71.29100821552255,71.30252156915344,71.28951022294021,71.26352478098146,71.23426514956368,71.18989200425676,71.14687121972499,71.1338078339151,71.15191230878324,71.23199761045964,71.35301397109433,71.49977788279803,71.70510620309582,71.91080392329899,72.10550616059733,72.2571698120314,72.33485507515475,72.34392436245818,72.26282730731708,72.11801569336316,71.92330117455928,71.69687531429717,71.45171640515554,71.21837136068346,71.00488454056094,70.82031885526237,70.63658957169659,70.47793622730293,70.33912384903566,70.22298612371229,70.13050165259241,70.05698522409878,69.99509283284786,69.93302501017884,69.83349847478644,69.77208820439176,69.68701478959248,69.57096860967552,69.39584563837077,69.23238110884517,69.04788676138509,68.8563174762249,68.66129515020467,68.46412487677799,68.2748545153255,68.07053280103463,67.88544095840649,67.71356609176335,67.56522568499821,67.42164750160501,67.32447537130304,67.22437711807449,67.1351119477944,67.05618890472243,66.98844050703491,66.92820414432411,66.87017810411274,66.77198261720515,66.69817866001561,66.60412749781354,66.43969422241513,66.22541713674912,65.9626494941709,65.64330448610289,65.317771023127,65.00190258677931,64.73318707547384,64.51596132204737,64.37490310355088,64.31748088242702,64.23309639597643,64.23515390018714,64.26982941011894,64.36458227135489,64.4887395716786,64.64749362261009,64.8354409550767,65.04705542054731,65.276829492638,65.51111924645663,65.7380478933756,65.95195515547645,66.15725778729843,66.3507042025937,66.53507971549446,66.70541844934415,66.86320997494727,67.0179013207462,67.14748434689187,67.27353981925518,67.39331660286165,67.52629329850228,67.6479464088645,67.77046410498026,67.90995549061155,68.0600278668479,68.2037864089055,68.34901335287005,68.53788466280396,68.72313867363552,68.90381383509887,69.08458846461578,69.26436122547534,69.44173481237499,69.6167274364165,69.77974740710445,69.9232754892834,70.09690928473796,70.2638010103263,70.39961277354215,70.5358149113002,70.6621605129974,70.7786538308708,70.88521309391031,70.98577756002916,71.08150948909503,71.1732331420857,71.26230309296807,71.358505488354,71.44805112411161,71.53867152142632,71.63116389826813,71.72443402915862,71.85810109999616,72.0381094848382,72.20583743961882,72.3969243999511,72.61785820930673,72.84256893294602,73.13540568751084,73.41476013611184,73.71135409612735,73.98578897970583,74.23335807209527,74.41789109222113,74.55209741862899,74.62648494661903,74.64593812302171,74.6260370156084,74.56148722169773,74.47927704712835,74.38008111607643,74.27753378387628,74.18585543224798,74.1028462461342,74.05008068606426,74.01805016624333,74.02675094893978,74.06209919905945,74.14223142017906,74.26729016118077,74.41434821594211,74.53466855436871,74.65277800887985,74.73408720303243,74.73683813746798,74.71705282483515,74.58896326809128,74.42541269240647,74.20527953939833,73.96128788118018,73.69076092338466,73.41320503402606,73.1408711999633,72.88034877870703,72.62514971209106,72.38631703632201,72.17136461341774,71.96472879402367,71.76217015065022,71.58620882724085,71.42154956685694,71.27172982839502,71.1307326061106,70.9945942513729,70.86702312524106,70.73354977570652,70.57103690875734,70.45358117963703,70.32790350861104,70.19073508742109,70.00177246697211,69.80980414563315,69.59806375823642,69.38105340178629,69.13182452564251,68.85269620303738,68.5543623288339,68.21111462851682,67.84328154093713,67.4575882716697,67.05980584707297,66.69597054897474,66.3652058886264,66.10459922078263,65.95383567983833,65.91790757974961,65.9774872026831,66.13775847083761,66.36845033005771,66.66943608050796,67.03197333043248,67.44331000053717,67.87788165284371,68.30489497397767,68.69641956992055,69.08145448645966,69.39342449452286,69.68305146022453,69.95572113905561,70.20140370344144,70.41980196955899
50.91964088025193,50.907843000219025,50.90169617414939,50.90835262425863,50.949781377247334,50.975149034825385,51.00963981284461,51.08553630034478,51.092070712991834,51.16722354150567,51.24263101348927,51.324604376969816,51.40967060934595,51.499804688219875,51.59285536477395,51.68427683168026,51.78317125912455,51.880153183511524,51.98343668421852,52.07356608162695,52.122637246654314,52.2106625667347,52.29310431021908,52.36997406434275,52.43519960375684,52.48851640493615,52.54040299658848,52.577547981541755,52.62980886610608,52.666566425866385,52.69940518270362,52.72175464643833,52.736552399636594,52.740935333492686,52.737238716528296,52.73071867469953,52.72553753153636,52.719946986415955,52.725185668277646,52.71313901052051,52.69729894755617,52.68246705603577,52.67100078269182,52.659889381020605,52.653163240105535,52.6687071084683,52.6802327995004,52.68770200784813,52.72688260890996,52.769135980776184,52.824096379175145,52.903567889731605,52.993189924493926,53.09964546326478,53.21522230239122,53.31136309182786,53.422042404554944,53.52687363239788,53.62061834614329,53.65491539570201,53.67178290690706,53.62364205901593,53.530274344139116,53.404683832068,53.265524824794866,53.134658087335765,53.00810596659137,52.90140419128545,52.829724246132024,52.808839611556884,52.877098423713434,52.931055524526364,53.033072458509395,53.175906992503315,53.298439009596024,53.52419738155207,53.781238304809506,54.05340009164716,54.331215599938815,54.625162432527745,54.9396818946545,55.274879325605134,55.63015530803946,55.99377308700903,56.33637470776579,56.69169400695293,57.03285958645873,57.38431446490163,57.733110580030285,58.06584160110744,58.385567306882734,58.69332677937538,59.00949322822573,59.33642928461376,59.65990496294145,59.96120129718205,60.259015610078784,60.52840458265679,60.78193357307033,61.04575001200347,61.30969647464883,61.56222313841213,61.81858627759871,62.09198558033706,62.35240425197772,62.594453283548006,62.84137810502729,63.08990644735476,63.316515684519494,63.54646136359735,63.788110980338814,64.04253035850262,64.29570045925544,64.54679444139909,64.79502284037775,65.07516737924254,65.33191200219315,65.58550807727062,65.83805827976471,66.09471275893812,66.36190692399573,66.60403226291969,66.88040494674208,67.15480045509307,67.40944719514843,67.65462718689082,67.88700078182234,68.0927495409758,68.31836901140602,68.56146770372186,68.80905527419759,69.04788962543303,69.2797437351328,69.50481753309083,69.70565728759044,69.9126754308514,70.08921896456802,70.28307863042335,70.4473316082883,70.61091808802223,70.75388466261121,70.93206775305877,71.09450460072085,71.2760908027257,71.50756040482823,71.76781730339464,72.11735273903088,72.35377362376451,72.71627625193425,72.92653681253354,73.27767814296952,73.44918716409114,73.6698823530045,73.88839751090687,74.10042307117942,74.27452197674921,74.41856705407828,74.46492361600879,74.54068178829831,74.55528851622581,74.55319722051308,74.52498327546542,74.45982548977481,74.41239145681524,74.36141158987833,74.31292198451746,74.27499658305953,74.23316747930055,74.20196991181528,74.19238926164577,74.18796884786003,74.29426349941167,74.35586233118288,74.38907636980836,74.53006160240436,74.75755468393677,74.85304225516808,75.02011530994784,75.15909436550596,75.24940631446758,75.28688533479202,75.25536892039231,75.15825625700555,75.0153234633358,74.83900171388683,74.62701891448818,74.4035272109128,74.18441682983364,73.98169317033302,73.79855114095264,73.64869985897056,73.50461419803699,73.38813535493281,73.29061511503471,73.20724526367208,73.1386742628109,73.08347382195358,73.03579822013307,72.99078185367684,72.94499384292591,72.8754542502154,72.83290239928097,72.77312195304287,72.65349716930008,72.51699385888922,72.36697093896045,72.1841596350314,71.99912434666169,71.81949681473075,71.59912477653262,71.36856788098484,71.1369358192377,70.88995602293457,70.64251481925461,70.40964211175228,70.22432104328841,70.09736825161436,70.02258078116999,70.01317372900898,70.04774517736197,70.14640311619945,70.2788808353077,70.43158698567844,70.5955504320075,70.75538900853353,70.89205892024334,71.0402019172429,71.14802037413754,71.22438913566504,71.26667181394221,71.27431700673154,71.2598777347605,71.23487019524329,71.20941437784855,71.16773057678483,71.12830872270557,71.1160473808566,71.13871065087389,71.22594852467608,71.35016482516323,71.49842126242274,71.70069224830401,71.89692506984096,72.08088510210841,72.22042260735036,72.28406698577322,72.28062387717567,72.18972374256813,72.03907193107793,71.84141852609334,71.615584926967,71.37318043199272,71.14392223404347,70.9351965202806,70.75750634529493,70.57719244754738,70.4231155279127,70.2879285161102,70.1739001623037,70.0815258525073,70.00672516393148,69.94262623740238,69.87765638383647,69.7782857927068,69.71115552728357,69.62038180872403,69.49880128857573,69.32195136185165,69.15792291875206,68.97166525986214,68.77975025682629,68.58600880147507,68.39123923148459,68.20726153443962,68.00454281022968,67.82340533581414,67.65455321100319,67.50935713757787,67.37111653814117,67.2735997440443,67.17543389566069,67.08746373003665,67.00893673517788,66.94051218598167,66.87847956655982,66.81752251265014,66.71987810300587,66.63802704207211,66.53590116712152,66.36686785883981,66.14927114456957,65.88651279138996,65.57091409901163,65.25544882797863,64.95007034261057,64.69326858896535,64.48847138617371,64.35804914408979,64.32375041194503,64.24242295601177,64.25495752174295,64.30061991708914,64.40357608451843,64.53343782603608,64.69630297407505,64.88723142590675,65.10075512473995,65.33119081601681,65.56479912990092,65.78947599237138,65.99920916956648,66.20120555930849,66.39110287018622,66.57327214550484,66.74078165829187,66.89602979019722,67.05207128995983,67.17968111807923,67.30691047295579,67.42817396715712,67.56521569201301,67.68810510046019,67.81129853187731,67.95326699684547,68.10664272393358,68.25195601143218,68.40084441049876,68.58815223757517,68.7763293240951,68.95701984051081,69.13705955528005,69.31536178802135,69.49075269859358,69.66353769756465,69.82166998466379,69.9650622696121,70.13465874330355,70.29750081077479,70.43231448823185,70.56723055344713,70.69250694184927,70.8084377192241,70.91490340733901,71.01619836440364,71.11326856260193,71.20660122606172,71.29736513305701,71.39743457807127,71.48913850007114,71.58226452165862,71.67759010300487,71.7720778075888,71.90730523072973,72.09736827854464,72.26741609924863,72.45935853874224,72.67928781915508,72.89529206397272,73.1839607888551,73.45614598276622,73.74311730839926,74.006792809447,74.24365604363913,74.41430144597592,74.53360430280894,74.59945918510888,74.60952971815615,74.58371724316248,74.51367350502466,74.42955589528981,74.33089184682267,74.23051961351645,74.1421344328167,74.06338115791236,74.01441446678477,73.98695091353177,74.00318317690606,74.04359815373701,74.12700433220714,74.25212189011506,74.395832847718,74.50799065598521,74.61509650095513,74.68343162299237,74.67531651204422,74.63833555943734,74.50185192412611,74.32965626355706,74.10482517523332,73.85963509203873,73.58892812531774,73.3131287235042,73.04337874145219,72.78613017666599,72.5351571668293,72.30120830830992,72.09142552384479,71.88962218499164,71.69292353604375,71.51902438757675,71.35618512511532,71.20640078534002,71.06406047886935,70.9256635736051,70.79556656449876,70.65916932961842,70.49746894506606,70.37488772596899,70.24402044722707,70.10155246551474,69.91271118575844,69.7188217694825,69.50549043293896,69.28716502918947,69.03661343752678,68.75645731221643,68.45993136135377,68.11770035869537,67.75255957036786,67.37220079573814,66.98446024168504,66.6348811360944,66.32198673312081,66.08030523117755,65.94808417475663,65.93011893654929,66.00602438683008,66.18152329302215,66.42491971550353,66.73575936304546,67.10475007228105,67.5200826348204,67.95322142385417,68.37747236474142,68.76232061354581,69.14115462782152,69.45248634291552,69.73918751596354,70.01052126378163,70.25455479196961,70.47547378069793
50.91384956896055,50.90683201777528,50.90262129397326,50.91237273019968,50.95657672176689,50.98497404919373,51.021858166614734,51.106017462416936,51.10949530165256,51.18669819009884,51.263836565796666,51.34713699400994,51.43292550303218,51.523148260285346,51.61566415054759,51.703673874358756,51.80051761854239,51.89522315964454,51.99838560181941,52.085530517521356,52.13255419890765,52.21623902133522,52.294282366134354,52.36686761559103,52.42740684873652,52.4796346577389,52.52944859188609,52.566012758796184,52.61558225417943,52.65122654620211,52.683499828832886,52.705142164805345,52.719953648084534,52.72468561887041,52.72129941177858,52.71501258667402,52.7101486622238,52.705097410903996,52.713663389413,52.70355287502579,52.69028335694333,52.67833073590404,52.66970673344572,52.66079053949001,52.65648007672281,52.673062925750685,52.68797649044641,52.70192148851168,52.74019278719232,52.784633540491406,52.84100494417631,52.92367620542074,53.01333619739421,53.11909193598607,53.23308758737863,53.32726155775708,53.43205883482435,53.530647340377115,53.61891801325289,53.644332629586664,53.65562743971125,53.603779787528026,53.51124772185706,53.3901659754722,53.258033960799764,53.13725435358825,53.01972779765508,52.92262333569689,52.861668698176274,52.85266860497156,52.929356769317145,52.993113124413846,53.10634712878796,53.261685637718095,53.39455439371265,53.629076169921,53.89368568358545,54.17355443089942,54.45594592877229,54.753189028749986,55.06997233366203,55.4066779863258,55.76305622952925,56.12746761401205,56.470107808902235,56.825144312940964,57.163264337412585,57.513923095512716,57.86183956194969,58.19368827254437,58.51485547671919,58.82132136815464,59.136157624617226,59.463684357587724,59.7867111824076,60.0873584854965,60.38511321831832,60.65436162573184,60.90759860403399,61.17226687574748,61.43745375186861,61.69047690563653,61.94826933650272,62.22321135414097,62.48497720167161,62.726449700359176,62.975063127800944,63.22298294936774,63.451483286926496,63.68326200934316,63.92674335508271,64.1841558703797,64.4385538936251,64.69089320337156,64.93958238270403,65.21741352609061,65.47353654656966,65.72618425780394,65.97746487014663,66.23256638375788,66.49801937954794,66.73832958550773,67.01216361799322,67.2850724425778,67.53722094347685,67.77970941670581,68.00906099621572,68.21556027473808,68.43749823230864,68.67809059027329,68.92367762026024,69.16047333406003,69.3907043828661,69.61357706717466,69.81236300896606,70.0197509342911,70.19255210534014,70.38618391734464,70.54968878888278,70.71321978191057,70.85472304451987,71.03650114110124,71.20105325014872,71.3831260067975,71.61687340014974,71.87868930691798,72.23213295265003,72.46071459439385,72.82305927279913,73.0196649843906,73.36396037618553,73.51935830836265,73.72687020055331,73.93042125558227,74.12578356451317,74.28265908074457,74.4126797834391,74.44803075505288,74.51364173161998,74.52157177731036,74.51584259742027,74.48555593142501,74.41811023238961,74.37232485228492,74.32544310402653,74.27965966719343,74.24554702188674,74.20756429092457,74.18058934645417,74.17689593991376,74.17724791748655,74.2934586040704,74.36030427968642,74.38637875503747,74.52792429899318,74.76264050153196,74.84228127299122,74.99856802449081,75.12558807705649,75.20335664229523,75.22868405247975,75.18729642397894,75.08199606048898,74.9341439383807,74.75631919512357,74.54576513956201,74.3258994762787,74.11167486630086,73.9143617850934,73.7362407210967,73.59263497957764,73.45198797444328,73.33937385699407,73.24500415287928,73.16272278865293,73.0938346512,73.03766473530132,72.98844543917254,72.94074009750291,72.89105443531317,72.81966069388153,72.76994794260138,72.70323838199675,72.5825520793562,72.44242351052948,72.2919171561608,72.10740902776467,71.92341047583864,71.7483089148442,71.5308220165843,71.30436229826819,71.07692801416121,70.83537939790834,70.59479893987283,70.36795254136969,70.19202685125144,70.07498113579022,70.01160185546851,70.01134687161844,70.05587179884543,70.15878556707507,70.2932354376074,70.44520812444138,70.60708327811489,70.76167187040163,70.89561408001971,71.03381827684632,71.13425266110701,71.20403875092687,71.24172083185547,71.24592409355779,71.23050214596223,71.20685346945157,71.18545887037564,71.14672516860833,71.11106389837323,71.09953335327512,71.12657488630279,71.220506531024,71.34736846655554,71.49660758326868,71.69503967154995,71.88115394343541,72.05380160648423,72.18088770224728,72.23058888948415,72.21493675036939,72.11480103994761,71.9589338928155,71.75901791366007,71.53435574782308,71.29516798786757,71.07031772086494,70.86653008115786,70.69567391192295,70.51880990011165,70.36919894818361,70.23746565784836,70.12530444208727,70.03271825904584,69.95627227899575,69.88963755482543,69.82150848008905,69.72238531783061,69.64934900270929,69.55277704625178,69.42568254266112,69.24753267821947,69.0831719718504,68.8954654614394,68.70351707815865,68.51136238788506,68.31926891206325,68.14072741389766,67.93983315283224,67.76269856736613,67.59687745665508,67.45473500752918,67.32177931870051,67.22360370794756,67.12712366672986,67.04017008408007,66.96174425763965,66.89235713719819,66.82826297056884,66.76414246318535,66.66716643368187,66.57712967138642,66.46685992263106,66.29357987715412,66.073215443131,65.81116989318333,65.50013992392829,65.19547677147357,64.90120676152135,64.65671269801554,64.46455878636104,64.34463880897266,64.33264836085168,64.25496057098245,64.27771412800845,64.33419512220976,64.44491402366344,64.57999961937799,64.74649082473864,64.93993297296485,65.15493862674178,65.385677381465,65.61833496743442,65.84057647127422,66.0460483248931,66.24471525941631,66.43110397872309,66.61115462134464,66.77598899181265,66.92890485870223,67.08649155151335,67.21240761418746,67.34102409327035,67.46396568745905,67.60516997054485,67.72943282750126,67.85341660579387,67.99786607047204,68.15444417096289,68.30124128406635,68.45372032958788,68.63910744552769,68.82990215494675,69.01035850976479,69.18942343510611,69.36604165597556,69.53927628083196,69.70972778298959,69.86295342276433,70.00635707051879,70.17181260361455,70.33054204003932,70.46452787982136,70.59829582867175,70.72267922038107,70.83824431225365,70.94484539328658,71.04709471606778,71.14571421746754,71.24085263016143,71.33349014702155,71.43751881382421,71.53150552987931,71.6272344200346,71.72546300228423,71.82124601729633,71.95781727237011,72.15695719803439,72.32894559506124,72.52133453604331,72.73984193537105,72.947405274745,73.23114960168832,73.49560552781867,73.77224333732077,74.02462817239959,74.25041566982853,74.40720278754611,74.5118564676976,74.56960112427139,74.57085513284406,74.53969531752959,74.46484501805489,74.37940507988841,74.28176946497706,74.18397300814723,74.09918167083507,74.02489482482493,73.97975326927825,73.95682835639225,73.98034974979984,74.02551109618773,74.11163567727995,74.23609637935208,74.3756706572692,74.47915253394133,74.57473358272873,74.6297777126253,74.61086717385152,74.55674848349196,74.41249103370836,74.2321508581655,74.00326156230416,73.75739933046954,73.4870134581967,73.21334956814002,72.94647785978277,72.69272179513324,72.44610583098846,72.21709370315864,72.01247812898659,71.8154676471917,71.6245467567199,71.45248317376871,71.29120366328146,71.14115585865135,70.99716363634934,70.85622769820779,70.7233644454787,70.58385773095155,70.42312027086463,70.29527320295385,70.15912019406075,70.01133124155007,69.82293059377264,69.62732238793888,69.41264181123901,69.19326962692284,68.94174854262978,68.66098894060258,68.3666807668897,68.02599861621388,67.66410051488285,67.28956724397631,66.91246821037096,66.57765248411602,66.28312004390422,66.06072152100079,65.94716640276692,65.94703591309363,66.0389344145946,66.22903046773031,66.48439349285944,66.80429150266858,67.17899880205668,67.59768961735043,68.02889449261363,68.44999415074788,68.82795603730507,69.2004731428696,69.51139483669955,69.79539235541925,70.06568600837875,70.30842201766,70.53215752256506
50.909208429814775,50.907070586474454,50.9049054165536,50.91773683870275,50.96443827141438,50.99578484120431,51.03497284007587,51.12633867202346,51.1277486715107,51.20679525521984,51.2854505840162,51.369831495962565,51.456097956361425,51.54617056238032,51.63792631214942,51.72236926250731,51.81696841965525,51.90922434697376,52.01203937498107,52.09609064247518,52.141290548009664,52.22054925328394,52.29414451423861,52.36242244569303,52.418334983759195,52.46956869042974,52.51740278073195,52.55360714963165,52.60054052113572,52.63522606187389,52.66707211700441,52.68819385181201,52.703198737947524,52.70847301598286,52.70560757024413,52.69975733592648,52.69538507804821,52.691029945229836,52.702932894093166,52.69489701957357,52.684342364567605,52.675372557378495,52.669662747481226,52.66300650537022,52.66114388831643,52.67863924086364,52.696877790194954,52.717296526755064,52.754482140853376,52.80095213084858,52.85854819188748,52.94409699853766,53.03349415043716,53.13819558718118,53.250236535552965,53.34228383520213,53.440910735791235,53.533014298220294,53.61562840420669,53.63237096472165,53.63824584540651,53.58323116150764,53.49228873489221,53.376567149806455,53.25228548350389,53.14226907793174,53.03438156352111,52.94736712874953,52.89748009073945,52.90053954432204,52.98508591449319,53.05853210346493,53.182807893269086,53.35045655440286,53.494061121769285,53.73695411095664,54.00869464733991,54.29583457290158,54.58237024675075,54.882490598037364,55.2011432156654,55.53900212317783,55.896177250898305,56.2611308837146,56.60361153109273,56.95820666153349,57.29320044458632,57.64301438517835,57.9900469967302,58.321042366315666,58.64364892452333,58.948894595740576,59.262488595703026,59.59065848571713,59.9133221077845,60.21340159360437,60.51117854205712,60.780372811585075,61.03341881732759,61.299018457738384,61.565518576400514,61.81913110610339,62.078389199877385,62.35490678425888,62.618050640842895,62.859067816926,63.10938942635859,63.35664298433659,63.587052846242294,63.82066413476572,64.06596009725475,64.32622677918481,64.58182189131517,64.83532852649937,65.08441432875509,65.35964478392435,65.61502218861037,65.86660542653745,66.11650966256131,66.36996118448185,66.6335867276718,66.87224648713233,67.14340435382972,67.4146042881293,67.66413080901272,67.90384875880594,68.1301490454393,68.33756009343755,68.55592286672963,68.79408182887703,69.03774186915975,69.27257963525744,69.50125060409347,69.72202417629615,69.91884833850608,70.12654425453468,70.29583220068533,70.48923792316963,70.65208106997721,70.81564789316016,70.95591427018465,71.14121648819616,71.30790109043791,71.49053673234853,71.72636274570222,71.9893939042317,72.34451656553831,72.56628661841957,72.92552511395394,73.1101459219117,73.44424435814939,73.58605532256979,73.78008512674906,73.96851391353795,74.14722576980898,74.28717126247717,74.40307388949304,74.42933606989449,74.484137064458,74.48588320728045,74.47694108415908,74.44507850581374,74.37608578174003,74.33231186162982,74.28981558054673,74.24701895174434,74.21685881931725,74.18291792426264,74.16027426991148,74.16238967689841,74.16746118613496,74.29140941277241,74.3631805212524,74.38358361305309,74.52509374366497,74.76462865241504,74.82976087453243,74.9747783889796,75.08951774491094,75.15468183552899,75.16801580255859,75.11716302481311,75.00423286332985,74.85204033630063,74.67325662175483,74.46462483431073,74.24878969975065,74.03976494313831,73.84804273916914,73.67503873939692,73.53759418246013,73.40041318695309,73.29153649186445,73.2001020194044,73.1186665564598,73.04918454459126,72.99174695135635,72.94069328243309,72.89005856126728,72.83630963196026,72.76312076799815,72.70612251927359,72.6324383318647,72.51096419707743,72.36749794357792,72.21677791645904,72.03097566356057,71.84835043639421,71.67799561914138,71.46374921244269,71.24173043574456,71.01883488951134,70.78303603529312,70.54958824307249,70.329040455369,70.16263449510507,70.05530921724507,70.00313582549232,70.01169525457031,70.06583756221232,70.17242417472305,70.30825388608544,70.45894648503554,70.61826201542897,70.76725370291476,70.89836507740468,71.02642775979129,71.11954296267679,71.18293716052682,71.21631326282709,71.21748751205537,71.20149769176881,71.17954490916269,71.16240460636737,71.12685245739922,71.095089675429,71.08425224658866,71.11547984907787,71.2156025133803,71.3445595549279,71.49427084399449,71.6881152264205,71.86354828548427,72.02437744927026,72.1387278028087,72.1746323162924,72.1470907792488,72.03827701046633,71.87777794773835,71.67623236418596,71.45326553651675,71.21770319687343,70.99753679974553,70.79882956647056,70.63471394398137,70.46133991462005,70.31607559013561,70.18762565339921,70.07710456909717,69.98401673594765,69.90560297332041,69.83614019238709,69.76462708146671,69.66581833177128,69.58674102420458,69.4843144352263,69.35175758430005,69.17271589780923,69.00822060183833,68.81936988843707,68.62768055476883,68.43738937444678,68.24821467790326,68.07519092995177,67.87634334495293,67.70323454695472,67.54044781954126,67.40126465351506,67.27350927415407,67.17440597436719,67.07937735250138,66.99317938520237,66.91458338038645,66.84397546056253,66.77758641181386,66.7101042389314,66.61388025978674,66.51559534832556,66.39717409723437,66.22000465972667,65.99741597156472,65.73675675289641,65.43107581156858,65.13786835396083,64.85527836586556,64.62345195051158,64.44413417358632,64.3346026046873,64.34386200976448,64.2706018466674,64.30331739976181,64.37042477433893,64.48847368326174,64.62832219278324,64.79797869953225,64.99349180767436,65.2095754320931,65.4402799721527,65.67173737858441,65.89138437769229,66.09254706422014,66.28787870122395,66.47081425109995,66.64882804873253,66.81114281344553,66.96193583431162,67.12121465092802,67.24571915552335,67.37590618277765,67.5006923628441,67.64610667603237,67.771875414808,67.89677315241543,68.043696700598,68.20335616571172,68.35157129837262,68.5075475410941,68.69070412454019,68.88379362898151,69.06378453115948,69.2416563921955,69.41640182997048,69.58733169034979,69.75534630123605,69.90370149539216,70.0472459468663,70.20848980394204,70.36307386088593,70.49638981019997,70.62913956097536,70.7527966476746,70.86817823769104,70.97512803686487,71.07853295887168,71.17888653387337,71.27600235927544,71.37067197001653,71.47870592175764,71.57508376331644,71.67349832817766,71.77468719419743,71.87185697418488,72.00957217742749,72.21661908032179,72.39014854083902,72.58257430811756,72.79927108413709,72.99888196576994,73.27698046216912,73.53319964421831,73.79886371884866,74.03948149402137,74.25384258644239,74.39685546469438,74.4871620309082,74.53716892381514,74.53015756226453,74.49417843508856,74.41519695726245,74.32898224218252,74.23282445585795,74.1379588753766,74.0570191848911,73.98736924197671,73.94606125740289,73.92762613973038,73.95814063255399,74.00771149955044,74.09599522457899,74.2191011409225,74.35378674420795,74.44814218256784,74.53175362565877,74.57326133481709,74.54363152003658,74.47252717825711,74.32108754876717,74.13309988961294,73.90076378610793,73.65470537919154,73.38510257051064,73.11390947597395,72.85017485606976,72.6001005209157,72.35794611664711,72.13389831305427,71.93442128827056,71.74214622989922,71.55688884041837,71.38645239811714,71.2264880066902,71.0759108635907,70.93000033831906,70.7862876954253,70.65045227353245,70.50767889044815,70.34802001744616,70.21481345296262,70.07331941267546,69.92022759266987,69.73254852805833,69.53541302979855,69.31961451605282,69.09945311749618,68.84730829875868,68.56636271076219,68.2746492582678,67.93604622097607,67.57794234368937,67.20972766637784,66.84384814371953,66.52427163892193,66.24855036106179,66.04575295664955,65.95095695027,65.96851013959778,66.07606019396255,66.28012523714227,66.54673488637927,66.87492446515951,67.25464387457774,67.67606327407252,68.10489502992046,68.52249307844592,68.89342504879401,69.25955181622692,69.57025556480534,69.85176883151567,70.12129911636423,70.363084652938,70.5898894977981
50.90569956741448,50.908500721839,50.90849912480403,50.92438735695351,50.9733053683206,51.00751396551796,51.048916394467994,51.1462340556348,51.14674964791283,51.2274373850497,51.307403837839395,51.39263080745867,51.479145722834865,51.568844736825646,51.659631244472756,51.740402862931845,51.83258739973911,51.92224258091092,52.02446881795663,52.10533997945361,52.14894812468024,52.223728290822336,52.29285648134859,52.35683107809318,52.40821080844024,52.45852719129462,52.50447088498299,52.54050914644917,52.58486827872322,52.61873528708699,52.650271281812344,52.671045141144255,52.68640241857324,52.69239051231289,52.690238146577514,52.68501436200842,52.68129678948146,52.67778440005259,52.692988839310374,52.687150059399464,52.67943561930888,52.6735356758327,52.670798389333704,52.66646629288353,52.66708264960874,52.6853836116478,52.706870774811975,52.73370189661589,52.76967761756504,52.8180236579113,52.876673351161706,52.96476161267682,53.053619634472916,53.15693875560526,53.266680551532545,53.35645945968093,53.44869454367737,53.53412520462501,53.61092244372769,53.61926728089766,53.61989964998769,53.56225957601463,53.47361834431436,53.36404435548682,53.24836824636394,53.149707656199936,53.05202166856021,52.97554840679245,52.93703752588447,52.952306130607234,53.044184294174684,53.12721816133829,53.26235554779989,53.44209608714804,53.596790137495255,53.84767312868947,54.12611948551303,54.42009054491784,54.71036119747464,55.01296586235015,55.33312001992896,55.67180192913989,56.02948825822493,56.39474619705271,56.73688080506738,57.090888363496,57.422718524577235,57.77164398521915,58.11779137902927,58.44796329346888,58.77197273290761,59.076075137877254,59.38851812592397,59.7173607287019,60.03974037857941,60.33933067824146,60.637207755733506,60.906430903408136,61.15938656290148,61.425986405739906,61.69386063888327,61.94815472882932,62.20890096527038,62.487016236240535,62.751561161858845,62.99226729259017,63.24430897287119,63.490859732687994,63.72318500850005,63.958616439037336,64.20569963419418,64.46865221713784,64.72541241598492,64.98000332947231,65.2294255795034,65.50180479144245,65.75632591645821,66.00674291245464,66.25517895268764,66.50689853195324,66.768624733778,67.00581596281391,67.2741790743417,67.54344766718816,67.79024334697397,68.02712672027694,68.2503620862599,68.45880925022634,68.6737273059627,68.9095310477875,69.15133590546866,69.38429500161118,69.6114618482275,69.8302424740682,70.02519855255106,70.23310670168931,70.39914179251551,70.59229996884842,70.75455877360203,70.91824003298517,71.05750953032653,71.24621076981757,71.4150168058908,71.59829276222018,71.8359684035445,72.09984316808224,72.45416169393793,72.67039724207854,73.02325871554343,73.19794509824209,73.5181430832409,73.64934471197148,73.82966165399318,74.0028791440018,74.16501764218789,74.28839215935069,74.39007311411477,74.40920975567023,74.45250701382597,74.44853959740848,74.43676216020235,74.40377071505019,74.33396199183541,74.29250538679013,74.25460832912577,74.21504280867094,74.18893094329209,74.15919777582816,74.14096698627071,74.14876820042691,74.15848749283207,74.2877050678681,74.3640435587992,74.3805932286385,74.52148787034646,74.76311692537386,74.81547363695329,74.94882256817276,75.05103097643745,75.10358429297557,75.10511624202502,75.04520418393696,74.92519188923228,74.76920844044949,74.5899645407608,74.38369592309107,74.17224114226647,73.96868017647213,73.7826881907547,73.61487157463569,73.48346205145786,73.34977820505777,73.24450531541895,73.15579050263784,73.07498184648303,73.00466433955664,72.94569459389432,72.89254439842499,72.83877052351691,72.78082606534666,72.70589358234466,72.6415393067469,72.56088133484334,72.4388604232386,72.29234931388805,72.1416555823562,71.95495967433357,71.7740154197323,71.60856270067558,71.39788295758092,71.18062055553347,70.96258759913489,70.73284325109489,70.50678753900593,70.29282307523896,70.13604422526666,70.03825989945011,69.99707619038806,70.01411765729377,70.07751543480748,70.18723225263878,70.32388774009983,70.4727950439617,70.6291088603803,70.77220248325601,70.90036665504576,71.01816009409333,71.10404742748851,71.161252399962,71.19060710042169,71.18915194464753,71.17297860740348,71.15301481993308,71.14025756504627,71.10808912082955,71.08033898257396,71.07019055621514,71.10540037320703,71.21116735562184,71.34167274993685,71.49134504325875,71.67988566650253,71.84416583738958,71.99273440601186,72.09410561512121,72.1164087962029,72.07731376102338,71.96036946513509,71.79578046500902,71.59319490459758,71.37239205269954,71.14081018310362,70.92555844928295,70.73203931949652,70.574518830305,70.40468047630326,70.26363455578868,70.13829888191194,70.02920614936757,69.93535914695254,69.85469365093414,69.7821475573575,69.70705797049962,69.60860611614214,69.5234039853051,69.41510790869827,69.27717162586075,69.09762733095586,68.93316114241397,68.74346106317536,68.55230330120357,68.36412322617237,68.17807728839406,68.01059085885406,67.81401290270246,67.64492716847221,67.4851732904839,67.34885143419841,67.22617983537293,67.1259252546577,67.03212587419472,66.94644000868122,66.86742601169694,66.7953672559528,66.72648194575736,66.65547412310144,66.56005223187394,66.45353287325665,66.32701402382375,66.14631658892608,65.92203866900188,65.6634093238745,65.36381561264825,65.08263707578936,64.81225167799708,64.59341889434062,64.42710819882652,64.32787103772145,64.35707863930106,64.28923938884556,64.3316610177812,64.40917862233464,64.53413265778522,64.67830278733086,64.85068812338719,65.04785414145866,65.26463504633416,65.49498937125007,65.7250169828782,65.94193475923372,66.13877983031138,66.33078769833347,66.51034041021254,66.68639333338719,66.84634548672945,66.99522337087473,67.1562931337251,67.27967106239376,67.41158224405645,67.53835459238887,67.68797635040994,67.81537868720083,67.9413229974276,68.09070287633011,68.253302665956,68.40287512591557,68.56223247597417,68.74289611249138,68.93794020899036,69.11725259299357,69.2937347146497,69.46644331063861,69.63494505840666,69.80044186084876,69.94401797653337,70.08781495351742,70.24480928255713,70.39524543608056,70.52803714125696,70.65989057435924,70.7829785228117,70.89834412326785,71.00584032318572,71.11057943666546,71.21282559200088,71.31206541829434,71.40890443719685,71.52094362801645,71.61980475016287,71.72097335771113,71.82516727683569,71.92382899415809,72.06250489841197,72.27609676242105,72.45074755036437,72.6427997712282,72.85732579163562,73.04969553755473,73.32146170645608,73.56898920491443,73.82310998893988,74.0515391997701,74.25414242925962,74.38351982518341,74.45982911005399,74.50242074344878,74.4876802015967,74.44737379221816,74.3649245191213,74.27844502343055,74.18416730478363,74.09254212281257,74.01566901357286,73.95078640447251,73.91330259501693,73.89928790845173,73.9364457901015,73.99007283696405,74.07995274328557,74.20102368685718,74.33010620814652,74.41494759619562,74.48622100120342,74.51401835245355,74.47375094774605,74.38590722499093,74.22784842123166,74.03270677128053,73.79750693214157,73.55167802092373,73.28328111074867,73.0148503550465,72.75447603142771,72.50824324082049,72.27062843588382,72.05154723018292,71.85715386112425,71.66953898238961,71.48979881487874,71.32079927292236,71.16192098067651,71.01058161541977,70.86252884454697,70.71584463550208,70.57686555401163,70.43069671885057,70.27219731610379,70.13358431836635,69.98673476663461,69.82839769601702,69.64168282565915,69.44320072385773,69.22650517029678,69.00580142341924,68.75337116372063,68.47265024526169,68.18387554831406,67.84787999288572,67.49412302599475,67.13272211293634,66.77861843231959,66.4747256463945,66.21822222467871,66.03530440452087,65.95933040366671,65.99439324627686,66.11724463291979,66.33465284343822,66.61180712031683,66.94755021630053,67.33160964466246,67.75513593093191,68.18121720657308,68.59500189428438,68.95882685560832,69.31853243251659,69.6291741161632,69.90841979717678,70.17744433125513,70.418621970229,70.64870600903471
50.90330508635954,50.91106443939141,50.91335300163806,50.932266692137524,50.98311735461648,51.02009397679553,51.0636213910311,51.16543773972153,51.166417056205404,51.24854722776945,51.32962709695773,51.415477853129296,51.502026555953584,51.59114392594215,51.680768342410936,51.75781454243826,51.84743829606996,51.9343636968677,52.0357447449993,52.11337205142182,52.155628759639285,52.22591116219187,52.29058399428093,52.35028603623595,52.39726112239497,52.446718848619575,52.49085822649617,52.52689674164969,52.56875013869026,52.601924536046724,52.63324655785079,52.65383146648796,52.669679439309405,52.676531095343414,52.67526609543133,52.670845104471375,52.66793380699541,52.665400586031346,52.683825882056816,52.68029060973915,52.67552277004716,52.67276324664022,52.67304322353848,52.67109891625223,52.67422433532211,52.69324359594379,52.71788952036342,52.75101237213179,52.78570616499922,52.835780027743176,52.89532765085193,52.98560139143269,53.07366850035164,53.17530378001345,53.282431039935666,53.369817966711466,53.455506694704496,53.53413075828881,53.6049730565388,53.605258457905514,53.60085037944962,53.54112842610881,53.45545751119327,53.35275459292936,53.246371102836605,53.159575484226416,53.072602517143196,53.007080006174704,52.98022010567431,53.007822064826,53.106550343294806,53.19907699769271,53.344890888227454,53.536480580544065,53.70257238461991,53.961075147149934,54.24581448754503,54.546172374212325,54.839791424544416,55.144513543648586,55.46582822571716,55.805027597190616,56.16295913758747,56.528296854962406,56.869910561556374,57.22319672959406,57.55186919398264,57.899867546955754,58.245131203504414,58.57451046505156,58.89985198448438,59.202891670308695,59.51427819972096,59.84380014624203,60.165968634299524,60.46514579614371,60.76319703378578,61.03252866439263,61.28549419070599,61.55315236751577,61.82244962995566,62.077516762830975,62.33975973022943,62.61948407563569,62.88544535708672,63.12600778669337,63.3797737395098,63.62560637484865,63.85984041973298,64.09706762133024,64.34590039324038,64.6113413164587,64.8692334312937,65.12482053098023,65.37452303592137,65.64383718734354,65.89740471825607,66.14656804453902,66.39345903620446,66.64337979701543,66.90314916327716,67.13907100757277,67.40453969961918,67.67165425519504,67.91562511257861,68.14962480820456,68.36979727544434,68.57936799825647,68.79099594130155,69.02452787525921,69.2645476137596,69.49570590570717,69.7214175646809,69.93831557410377,70.13149892744154,70.33948958586214,70.50256342274253,70.6954293753311,70.85717222178774,71.02103381259982,71.15956001566664,71.35148096143959,71.5223690808097,71.70636387925401,71.94563033573539,72.20994917121601,72.56072645409117,72.77295401160747,73.11584579773961,73.28302798652682,73.58529237990662,73.70929298182668,73.87573430468704,74.03372060620181,74.17942713677103,74.28665540876884,74.37407881522765,74.38782690397163,74.41909080673747,74.40985773896693,74.39557530502296,74.36185227555302,74.2919487166851,74.25305832970608,74.21990065945039,74.18377420847422,74.16176236175237,74.13637324213431,74.1226097996153,74.13592923832637,74.15020567660461,74.2819347117078,74.3624458952451,74.37730988657687,74.51702461296438,74.75770310919634,74.7994121374154,74.92077672682885,75.01027537900423,75.05026641344176,75.04022102787549,74.97165536239267,74.84509836190033,74.68584403418112,74.5065934991216,74.30307633025977,74.0962970647641,73.89841368242821,73.71825029804455,73.55566560559522,73.43012317041075,73.29997139824863,73.19816238353253,73.11195139060737,73.03157393811284,72.9602144326682,72.89948178669087,72.84400143565861,72.78690926279886,72.72467036795173,72.64803824670058,72.57631148247057,72.4887269231294,72.36636765861475,72.21710977731345,72.06665251635327,71.87946119199809,71.7004766172567,71.54001593250003,71.33319984547205,71.1209809197545,70.90811729687876,70.6847183613196,70.46630163782552,70.2592176224682,70.1121562921535,70.02374058587655,69.99331644930241,70.01851285921794,70.09077838397558,70.20312311431759,70.34008855900866,70.4867467777207,70.63964602939946,70.7765861886085,70.90167355559045,71.00914500776811,71.08792220418395,71.13915250472948,71.16476033820402,71.16106207375745,71.1450591280896,71.12733350731908,71.1190237256348,71.0904118365713,71.06676474850914,71.05733477757256,71.09631129269822,71.20713194162548,71.33864271123903,71.48776417972017,71.67031774538282,71.82306434055323,71.95899425225451,72.04718384527136,72.05612985922055,72.00583349290258,71.8812962149647,71.71311781378994,71.51003856182137,71.29181305602286,71.0645130706516,70.85436164807494,70.66610368351355,70.51498095972879,70.34872957039191,70.21176494716276,70.08937572253568,69.98151478893254,69.88668335580012,69.80352071586576,69.72767305700683,69.6488469297179,69.55076995255658,69.45941027954652,69.34527139971831,69.20206987971154,69.02239328799435,68.85808592727554,68.6678215079745,68.47744793200968,68.29159740807404,68.10885750292498,67.94686597685669,67.75278134219154,67.5876903258109,67.43096286030521,67.29740070824211,67.17966443322815,67.07808026017358,66.9853001530292,66.89990032979432,66.82024405984988,66.74653262324706,66.67498162786198,66.60031839890853,66.50571500049703,66.39105104654669,66.25655003529134,66.07269004712097,65.84724947457374,65.59126355946292,65.29845317788302,65.02979643730819,64.77209322026987,64.56654607738987,64.41339151305856,64.32437461456283,64.37198553007903,64.31076580329588,64.36263866284484,64.45032641505495,64.58176854170573,64.72983864409974,64.90454062123486,65.10296618574114,65.32008697500521,65.54979636192728,65.77818439984303,65.99226266350662,66.18482106593063,66.37353406434698,66.54978917895644,66.72395138102725,66.88169937520338,67.02886812224091,67.19177954542585,67.31431865510558,67.44807777968548,67.57695297517003,67.7307295356121,67.85988846950008,67.98702096651583,68.138828586775,68.30420762947155,68.45508183825984,68.6176815651848,68.7956372472599,68.99227835776439,69.1707173835658,69.34563469057025,69.5161670986125,69.68214251626213,69.84506307037253,69.98400664017399,70.12815014533498,70.28088997773101,70.42720592838921,70.55960673488164,70.69067769282468,70.81334414487425,70.92884659671569,71.03707123736086,71.14330049329918,71.24757147203158,71.34905681210871,71.4481813837174,71.56417965874552,71.66560004019888,71.76957662025839,71.87680784829031,71.9770803931196,72.1165503878337,72.33513308134648,72.51046523741962,72.70173284163846,72.91375658404908,73.09981939060638,73.36460167070793,73.60303508285627,73.84511368355133,74.0609877151036,74.25152083405902,74.36745621677584,74.43016582274818,74.46561474288096,74.4436662460197,74.39948858529712,74.31422290010545,74.22795106489096,74.13590849707239,74.04778765806321,73.97515319546837,73.91512830741708,73.88144144597848,73.87175730746183,73.91515518737523,73.97246858156744,74.06337800258119,74.18175152918687,74.30455414869715,74.37955676915549,74.43820008082088,74.45218462842055,74.40136685412664,74.29712420495147,74.13298060303094,73.9311749165494,73.69366608590222,73.44844203838493,73.18163472739985,72.91621411339811,72.65938768697127,72.41712684165458,72.18410320077714,71.96996554673063,71.78057470697514,71.59752695393826,71.4231257078407,71.25539101048474,71.09738541057523,70.94508392940024,70.7947074148015,70.6448995886825,70.50263979226783,70.3529751269011,70.19568129813064,70.05166164153607,69.89948291950161,69.73599772873429,69.55045132361869,69.35079249891261,69.13341039688717,68.91240046720176,68.66001559532285,68.37992316666747,68.0943983498546,67.7615367518466,67.41268053100633,67.05859063364538,66.71679746676,66.42900155241611,66.19208017484023,66.02928073101198,65.9721613493579,66.02453686334604,66.16233063945224,66.39245852879829,66.67947341892585,67.02206072187388,67.40982046712911,67.83483991387389,68.25785519336985,68.66755334471213,69.02426066534368,69.37755677636167,69.68825607970356,69.96544810532652,70.23420539656871,70.47511324195833,70.70864335891255
50.90200709124982,50.91470375465412,50.91941762996924,50.94131725144046,50.993813572432856,51.033457429697904,51.0790203910052,51.18368385075418,51.186669721734965,51.27004743156012,51.35205113106269,51.43831555760539,51.52469820921883,51.613041272050665,51.701327000857255,51.77464416783251,51.8615848459237,51.945673530255824,52.045937970362225,52.12028038134496,52.16143428360669,52.227232895633996,52.28749277985233,52.34297984356579,52.38571272523872,52.4343523506906,52.476770127128454,52.5129479276342,52.55237071278512,52.584964122958425,52.61614717971393,52.63668826152903,52.653144549503665,52.66098775255734,52.660766371458124,52.657311002866855,52.65534614106196,52.653918313825216,52.675438679324735,52.674297285828246,52.672563465662385,52.672998425174626,52.676326814630904,52.6768333896986,52.682496920178956,52.702166751592266,52.729868102915255,52.76910272734035,52.80249473082784,52.854153146407775,52.91445831981123,53.00654767839975,53.093596598923476,53.193272999160946,53.29749940538057,53.38238889181164,53.4614436250944,53.53318165790923,53.59795316736298,53.59058137553596,53.58135955978714,53.52010110684997,53.43802719659876,53.34285486255017,53.24638290637858,53.17187795784487,53.096078513640826,53.041874763245346,53.02690693217188,53.06694104797723,53.17208249678672,53.274014312186885,53.430314710398825,53.63348637918135,53.81123880687261,54.077002090368445,54.367633942876076,54.67393008804929,54.970533571560516,55.27703236389289,55.599193312294375,55.93862932030866,56.29655977506426,56.66176615837971,57.00269573128987,57.355139070593204,57.68070306939991,58.027740721708746,58.37212496481308,58.700743292111355,59.02731176186605,59.329372868779004,59.639800801534925,59.96998579803744,60.29200951445205,60.59084700404691,60.88914255065226,61.15865885773024,61.41173405069151,61.68049799082967,61.951255240256444,62.20718619712499,62.47092059230226,62.75225466799408,63.01963981889381,63.260248958577264,63.515735698445425,63.76085609124524,63.996979725974256,64.23596638081673,64.4865008017327,64.75420320936723,65.01319290090073,65.269683049713,65.5196135989815,65.78568561032633,66.03821558214688,66.28605215177413,66.53133620879072,66.77940635051168,67.03717578158003,67.27204461642923,67.53453814975228,67.79927572759058,68.04034266104459,68.27142452967452,68.48855176975958,68.69929659068002,68.90781316403988,69.13916193954664,69.37746487860517,69.60689882013135,69.8311972028663,70.0463270900157,70.23783473951802,70.44574421716032,70.60617963327823,70.79868546356778,70.95997173656485,71.12406684321827,71.26211691692603,71.45702403853626,71.62992659949695,71.81471986629137,72.05528850433357,72.31962398637938,72.66390556394208,72.87386447324319,73.20309521140945,73.36536005991114,73.64583814513881,73.76596663739438,73.91843760123191,74.06124195936589,74.19072220867942,74.28229464813525,74.35551350423594,74.36534082543793,74.38422767020619,74.3701544232282,74.35364999809384,74.31954290374088,74.25025581029848,74.21412359231789,74.18577188120739,74.15325612165503,74.13535204263916,74.11441371969441,74.10514501402871,74.1237705184239,74.14249457647948,74.27368750041525,74.35794003350843,74.37363587165144,74.51162190544544,74.74798499267033,74.78156895308035,74.89071702970641,74.96739855997954,74.99493059573437,74.97356581710653,74.89675202122238,74.7641775050381,74.60214290084939,74.42329404381745,74.22286398017354,74.02100072818143,73.8289585771327,73.65468121923318,73.49734721105783,73.37746212315871,73.25088113601704,73.15238975208023,73.06846647134076,72.98834811073944,72.91577522049786,72.85308265352164,72.79506704264419,72.7345080576601,72.66790917225497,72.58961387084538,72.51055222389395,72.41613462891958,72.29361280398072,72.14191148970767,71.99187108095127,71.80458034846868,71.62780522037127,71.47236108766798,71.26967646958931,71.06275979052714,70.85535513658982,70.63857868197326,70.42803534968364,70.22814131854547,70.09087094618295,70.01165867999559,69.99175010138202,70.02477963977204,70.10549937706132,70.2200100732549,70.35680790216995,70.50079466281338,70.649895738917,70.7804727961553,70.90234052168621,70.99951222883122,71.07132344140483,71.11680551032642,71.13893096973871,71.13336258180831,71.11785348905046,71.10257127687711,71.09870906735539,71.07379728229652,71.05431990193561,71.04567140607887,71.08818744155938,71.2034271552681,71.33540409849103,71.48346225203733,71.65937821664818,71.80030153637728,71.92327876354364,71.99812519934571,71.99400703535022,71.93287777209589,71.801275070966,71.6299663632436,71.4268963627839,71.21160630613815,70.98883598361066,70.78392537471916,70.6009670017995,70.45599272108758,70.29338518211671,70.16035586627785,70.04074655441956,69.93393609382626,69.83792722623012,69.75206057214395,69.67273009860514,69.59003974165175,69.49233112262793,69.3948323004645,69.2749188413371,69.12659755822071,68.94714007925965,68.78308729012113,68.59253374515467,68.40317706173398,68.21984538516388,68.04055608088537,67.88395506021182,67.69258817953079,67.53143791286307,67.37772551982742,67.24681783430904,67.13383649859077,67.03078970226927,66.93883111022433,66.85350872381932,66.77300943312403,66.69747166232342,66.62311751359029,66.54470334956572,66.45090121620954,66.32825866856278,66.18595246452938,65.99929941667997,65.7732143274115,65.52045541300701,65.23508235798867,64.97935993886624,64.73476951503783,64.54276604754646,64.40289476725947,64.32404384169925,64.38826996271598,64.33507369579735,64.39614401573088,64.4937379013579,64.63125892949512,64.78282700416882,64.9594577180066,65.15877415194514,65.37590072364652,65.60469172735446,65.83125024900617,66.04240313811921,66.23074521384171,66.41620961286657,66.58926728022739,66.76160309737136,66.91730684240635,67.06297074225942,67.22772643155149,67.34971725396565,67.48541829224352,67.61648811026421,67.77431677357337,67.90535058652607,68.0338218853657,68.1880178210395,68.35599501403426,68.50812050697,68.67380123968269,68.84888136672448,69.04674453809464,69.22413359117486,69.39733260805863,69.56557419452464,69.7289501951759,69.88925853835204,70.02377126030014,70.16833757718182,70.31685082773477,70.45910450057784,70.59123545296325,70.72162974037296,70.844012812944,70.95979028576613,71.06890976450221,71.17676247262295,71.28316425414697,71.38699154560919,71.488496644733,71.60836174008965,71.71240118320475,71.81922522744286,71.92951350665253,72.03152948697307,72.17164359820285,72.39347087411237,72.5690242157872,72.75909543561157,72.96831398755992,73.14922692543216,73.40640869108324,73.63539815099303,73.8650063386399,74.06801346547967,74.24618343661948,74.34892498723435,74.39848028660407,74.42700908182024,74.39835889071256,74.35073001070423,74.26328729668889,74.17765800782212,74.08815851804259,74.00376038873648,73.93549376916565,73.88037694591524,73.85044197414582,73.8449779816663,73.89415878930805,73.9547722064995,74.04614077164717,74.16117217994235,74.27705566547205,74.3419576957783,74.3877552359693,74.38789602560391,74.32662063632502,74.20641369939685,74.03669104609416,73.82870773880079,73.58941633288681,73.34512221429411,73.08024906895331,72.81804265906926,72.56491612381511,72.32672821022506,72.09832082340564,71.88907835488354,71.70458268525077,71.52599119382049,71.35671854704387,71.19009482310467,71.03276412172127,70.87933362079387,70.72649430885114,70.57345362521095,70.42781049365266,70.27457802534202,70.11850109481985,69.96912126484284,69.81168053483994,69.64318386796454,69.45897185898059,69.25829538375942,69.0404268187403,68.81933617135351,68.56732005137246,68.2882530975459,68.00625637571548,67.67705331776244,67.3336528279314,66.98737327849862,66.65840363762959,66.38708640286909,66.17006875163149,66.02758680251992,65.98932437374441,66.0587926210204,66.21116112154577,66.45338753540268,66.74959700646023,67.09834794766184,67.48920069679603,67.9151075488437,68.33480316110916,68.74018017617803,69.0898256855958,69.43676663238517,69.74760704435674,70.0229566088889,70.29166605582203,70.53263774055141,70.7697378500693
50.901787686685196,50.919360683149634,50.92664359271111,50.951481442047886,51.0053333639006,51.04753687888592,51.0950459556303,51.20070651520323,51.20742646984804,51.29186064460275,51.37460670984579,51.461086845517976,51.54711843613171,51.63450991747198,51.72129661470502,51.79093160592047,51.87509078657635,51.956257916487,52.05511930829857,52.12615849218821,52.16646652730234,52.22782851939019,52.283748564879446,52.33510502352717,52.373792416586824,52.421636385793676,52.46241190873673,52.49884069680363,52.53591461275612,52.56802436202739,52.599122381995876,52.6197509599534,52.63691249850372,52.64585347143758,52.64681392931048,52.64447349674639,52.643583802152996,52.64337739409333,52.66782188810631,52.66914870290245,52.670517355034484,52.67418436680946,52.68057872714631,52.68359872744494,52.691828378901626,52.71210063643386,52.742740598533416,52.78784773627923,52.81997026272283,52.873074919968715,52.934012586892585,53.027531817172445,53.113359781038525,53.210828751802914,53.31189705248558,53.39420177049943,53.466601771068845,53.53142860218384,53.59003570092321,53.57547291357976,53.561688716995086,53.499441013297954,53.421548361600614,53.3345021647653,53.2484925104466,53.18662047288893,53.122404062423904,53.07984551435345,53.076977107440094,53.12951678105983,53.240679189583574,53.35193580447954,53.5185278101611,53.73298982765031,53.922620347982715,54.19529588237552,54.49143214094633,54.80321371369285,55.10246028212338,55.41042104504333,55.733140758924975,56.07255729147269,56.430260056733616,56.79513740824068,57.13523124499798,57.48672269725892,57.80927076742628,58.155319160798776,58.49883115761279,58.82672118569576,59.15437714766505,59.455547409032185,59.765117915806684,60.09592674378809,60.417865658544166,60.71643435868692,61.01504048077122,61.28481424661256,61.53809849280836,61.80800492344536,62.08024716042437,62.337132020728,62.60233864903654,62.88527237886542,63.15408113964735,63.39495046758348,63.652146821849044,63.89658206230443,64.13456357325707,64.37526141666905,64.62743928701046,64.89714702808332,65.15719878846534,65.41449380436039,65.66460416965622,65.92729369908942,66.17871549627355,66.42516656314345,66.66879676612528,66.91497956328527,67.17072035409727,67.40476978440368,67.6642263448311,67.92636375981547,68.16446254758985,68.39260739177259,68.60672272597233,68.8186552806491,69.02426336547146,69.25352286890424,69.49017558457794,69.71796021746965,69.94088021219635,70.15436063541695,70.34429126512103,70.55192190569102,70.71007296603455,70.90212755450857,71.06300763996386,71.22737673605475,71.36523142482575,71.56283697658161,71.73765804625488,71.92333050617378,72.16488287139792,72.4287796863188,72.76374546668418,72.97303617322247,73.28534553945882,73.44490679154019,73.70042808594765,73.81943218393354,73.95790606602921,74.08564686272194,74.19917081303419,74.27564351485361,74.33479969300822,74.34190483070842,74.34825683124568,74.32974644146466,74.31125571888785,74.27706231603239,74.20909312668492,74.17585407656574,74.15230130408357,74.12353151871432,74.10969895389348,74.09328860502171,74.08851493359435,74.11218976854661,74.13523303148344,74.26269323134393,74.35010767352662,74.36947346864545,74.50519768171637,74.73356338146355,74.7619366611098,74.85871964156395,74.92254812673154,74.93777923866016,74.90538626671464,74.82072962146822,74.68265454234965,74.51830082380816,74.34021672182847,74.1431567971891,73.94639539345636,73.76030797671152,73.5919331125151,73.43984276980581,73.32536349354156,73.20239578785437,73.10706947693701,73.0252175328658,72.9452096437531,72.87128709961766,72.80647131816228,72.74574386789206,72.68160018664766,72.61060911073575,72.53067956455855,72.44437470846634,72.34326398441048,72.22072276011146,72.06688660692417,71.91741363865121,71.73041727565975,71.55607242047995,71.40560393923268,71.20728942340575,71.00590542997101,70.80423227211497,70.59434152906172,70.39189348473263,70.1995113849595,70.07208843777234,70.00192158527847,69.99227064577353,70.03281677838515,70.12155138140947,70.23780644294605,70.37399732894173,70.5149316757405,70.65988020536352,70.78393028307947,70.9024222959806,70.98939148529823,71.05440728779281,71.09437945224988,71.11327698859048,71.10619815122337,71.09147592550937,71.07879843416352,71.07931956943054,71.05822213567721,71.04295737155441,71.03518693715205,71.08100365379839,71.19998388042656,71.33189157134942,71.47837325886888,71.6470338338855,71.77593516626368,71.88570971542465,71.94709238343086,71.93025185459688,71.8586743958128,71.72052384414977,71.54650248253249,71.34390133441161,71.13184956269689,70.91380304607418,70.7142286078133,70.5365736176322,70.3974465032163,70.23854529670825,70.10929641515388,69.99230175671276,69.88637567008287,69.78902862198224,69.70028962379746,69.61733208942258,69.53068218883128,69.4333109079696,69.3297424415947,69.20416416660518,69.05089987375656,68.87199401508676,68.70825756464895,68.5176802970361,68.3295533049233,68.14890062245406,67.9731737816646,67.82179688517157,67.63337293083097,67.47608382352101,67.32537025987276,67.19700817106215,67.08856946233188,66.98397229229928,66.89264966699945,66.80721356603392,66.72569403979807,66.64818447306001,66.57092165840481,66.48869525828616,66.39564352956499,66.26526453967193,66.11539164443009,65.9263190799717,65.70009916664637,65.45112083785214,65.17379700368093,64.93134108081259,64.70024708465488,64.52201135269758,64.39552861240617,64.32680922561848,64.40561921782945,64.36205567212885,64.43207075721756,64.53928283010157,64.68248141562528,64.83716510861707,65.01536093863375,65.21522425149409,65.4320457977984,65.65966625070175,65.88422514989493,66.09239123067955,66.27662671680842,66.45890615749431,66.62888143692102,66.7994493881382,66.95327025187731,67.09763188477969,67.26418633762327,67.38592217928083,67.5236292843093,67.65696059674805,67.8186886062282,67.95171086309921,68.0816805796627,68.23821456823022,68.40858877742005,68.56192020361064,68.7304979304245,68.90258230876375,69.1012752127721,69.2774559041195,69.44880475521634,69.6146655990076,69.77539422640753,69.93307687333208,70.06341561089783,70.20846330392067,70.35281077083954,70.49109031541249,70.62306015739114,70.7528755410054,70.87510382610284,70.99127981815079,71.1014448897215,71.21103171848688,71.3196440185285,71.42588462368634,71.52984405539861,71.65343759819375,71.76013972896085,71.86983629088782,71.98318885001359,72.0870945916222,72.2277194820295,72.45085297773296,72.62614709924942,72.8146094694107,73.02074852836282,73.19789154253905,73.44689110374068,73.66613928227392,73.88291949016252,74.07280287635606,74.2383358727199,74.32818648432159,74.36508061923477,74.3868619199753,74.35200133085445,74.30130526481823,74.21231290534561,74.12772349348243,74.0410278530126,73.9605252224404,73.89671277325277,73.8465143150718,73.8202683433771,73.8188935759707,73.8733465608329,73.9368571848991,74.02811081966499,74.13917315115441,74.24753585808348,74.30213837039487,74.33495083810682,74.3212884068895,74.24965369148788,74.11401128958522,73.93918670235044,73.72550865141581,73.48493275859244,73.24184333137018,72.97920978389809,72.72037790010043,72.47106764307381,72.23702423333891,72.01323171584785,71.80881074682765,71.62907665537863,71.45481275131174,71.29042636022787,71.1247779230825,70.96793993944961,70.81324650486232,70.65784778646433,70.50150781533182,70.35241316351771,70.19556932491564,70.04068583746458,69.88603903065767,69.72344427621293,69.55011229085056,69.36736226878843,69.16581640719436,68.94765105877252,68.72669445838423,68.47536298967665,68.19771166046343,67.9194883387227,67.59446651053702,67.25707788597731,66.91911009748965,66.60345533551718,66.34896724363583,66.15213249513768,66.03012748544187,66.01069406322708,66.09701214951511,66.26357898718629,66.51728510543154,66.82204110717376,67.17630385944663,67.56967468848147,67.9958711617866,68.41205528058937,68.81291513513092,69.15562112396039,69.49630378521017,69.8073325990531,70.08104816078789,70.3499100525323,70.59127473843358,70.83202578514266
50.90262897726553,50.924977240400395,50.93498147277725,50.962701671145446,51.0176160711506,51.06226487902047,51.1116306461464,51.216299641637214,51.228606125891126,51.313909515078336,51.39722460299851,51.483734641498096,51.569244990193404,51.655523004527,51.740666578847595,51.80671672350805,51.888019855303845,51.96620269097288,52.06335957306152,52.13109990691673,52.170827321446126,52.22783306170191,52.279517076179005,52.326854099564514,52.361726996054635,52.4087796422148,52.44798889317799,52.48475304155898,52.51956645035157,52.551275567458916,52.58232139929077,52.603154995446936,52.62109803565725,52.63122123946705,52.633483723641,52.63239402566152,52.63269680074036,52.633817637494744,52.6609701653938,52.66482347619738,52.66934408704346,52.6762642269183,52.685728525620085,52.69132394371351,52.70214668621252,52.72299280830919,52.75644108328385,52.807122172986006,52.83805970835609,52.89247725448957,52.95393768094902,53.04848515134527,53.13291389754702,53.227953376694515,53.32563538586895,53.40528613829278,53.471077568849566,53.529022289810186,53.581393581942415,53.5601699518277,53.542099377068276,53.47941154051256,53.40624196726861,53.32785349999085,53.25278876849732,53.20380842519226,53.15153356786316,53.12090509584807,53.130309733541935,53.19540296507263,53.31223885661852,53.4327471742294,53.60943098336134,53.834867270541366,54.03654795167955,54.315798447201544,54.61706337119598,54.93387327840726,55.23544419983346,55.544578309060135,55.867596044873416,56.20676170366136,56.564029868673906,56.92839390548131,57.26751203341086,57.61795492035677,57.9376229046591,58.28265851554649,58.62530827656097,58.95250355685238,59.281073224493774,59.581443966812344,59.890261526977135,60.22163204319394,60.54353970608312,60.84190791679962,61.14088699858098,61.41098759423124,61.66457986700687,61.935654813126575,62.209395081098194,62.467323222656645,62.733968997980035,63.01848157379946,63.28870591171463,63.53007197305371,63.78895908189168,64.03275746845293,64.27255260761459,64.51490142805947,64.76865427641302,65.04008190482683,65.30115905764681,65.5591557136123,65.80940164891796,66.0686050923315,66.31886144877903,66.56388260763052,66.80582700388705,67.05010080617957,67.30379864623957,67.5372795065164,67.79365620494568,68.05297002731034,68.28805132743238,68.5132549015845,68.72440730084955,68.93750432131577,69.14043093688993,69.36770029158649,69.60276761625055,69.828976570308,70.05054604208374,70.26249982392035,70.45095378059108,70.65807396156136,70.8143259629233,71.00581496910354,71.16633025401525,71.33100110232346,71.46895473008685,71.66891675104976,71.84553210538579,72.03216558174269,72.2743533989871,72.53732834378062,72.86048879161505,73.0703766577821,73.3630122604071,73.52163365455911,73.74973109156662,73.86975612670312,73.99427422148027,74.10713897549795,74.20504090495639,74.26703564632763,74.31235989341295,74.31767223042237,74.31151751686956,74.2889505849488,74.2686619468779,74.2346302288462,74.16867051985369,74.13840268438989,74.11956823776573,74.09464337015294,74.08480206345644,74.07296729462955,74.07266186239579,74.10108471652167,74.12829988064325,74.24916853656144,74.33896571532621,74.36472496234205,74.49766987570386,74.7143167328685,74.74050783866527,74.82486072716009,74.87587168662846,74.87901474102588,74.83591803369629,74.74382362417238,74.60075469753905,74.43451358641128,74.25751208013486,74.06405270566314,73.87252432152678,73.69245499729074,73.52995813608477,73.38307866062148,73.27371186539924,73.15440372325193,73.06208361397783,72.98208636321024,72.9020638165441,72.82669046659956,72.75962190438841,72.69603455991253,72.62821892830854,72.55283681587355,72.47129443761956,72.37789211363709,72.27027452179885,72.14782442778193,71.99216728481659,71.84338255195406,71.65707210548577,71.4853494089865,71.3397502602474,71.14601530039458,70.95036610020554,70.75467985730103,70.55192421859105,70.35778085312491,70.17324504319892,70.05570901733897,69.99443670519638,69.99477158162362,70.04252305448651,70.13880736436481,70.25642553688641,70.39160839868207,70.52915079300291,70.6696216451696,70.78702662656416,70.90197362112109,70.97891250518474,71.03732989198967,71.07204236599702,71.08795638832405,71.07971346442581,71.06604067268965,71.05608528473475,71.06086121108272,71.04366307438542,71.03263008606663,71.02586786621,71.07473476342318,71.19673300097772,71.32803978947082,71.4724311988735,71.63325135068159,71.7500229716144,71.84640888344302,71.89424810361328,71.86507584696535,71.78345116126279,71.63926034552684,71.46290254081909,71.2611865036311,71.05262058535045,70.83943838213554,70.6452503259551,70.47286787428946,70.33923469494977,70.18410789939725,70.05847569581077,69.94393170856442,69.83873912373652,69.73992540679617,69.64818427485505,69.56149243672925,69.47082005378665,69.37373059019494,69.26421309647283,69.1331213085733,68.97512203868737,68.79708140581059,68.63368908455706,68.44334368593898,68.25663927612437,68.07879658495675,67.90671136465204,67.7603302279881,67.57507511220273,67.42154195167701,67.27380607126335,67.1478770771643,67.04373675532248,66.93754674161802,66.846686744574,66.76096323171578,66.67826978815073,66.59867115533487,66.51842611776819,66.43236040828289,66.33997459111694,66.20217746024124,66.04503790788571,65.85392341936482,65.62806993140963,65.3833957873436,65.11469096567552,64.88575336349618,64.66849245147492,64.50421454073036,64.39120369947561,64.33260127280822,64.42372057603711,64.39160433806936,64.47031256808303,64.58683095014399,64.73531359456803,64.89275019852344,65.07217180804771,65.27226269581136,65.48849170300099,65.71471071513933,65.93711972203657,66.14226198879585,66.32254001759456,66.5017155118323,66.66873837193299,66.83759115904643,66.98969196715525,67.13295220365097,67.30121180916247,67.42298875135793,67.5627362584616,67.69837103369815,67.86379557551109,67.99891512403983,68.1305518750924,68.28936281745398,68.46191287740476,68.6164099997464,68.78767806836709,68.95669391125644,69.15580684458781,69.33063901069836,69.50002742014495,69.66344231269382,69.82150074121664,69.9765666838574,70.10304346595322,70.24861338041443,70.38888874531645,70.52331253565909,70.65521771005452,70.78454391872323,70.90673648343254,71.02341982160127,71.13476559813061,71.246174574741,71.3570508453577,71.46575105123075,71.57221745086908,71.69935495920264,71.80874722724744,71.92132692221674,72.03773847646477,72.14369402297059,72.28471299182382,72.5070656150973,72.68162025504377,72.86807171996983,73.07089225427181,73.2457866424343,73.4860572448389,73.69531934964817,73.89898467407609,74.07554237319061,74.2281837781391,74.30550105580022,74.33027493825364,74.34543141705471,74.30483676162447,74.25142154401793,74.16149492254958,74.07830516313032,73.99462698730063,73.918147066783,73.85883224631777,73.81352240999152,73.79088471753052,73.79344773528064,73.85260846688267,73.91859698990515,74.00915791581603,74.11564195485383,74.21591982614373,74.26008678733606,74.27985125869166,74.25249763516312,74.17060741676187,74.0201525567746,73.84067452372891,73.62178106777559,73.38039044851611,73.13873017233207,72.87860252072332,72.62326174453209,72.37784854586204,72.14799179780319,71.92878629018242,71.72908781474908,71.55395547678619,71.38387267568736,71.22409817513234,71.0593075227186,70.90279568909504,70.74673839686734,70.58872610740958,70.42906322928953,70.27648330721459,70.11601293636427,69.96226465735789,69.80249078135161,69.63489080718405,69.45693917453524,69.2757403900859,69.07346259801369,68.85517973990012,68.63456125080367,68.38422286804263,68.10837047798641,67.83413295170237,67.51381315007413,67.18299367435132,66.85384114061208,66.55197095101168,66.31463112059865,66.13821594544403,66.03680764617494,66.03614500420672,66.13904707904528,66.31942714435968,66.58399648106506,66.89666894532023,67.25582042301052,67.65116679700377,68.07706307864784,68.48960572260889,68.88579096801965,69.22174618803308,69.55631001945977,69.867538332723,70.13982561394745,70.40902113021666,70.6511035080302,70.89554346677029
50.904513067590685,50.9314954419289,50.94438185308121,50.974920345918754,51.0306010363137,51.07757398476235,51.12870702379349,51.23056859704668,51.25012751521074,51.33611669116793,51.41983558021234,51.506201870176696,51.59103562490506,51.67605367553649,51.75942628817825,51.82203938740118,51.900435789382165,51.97559368912521,52.070729578904256,52.1351981484957,52.174618496758,52.22738155081062,52.27496404056764,52.31841959512231,52.349743263257466,52.39599080823999,52.433706402309184,52.47086295430123,52.50351083731977,52.53488805345834,52.56589346619277,52.587035801695556,52.60581591031196,52.617184044128635,52.62085070910223,52.62113402916373,52.62273514729597,52.62527885468861,52.6548781681794,52.66130022094868,52.66900331056924,52.6791811608747,52.69170577458753,52.699938052726615,52.71337981683403,52.7347908250589,52.77090363323253,52.82680081149831,52.85669001539957,52.912292056033955,52.974180830833525,53.06933902451268,53.15221479929905,53.24462921259093,53.338725810148986,53.415671530709645,53.474967454658355,53.526113419485846,53.572199735143556,53.54490937007054,53.52285306600155,53.46027608355357,53.39232897467257,53.32306586864291,53.25936053398746,53.22344721058845,53.183421434329446,53.1649663440783,53.186783912540314,53.264453301014555,53.38665993282472,53.51635412109521,53.70292502584668,53.93899505244495,54.15285256169253,54.438351708877015,54.74438192306522,55.065758809456675,55.36935796829121,55.67940287790357,56.00248464940402,56.34119274985326,56.69783909696347,57.06151895103761,57.39953302725867,57.74884305065228,58.065810097695724,58.40981443727246,58.75161481631513,59.078149816628816,59.40742507496466,59.70709121786348,60.015263619487186,60.34711075595488,60.6690342965761,60.96726773512086,61.26667827851984,61.53717166377788,61.791170523237405,62.063429307637016,62.338668692916656,62.59772879192757,62.86576673668044,63.15182661834597,63.423450727462914,63.665573134329655,63.92612445074438,64.16935549011741,64.41090747508004,64.65483511416028,64.9100841972797,65.1829169718177,65.44498167210445,65.7035716961585,65.9539129377392,66.20956342875122,66.45861042780619,66.70217161421883,66.94241321775492,67.1847714500378,67.43642642341759,67.66960677778778,67.92287965018613,68.1791462055158,68.4111755557901,68.63344856619597,68.84170265115803,69.05590396583206,69.25640026958905,69.48178383584784,69.71532885819553,69.94003435123233,70.16027414194109,70.37082826913887,70.55790756226871,70.76425169487857,70.91902116585644,71.10980702830282,71.26998990074952,71.43497755323854,71.57333802343041,71.77526033741475,71.95351746119206,72.14119487583953,72.38364004915996,72.64518203151125,72.9543802981173,73.16579347315889,73.4365108527736,73.5955061221131,73.79441605122912,73.91700497096205,74.02767658998644,74.12592195692179,74.20860043956716,74.25680467996096,74.28861661731865,74.29279633521915,74.27434895409141,74.24808364495294,74.22613816153682,74.19246635860094,74.12919784381421,74.1019223177305,74.08765199194067,74.06663464647177,74.06066033926908,74.05341918503113,74.05752810451641,74.0903530901762,74.1215739629858,74.23343531420373,74.3248652228078,74.35929263752458,74.48895642133472,74.69062116499582,74.71727506290836,74.78921645125332,74.82751684703852,74.81883950163837,74.76539677504798,74.66626949037699,74.51870319431039,74.35097697201263,74.17533066571674,73.98564962995242,73.79943077333057,73.62539275499637,73.46870844813674,73.32698126228712,73.22239182257158,73.10679331170113,73.01731421907775,72.93895475040189,72.85881590850265,72.78192571801557,72.71250853597572,72.64594176721589,72.57439756118976,72.49465892014781,72.4115175998079,72.31121761685544,72.19732577328136,72.07504470776698,71.91788567923844,71.76988018336093,71.58464496986126,71.41570737729482,71.27480582376535,71.08583069402889,70.89609006335037,70.70662904599492,70.51124406656716,70.3256022650128,70.14925951475247,70.04163293530017,69.9891114432205,69.99914640807893,70.05379724750529,70.15714029327202,70.27578066857136,70.409592670749,70.54344499110144,70.67914227476575,70.78982980379243,70.90104923975517,70.96820501650639,71.02024740263707,71.0499622870649,71.06312716250403,71.05405320383882,71.04166196581464,71.03450213414716,71.04333997153438,71.03009677609312,71.02329097417325,71.01770068867076,71.06935560444172,71.19360540079848,71.32378341251184,71.46557007070982,71.61799752062329,71.7226226938314,71.80549804314414,71.83975506597962,71.79869054246059,71.7074358656553,71.55770238610799,71.37934290726591,71.17888489736879,70.97399713375034,70.76576611588808,70.57696950774223,70.40979411504912,70.2812496851229,70.12997097541437,70.00778281026855,69.89552678912364,69.79093206082132,69.69055544441161,69.59572092934548,69.50522454779531,69.41049911904805,69.31361145091729,69.19831665863445,69.06190420029202,68.89940926538145,68.72252856176618,68.55947418354373,68.36960643418357,68.18449758988405,68.0095667376841,67.84116958923705,67.69949386491356,67.51763423975672,67.3677261912234,67.22294194482146,67.09932991127835,66.99921180843367,66.89143176158001,66.80087326416738,66.71470609614256,66.63070858646074,66.54893180902612,66.46566294714297,66.37576508276898,66.2839270514189,66.13910623063775,65.97506158778845,65.7822868172279,65.55729256083244,65.31741621482672,65.0578580946882,64.84261028726597,64.63947213785187,64.48930815953206,64.38983067944483,64.3413504897563,64.4422613179565,64.42361229939785,64.51076312910547,64.6362520103432,64.78963306079525,64.94947951496687,65.12981185117981,65.32983569632032,65.54520794479465,65.76981590383737,65.98994458495838,66.19205046007622,66.368559558964,66.54472948948262,66.708944808159,66.87612931581465,67.02667435177914,67.16903235272261,67.3388553916903,67.46097229050386,67.6027647172792,67.74072002019122,67.9095882233565,68.04690919416825,68.1803905973403,68.34140655781742,68.51589127176426,68.67151896694183,68.84524808446704,69.01117001208115,69.21027589633283,69.38363759921018,69.55097689094589,69.71190533621589,69.86729587086282,70.01977657847277,70.14275859945232,70.28887386152587,70.42520368943666,70.5559203240836,70.68784497284271,70.81676369752778,70.93903008401499,71.05631492384913,71.16896087484135,71.28225738523547,71.39542481481605,71.50660583313304,71.61561066629926,71.74606154926121,71.85815522784485,71.9736142330529,72.09306698409728,72.2012460969219,72.34255908009595,72.56215907753305,72.73554546180036,72.91961959897591,73.11889811387793,73.29288562562495,73.5239154505365,73.72299922606503,73.91333342633752,74.07641838144109,74.21593278865602,74.2811290494329,74.29437136127386,74.30297573276712,74.25710837820175,74.20128604468206,74.1110285447748,74.0295606580242,73.94906640622506,73.87669082937231,73.8218742269487,73.7813832257792,73.76225526046426,73.76858410450164,73.8318344723903,73.89986509465652,73.98915182928171,74.0904661030714,74.182132669265,74.21579094093269,74.22252086918195,74.18165957331065,74.08962320929369,73.92507308222315,73.74136146215872,73.51772840126134,73.27596448815481,73.03590751989869,72.77851292791806,72.5267361004047,72.2852651332944,72.05960779042492,71.84493495848781,71.64983465083395,71.479118008901,71.31305201622268,71.15758301949695,70.99355083431333,70.83721419599254,70.67972511207059,70.51908753145527,70.35612093732844,70.20005643009489,70.03597277043018,69.883266685793,69.71855235929569,69.54613679131667,69.36382069616135,69.18422405991652,68.98134098501355,68.76310948503946,68.5430224711216,68.29397814427752,68.02030117268131,67.75022892748053,67.43513005627747,67.11143816226081,66.79160645785947,66.50396887470184,66.28406507963994,66.12826364263569,66.04753215111624,66.06555178308422,66.18474903982604,66.37854850105181,66.65336690448339,66.97334374515347,67.33678960413575,67.73360137718113,68.15861562537269,68.56744865796608,68.9588404212931,69.2883000854096,69.61692711975701,69.92832983429683,70.19939182129156,70.46908303239225,70.7122033217667,70.96032719758986
50.90742206226056,50.93885730325759,50.95479531653653,50.988079873553424,51.04422760152079,51.093396750772484,51.146207649811565,51.2437198534151,51.27190946315343,51.35840482105255,51.44237041117877,51.52843145618481,51.61244809376783,51.69607507282128,51.777565137590315,51.836939464405795,51.91240232608724,51.98451674635569,52.07730014007989,52.13854673989029,52.17794188395778,52.22660901495778,52.27025518486209,52.30999403364499,52.33806801781066,52.383478572155234,52.41976975798722,52.45734842743132,52.48793238540901,52.519032134230955,52.54998781729597,52.57152881238518,52.59118087181552,52.60383487290523,52.608989840346766,52.61075494680453,52.613748852291664,52.617800856334,52.6495405534553,52.658557552392026,52.66945467449178,52.682878324052204,52.69844003858398,52.709370068706534,52.72545574548853,52.74744224452364,52.78606232444536,52.84675842585377,52.875788131525155,52.93245123066545,52.99468926539912,53.090024780269125,53.171218337144786,53.26083859824732,53.35117972994396,53.42538748326799,53.47836786471698,53.522852689908326,53.56262708524957,53.52992804809903,53.50421130978978,53.442298037480874,53.38003034488228,53.320296271137494,53.26829666037371,53.24554222491121,53.218022066193484,53.21194209539317,53.246278746498156,53.33652148988447,53.463840853135345,53.602662344735684,53.798910733464155,54.045249517951476,54.271365121750954,54.56279759143236,54.87324208599419,55.19872033410529,55.50407423109707,55.81479347353384,56.13773205178125,56.47580062302711,56.83165762768063,57.194495845845665,57.531289157271566,57.87939439891097,58.19388296313344,58.53684257729732,58.87780927153276,59.20371937607261,59.53345778169004,59.83251783792965,60.14015617777768,60.472371941770916,60.79435206953031,61.092513870386526,61.3924104950261,61.663359218444114,61.91786281145032,62.19131005474039,62.46803768651856,62.728317717557424,62.997686962685435,63.28525187805466,63.55825217925947,63.801413610752924,64.06359490057815,64.30634930772456,64.54958882168653,64.79501117414371,65.05166747694985,65.32556136127575,65.58857459549746,65.8476446706889,66.09804493709237,66.35011234704726,66.59791942149796,66.84000491189188,67.07854170340775,67.31899286570334,67.56861945104201,67.80178459323811,68.05194860064252,68.30494396987255,68.53390178788095,68.75326989269273,68.9587059336646,69.17391446735007,69.37225575486248,69.59586312994276,69.82794719498551,70.05122003282857,70.27014396118106,70.47942958468535,70.66523788649445,70.87050641574977,71.02424111674578,71.21416305305651,71.37403690219715,71.53934370001424,71.67843249557748,71.88186471115066,72.06158279797596,72.2503881713058,72.49268278397527,72.75225282225713,73.04566474557352,73.25919416558958,73.50625679507763,73.66648966734728,73.83515185416853,73.96124522196934,74.05824769394907,74.14219946622146,74.21011737198752,74.24528425315728,74.26399237659385,74.26743045573791,74.2370903699249,74.20746241274958,74.18395384233757,74.15079042171524,74.09088495257582,74.06656587852777,74.05663187629517,74.03954831817178,74.03727274927247,74.03461367273977,74.04305596403965,74.07989261733732,74.11493411753784,74.21581546240681,74.30816580654292,74.35307877897615,74.47897525253559,74.66290456885207,74.69223091100069,74.75186297860225,74.77763121532986,74.75745591930435,74.69405814776619,74.5883026811242,74.43672525636775,74.26788676396608,74.09382302555433,73.90804549441359,73.72715800980568,73.55911436595443,73.40813620686542,73.271476953585,73.1712879488985,73.0594529226933,72.9726433481117,72.8957044824685,72.815371199019,72.7369332504377,72.6651053366998,72.59546813831243,72.5201693638383,72.43614205603792,72.35140816090303,72.24446439557074,72.12457727105468,72.0025105008416,71.84417394604323,71.69700889537269,71.51323600070059,71.34721751680877,71.21077640283978,71.0267121977818,70.84302558152496,70.66001099204347,70.47221838899604,70.2952625305487,70.12747202110887,70.02976044207328,69.98585320282204,70.00528862428611,70.06653813687055,70.17642313547583,70.29578515149628,70.42790170450056,70.55780724653691,70.68846431058262,70.79240779194737,70.89970389453038,70.95739874727872,71.00331596837677,71.02830725095063,71.03894730469517,71.02936205188564,71.01845404010761,71.01411928795712,71.02676183000803,71.01749991847234,71.0148929645754,71.01067189995224,71.06484101086187,71.19053196376568,71.31905710012907,71.45772387303641,71.60123909729741,71.69379207431672,71.76309897007349,71.7837759766164,71.73130747108748,71.63085630619985,71.47606777690407,71.2959999510354,71.09712954255124,70.89605696754802,70.69281037142517,70.50936513177243,70.34729668318903,70.2233838625706,70.0760325099902,69.95710686054714,69.8469773775396,69.74286008737144,69.64085659856829,69.54287599129749,69.44854182989086,69.34976516714558,69.25297477175003,69.13212552161532,68.99062677481201,68.8239067662071,68.64846179328848,68.485705195307,68.29655106409001,68.11319086074909,67.94124454564825,67.77654921480902,67.6392265722001,67.46098982960365,67.31455043605237,67.1726868713693,67.05127203206729,66.95486805253651,66.8455460635397,66.75514014699903,66.668390534592,66.58298234300679,66.49896653401186,66.41266420199177,66.31897556495757,66.2275335610244,66.07615965122852,65.90563301703052,65.71158365592957,65.48793299404605,65.25331807364688,65.00339224143475,64.80192535247102,64.61315266613965,64.47722475698978,64.39132020329072,64.35298738295042,64.4609408650606,64.45797216189327,64.55331612106308,64.68741575955725,64.84531740877881,65.00725029902628,65.1882025929614,65.38788946444436,65.60216402871964,65.82497259996599,66.04271035818762,66.24179169212883,66.41475978368051,66.58803990404736,66.74960746849473,66.91516476416159,67.06431976928793,67.20597298584396,67.37716963072802,67.49992811702548,67.64374016334078,67.78400815530387,67.95601709169895,68.09563889830491,68.23115157209193,68.39428977842731,68.57044791827448,68.72717617676159,68.90311440968112,69.06596444911665,69.2646188307982,69.43640635795366,69.60162945572073,69.76005567020633,69.91280574660573,70.0627551657229,70.1826647853812,70.32933080211784,70.46187454147125,70.58906284345208,70.721078807645,70.84966370142033,70.97210392693194,71.09006975262602,71.2041197049655,71.31934649382033,71.43480600708504,71.5484639742838,71.66001753684407,71.7935050945143,71.90829528053337,72.02661533501974,72.14907897100242,72.25966912937982,72.40119269935602,72.61628300895646,72.7881218643802,72.96948735317339,73.16499800509247,73.33916189261816,73.56047405699213,73.74923978447369,73.92609728290368,74.07561732656528,74.20178854004945,74.25533081298231,74.25767800590869,74.25975302682116,74.20905937576535,74.15110596318941,74.06110896849528,73.98164761942247,73.90445659510422,73.83622141781632,73.78586075373356,73.75007875753964,73.73434413603654,73.74424632853932,73.81091454228864,73.8805349722921,73.96796232924338,74.06353310783788,74.14609948705956,74.1692388255156,74.16302404103585,74.10891008421794,74.00684246623004,73.82900844718894,73.64145446956896,73.41355406525419,73.17182996300566,72.93350015678897,72.67902665397143,72.4308428757587,72.19332370648554,71.97184909801113,71.7616281328426,71.57097634726829,71.40446311115056,71.24223182219316,71.09072992106135,70.92737507016705,70.77107828547703,70.6121224657338,70.44889031836996,70.28268200969296,70.12316803751024,69.95551273785568,69.80372105406296,69.63429960686092,69.45729889217425,69.27091303287173,69.092931115324,68.88955859699021,68.67153691710679,68.4521640418478,68.20470727618853,67.93357536711443,67.66781497888327,67.35845404905083,67.04244931891306,66.73244609922553,66.45946749717656,66.25725616664207,66.12222012679787,66.06220586666295,66.09878898626032,66.23396966207252,66.44078596524861,66.7252416178667,67.0519287309273,67.41910336860457,67.8169027838319,68.2404611279064,68.64557825745933,69.03209624140013,69.35538202368564,69.67829687072494,69.98981269270496,70.25984963574419,70.53017950257629,70.77465345206839,71.02641328023904
50.91133806587498,50.94700483990897,50.96617244605677,51.00212266123508,51.05843510890272,51.1096657317117,51.16406508544064,51.25595993583266,51.29387079506565,51.38069655291321,51.464759865589315,51.55036632415344,51.63344015028287,51.715560338702254,51.79507252197714,51.851456821327766,51.92398320269506,51.99305769807603,52.08314207084167,52.14123920406566,52.1808993137654,52.22565048238484,52.26555623587897,52.301769938577,52.32692805932956,52.37145162224651,52.40638428206907,52.44438745335023,52.473015706367626,52.503878123982055,52.53475368719458,52.5567694612017,52.57730766951562,52.591266713279765,52.59797607202718,52.60131821813551,52.60578792619936,52.61142345309002,52.64495197821376,52.65657408576307,52.67065782769104,52.6872988718244,52.70586088214483,52.719549005875535,52.73830244689838,52.76089462454404,52.80185123298832,52.86686979009,52.89528100440479,52.952886684447634,53.015410213498825,53.110473762209104,53.18988036193437,53.276563872418855,53.363008549872184,53.43446353148575,53.48137523524718,53.51939079977524,53.55284855698344,53.51546286570395,53.486435634427764,53.42574079735424,53.369567038967496,53.31970170789074,53.279686001112786,53.27009886399415,53.25528986782608,53.261745186141745,53.308673337478425,53.41146123268125,53.54368005248355,53.69157754480954,53.89728890206085,54.15350701165137,54.3919165755842,54.68897801889803,55.003498149423116,55.33260787961727,55.63946563185149,55.950648817911265,56.27326373126946,56.610535516161505,56.96545534690372,57.32730789084145,57.66277535417967,58.00961627589836,58.32189211756955,58.66379858694172,59.003950136871296,59.329271646231355,59.65919642728237,59.95775250275494,60.264971186289515,60.597424660342,60.919495664452974,61.21764637933242,61.518079822538084,61.78954302142161,62.04464908159596,62.319278702200464,62.597471752542624,62.85905898856285,63.12968477354275,63.41870171847529,63.69304685947156,63.93755306166524,64.20132240356396,64.44371210170105,64.68855729346734,64.93537830718205,65.19334254276278,65.46792420542086,65.73184579148523,65.99127755589329,66.24170454794992,66.49019548591826,66.73674541799728,66.97735382963322,67.21419875652447,67.45276642401943,67.70039349452351,67.93384594788779,68.18091497640495,68.43041499582122,68.65629657892298,68.87280038816053,69.07551430513621,69.29159607902189,69.488081784004,69.71002780212571,69.94071051119309,70.16262008768267,70.38023494921632,70.58838738417275,70.77303002960882,70.9768894342821,71.13006835750322,71.31894236431468,71.47852158038867,71.64413715386472,71.78428933724913,71.98872684773151,72.16969680003986,72.35971525098293,72.60142156549176,72.85845278876461,73.1345868933663,73.35048628131096,73.57266556583853,73.7345497634069,73.87260738961832,74.00254338498392,74.08612205576955,74.15617516262486,74.20985965733858,74.23280800332027,74.23890968310705,74.24172790261805,74.20008099138359,74.16740367961108,74.14237846875297,74.10982213460775,74.05394170014785,74.03248626872194,74.02658720051605,74.0134273557538,74.01463826140771,74.01652015426875,74.02918774504909,74.06960102583221,74.10825918332617,74.19663087930665,74.28922707710308,74.34598567148005,74.46764430323326,74.63159483544393,74.66536796010384,74.7128764739654,74.72636239887076,74.69506639283063,74.62213780884737,74.51015865745617,74.3550461074152,74.18543874562548,74.01313970662771,73.83133822340342,73.65574929188999,73.49361294629094,73.34819357046536,73.21649211329745,73.12028482821985,73.01227092571975,72.9279530569547,72.85221734743786,72.77163496748341,72.69165346043795,72.61738643033634,72.54461632171248,72.46556761480122,72.37735285602338,72.29102523068441,72.1777456272323,72.05218854731545,71.93034870778067,71.77116424108453,71.62487105049044,71.44294532991829,71.2799510189322,71.14766777052395,70.96863640512649,70.79112091684893,70.61475684929358,70.43476450188362,70.26666645988496,70.10779978375679,70.01999178807561,69.98456938747222,70.01309172939183,70.08064450201157,70.19652885832102,70.31635229915652,70.44648705929481,70.57223053581009,70.69760996905069,70.79482856821205,70.89799232809418,70.94662342551737,70.98669173785046,71.00724529315134,71.01557480846215,71.00578469098944,70.99653113079191,70.99500705172103,71.01113276572609,71.0058491791951,71.0073889859741,71.00476799547243,71.06116581669158,71.18744357375618,71.31379551197907,71.44882660451198,71.58294283429076,71.6635888544723,71.71933343977643,71.72647354161016,71.66313816285093,71.55394028010589,71.3945743289259,71.21305004129007,71.01605346610498,70.81887784639487,70.62059527284018,70.44241617664338,70.28531992198698,70.16552961612773,70.02219048835548,69.90633694866652,69.79817385296147,69.694428809421,69.59076673300588,69.4896258647398,69.391457690286,69.2886639806094,69.19184183430654,69.06571207895105,68.9194029651839,68.74875975353255,68.57500741071243,68.41247445354512,68.22426009797857,68.04278170326627,67.87386347386133,67.71285100075727,67.57946712609981,67.40508139785423,67.2619285800563,67.12294984172902,67.00360879819394,66.91057891850203,66.79980835885155,66.7094183142883,66.62196492234176,66.53506296606766,66.44877543017016,66.35946193777714,66.26205813806169,66.17082677048697,66.01344652238058,65.83692252850412,65.6419883178385,65.42015717018167,65.19123731714933,64.95138725663085,64.76371205946025,64.58950055869218,64.46789688099068,64.39558292199023,64.36744245887836,64.47974466020686,64.49457653133453,64.59786522473408,64.74019194664419,64.9022442329906,65.06595979178067,65.24726555832385,65.4463702116068,65.65932946031616,65.88017158669538,66.09542766125159,66.29152073256179,66.46121513450785,66.63173856912861,66.79083307583579,66.95479840980586,67.10273058322066,67.24387475686432,67.41620707179692,67.5399115512296,67.6856880992252,67.8282360381127,68.0030327224729,68.14505006127008,68.28278962503286,68.44795646839036,68.62550677471127,68.78331070077026,68.96118347496605,69.12103106024158,69.31877211077492,69.48889997522755,69.65196140257093,69.8078943152976,69.95805649970494,70.1055510541526,70.22286579772594,70.37007025705311,70.49902023969138,70.62288925653047,70.75505607635068,70.88337275440215,71.00607731126527,71.12478893566346,71.24033107361494,71.35750824434571,71.47523450234617,71.59134047957362,71.7054318976584,71.8416333211068,71.95909893509332,72.08024733974057,72.20567903527143,72.31888143624793,72.46054880211419,72.66958723309752,72.83954863565336,73.0179092360564,73.20942382582693,73.38458884392105,73.59574140036447,73.77410189782337,73.93740777973153,74.07332563402099,74.18595666809833,74.22836669421109,74.22050298977135,74.21602145892547,74.16093294949442,74.10108849591875,74.01193139018498,73.93472368858355,73.86090803925639,73.79680373972305,73.75081386526041,73.71959100037762,73.70711550810556,73.72037805229922,73.78973864151062,73.86048009595075,73.94545918488252,74.03473048118408,74.10774537913966,74.12041843541566,74.10142514571159,74.03438503077082,73.92240658471756,73.73219423293011,73.5411604978888,73.30946147313529,73.06816195856563,72.8316328657218,72.58022934737251,72.33562397863464,72.1020305665501,71.88469260736888,71.67881622532542,71.49243799623821,71.32988964296237,71.17129314287413,71.02338790756512,70.86064744258013,70.70427078288336,70.54384627311867,70.37809272792205,70.20874751662748,70.04585363481218,69.87469674938309,69.72365689346093,69.54980836641843,69.36849377332018,69.17837236180918,69.00197939335189,68.79822246273987,68.5805586590185,68.36207188549193,68.11648872158278,67.84826468385221,67.58692981873659,67.28382194829798,66.9760651135154,66.67640011470375,66.41848520902468,66.23419142748736,66.12002993801579,66.08073365921214,66.13573120013596,66.28656057599989,66.50598244493597,66.79946586339521,67.1322871268955,67.50265368219927,67.9009953717744,68.32253191219425,68.72398869188703,69.10559117478957,69.4230912104569,69.7405610569866,70.05209249687769,70.32130191022937,70.59239428428586,70.83853317136067,71.09383801735557
50.91624318303383,50.955880067405474,50.97846382455547,51.01699111614932,51.07316290059039,51.12631348224087,51.182211891920716,51.26749536938942,51.31593033629398,51.40291453493095,51.48693471313542,51.57194939871358,51.653969547951355,51.734482615500184,51.81193783623199,51.86563132497303,51.93524215648158,52.00130237969792,52.088326185442696,52.143369063986945,52.18359261690076,52.2246409813333,52.26103292043501,52.293939833362835,52.316550187429506,52.36011864679984,52.39375529641165,52.432158024458936,52.45894541194387,52.489596336916975,52.520340310482695,52.542893181830976,52.56431105275994,52.579572552735144,52.587884358796046,52.592885282708124,52.59890237949091,52.60618645561581,52.641107099446984,52.65532843629744,52.672572419046965,52.69238595956484,52.71389786980538,52.73040387845592,52.75184789578599,52.77509552296071,52.81820443492736,52.887009678244624,52.91509558171037,52.97353032344413,53.03629090398562,53.13061731392706,53.20815672451797,53.29178737386069,53.37422367455191,53.442929210880855,53.48408600247072,53.515878447784104,53.5430370750681,53.50175070267608,53.46978756591034,53.410867758233486,53.36116001799804,53.32143917931868,53.29361740966137,53.29712252367092,53.29517924359803,53.3142884526731,53.37384678754402,53.4891262304038,53.62607596580249,53.78300542097552,53.99796032748385,54.26364387813502,54.514337866921636,54.816734915304465,55.13500440279215,55.46727147325683,55.775404814154925,56.086867632996,56.409005167133074,56.74534762223513,57.09920214071107,57.45993838696104,57.79398654871316,58.139515992380005,58.44988817760137,58.790738117526246,59.13009590698823,59.454866038152616,59.78466609435404,60.082823888083404,60.38974062946358,60.72227797136806,61.044467720851316,61.34266531869444,61.64368243549402,61.91571583590196,62.171521683624704,62.44731689778092,62.726940581627595,62.989921593960474,63.26171526680012,63.55212050515756,63.82777136046646,64.07395114640822,64.33925893187285,64.58141705247358,64.82777353645557,65.0758852124476,65.33504782205787,65.60991463647295,65.874703223727,66.13437327046151,66.38479867128429,66.6297564840629,66.87504540544703,67.11418969642628,67.34937067278393,67.58609349582937,67.83176431927279,68.06582383675713,68.30983069756348,68.55561095880246,68.7784264841341,68.99212155968512,69.19222492233959,69.40900905399954,69.60396274830724,69.8243674806512,70.05370669139086,70.2743209883805,70.49062655545954,70.69778528121394,70.88136926795237,71.08345206058274,71.23658543004062,71.42420428302748,71.58349425735452,71.74939552600422,71.89095973916645,72.09584372263143,72.27782815168607,72.46914589771238,72.70979635576825,72.96369400378013,73.22139150087831,73.43957736655987,73.63615264357564,73.79965188343702,73.90745154681188,74.04096596526477,74.11143419784923,74.16805270535993,74.20809525074141,74.21970956785366,74.21379104872676,74.21584198649884,74.16366004548111,74.1282242368099,74.10168152025594,74.0697812136971,74.01857794053966,73.99983639025324,73.99759727429007,73.9883147297188,73.99275584361581,73.99910802613131,74.01586575162807,74.05937604348793,74.10142799937758,74.17620346303926,74.26840864505976,74.33791559981951,74.45488150735439,74.59711985577808,74.63667878737942,74.6723331021013,74.6738580050294,74.63187332102395,74.5498714152881,74.43207288041508,74.27389097115683,74.10382870034469,73.93343125591711,73.75562574127862,73.58524788052137,73.42888161213192,73.28883269713097,73.16195312020675,73.06926704437558,72.96513569027188,72.88312540148175,72.80837513333772,72.72751249328613,72.64602674458823,72.56932594066096,72.4933889659263,72.4106255926255,72.31835795258353,72.23042791893157,72.11117448928941,71.98031913426038,71.85868622935914,71.69898872021588,71.55356901121517,71.37387308942881,71.21397907506892,71.08548569987114,70.91157990953602,70.74032433144173,70.57079777159211,70.39879972123587,70.23971886317399,70.09016002418494,70.01222722372455,69.9851674006423,70.02244922254273,70.09601512235743,70.2173304291523,70.33739542504749,70.46530029448982,70.58670783542183,70.70660146660062,70.79716010976959,70.89596928309406,70.93600877923792,70.97053085969986,70.98694444916414,70.99316766736965,70.98346580357345,70.97600747309086,70.97723573099529,70.99645875791107,70.99512123593342,71.00073196707038,70.9999754706493,71.05830485593881,71.18427111464689,71.30793330771849,71.43881226379514,71.5630754851902,71.63207077570007,71.67432322779845,71.66801046704752,71.5943941477558,71.4769155845829,71.3134398531842,71.13066954719237,70.93578969495647,70.74253752994237,70.54914494422647,70.37610162095275,70.22380817472082,70.1075793346292,69.96834289574082,69.85536217664665,69.74900659453833,69.64554383300414,69.5402237114641,69.43594695370119,69.3339855362509,69.22724134196973,69.13023392020018,68.99914872417733,68.84834670445832,68.6741134397262,68.50229172437301,68.33987429195618,68.15281605816942,67.9733327319825,67.80745698733554,67.65007570647117,67.52015430286491,67.34984846061913,67.20977451712746,67.07363984672288,66.95624556832121,66.86621783720129,66.75413735887004,66.66363868725466,66.57537763466947,66.486922363922,66.39835859737912,66.30608820996164,66.20507908529441,66.11383933036014,65.95107564446104,65.76910045510154,65.57367518532325,65.35413102837055,65.13130989867952,64.90193699099227,64.72798390858267,64.56848233786336,64.46125707942197,64.4025294865204,64.38464622402793,64.49894798676904,64.5333180135006,64.64430412089659,64.79445032046206,64.96029112790242,65.12550523430893,65.30692227219852,65.50522414923111,65.71667374512452,65.93540364719564,66.14810711367754,66.34127262898329,66.5080000542099,66.67591729832844,66.83272835307794,66.99513115846612,67.14200915711629,67.28283831963303,67.45602026041819,67.5809779134231,67.72863402751113,67.87340426769437,68.05058565761284,68.19508850788417,68.33525958184858,68.50235061681329,68.68099179885048,68.83985161053239,69.01936171127855,69.17632368333462,69.37267219905407,69.5410731393305,69.70194901959803,69.8554222721223,70.00307426142007,70.14821285230659,70.26346541047263,70.41117828119458,70.53675972236819,70.65754872608476,70.78991364084901,70.91801968047456,71.04106953609677,71.16057710069315,71.27768396590142,71.3968089806617,71.51675038078089,71.63525035389308,71.75184758389707,71.89039395518353,72.010497741305,72.13442735883879,72.26277177499554,72.37880133342998,72.52056234088059,72.72222157368624,72.89002494848987,73.06511950111911,73.25240747399266,73.42913988004075,73.62972581681208,73.79764643906336,73.94739645277795,74.06972972926599,74.16864280858148,74.2004970408819,74.18315443047506,74.17203918878862,74.11297229456805,74.05144083924878,73.9636910063179,73.8889465067658,73.81853122399993,73.75850270270053,73.71675560011732,73.68990194939794,73.68053354052947,73.69692292068697,73.76819673498913,73.8395739387714,73.92151216538056,74.00394573514077,74.0669954451175,74.06931776496366,74.03778855466726,73.95822027585508,73.836456961903,73.63486602070475,73.44068649904732,73.20565403828579,72.96513556033175,72.73043042941615,72.48220665661037,72.24112131707292,72.01139201460269,71.79811520530515,71.59644964801478,71.41414468992977,71.2552964637639,71.100117027541,70.95540600674795,70.79323516385293,70.63667451354644,70.47481234948691,70.30665301988,70.13431852837641,69.9681487273524,69.79358871575464,69.64310333528003,69.46515448033915,69.27983809831788,69.08635486011657,68.91148673104385,68.70743961105873,68.49027133369087,68.27283192456383,68.02940093826747,67.76444074546107,67.50761215986661,67.21127057392266,66.91232351527515,66.62350855428782,66.38104040083502,66.21485790805819,66.12163761637457,66.103020395161,66.17625301111194,66.34237341182325,66.57398084809975,66.87588488324901,67.21428215731187,67.58733251070201,67.98580349582684,68.40476943755986,68.80267413204751,69.17935796791026,69.49152685331904,69.8038614631651,70.11527483574545,70.38385149767099,70.65581112103817,70.9039217520689,71.16263771157705
50.92211951833699,50.96542500126961,50.99162003494618,51.03262764548176,51.088350318714646,51.14327255702084,51.20058063049179,51.278532679175534,51.338006912184916,51.42498141528681,51.508825723508636,51.59312360449623,51.67399404027444,51.75281504553594,51.8281504752482,51.8795028421475,51.94624292472276,52.00933662663305,52.09292329813618,52.1450298426194,52.18612362408374,52.2237155400446,52.25685096534688,52.286696241446926,52.30716120172582,52.34968833410121,52.382088122871934,52.42083813315837,52.4459061138861,52.47635708724101,52.50689692175445,52.53003540795897,52.55230577089618,52.568845378754254,52.578789655305954,52.585517580073926,52.59314222263818,52.60212967457046,52.63800057414717,52.6547992192308,52.67515809743952,52.69808274264708,52.72248056610101,52.74186370066997,52.76602006687373,52.78999249761432,52.835056006328415,52.907052864355244,52.93515881111382,52.99431405371851,53.05727856571255,53.150386779017474,53.22600327574569,53.30649144132802,53.384836508601445,53.45081405697128,53.48659660260938,53.51246633263248,53.533365564226514,53.48902843880616,53.45452863023235,53.39794231517844,53.3550302430437,53.32566568583742,53.31017973947616,53.326618599775166,53.337644597880086,53.3694847313363,53.44167819875793,53.56937018405098,53.71092702802532,53.87685167289236,54.10082580558023,54.3755364619929,54.63845993949259,54.94591020468215,55.267615135541476,55.60256114228813,55.911764421607806,56.223348640748334,56.54488183863648,56.880187134226595,57.23286789518101,57.59237063514043,57.924917671602174,58.2691008591214,58.57792175982627,58.91771682037156,59.256305076541054,59.58056196288397,59.909891865517466,60.20776066965907,60.51449649174074,60.846940934549046,61.1692708782325,61.467570745208455,61.76921450833235,62.041870425076816,62.29847296748684,62.57540628924552,62.85641386441227,63.12087452276693,63.39373354000524,63.68545260365125,63.96236227461143,64.21056752432355,64.47735645767584,64.71943734046887,64.96719819668448,65.21648058911255,65.47672174217445,65.75144178665188,66.01705485588207,66.27683473308342,66.52723420806797,66.76873898017983,67.01277637199017,67.25048384125466,67.48404374786506,67.71897545197652,67.96274769070052,68.19775125486647,68.43874768420817,68.68058353425695,68.90035805873227,69.1113149143522,69.30893494204166,69.52621364543513,69.71998303906598,69.93897179377369,70.16702362015138,70.38640920750807,70.60139822932334,70.80770688942184,70.99034087786556,71.19024560475884,71.3438748762699,71.53000813014498,71.68900525512521,71.85515642764689,71.99849489205046,72.20321231132442,72.38594553721693,72.5786498943356,72.81774711686347,73.06788854005008,73.3063233274921,73.52637496757303,73.69713350680827,73.86176150058287,73.94035321498264,74.07657946807082,74.1343186425894,74.17803575365457,74.2050921073171,74.20632258416104,74.18905898532151,74.18992601801953,74.12816675923106,74.09024087561842,74.06213247631938,74.0308873754019,73.98500352776061,73.96876914506184,73.96974140730406,73.96425341056758,73.97162446383788,73.98234668484075,74.0030322878601,74.04911539813165,74.09431940471889,74.15485511174063,74.24607012098448,74.3287708487777,74.44060479882575,74.55990752086109,74.60615596998899,74.63030902776853,74.620265641174,74.56807910269109,74.47749462408478,74.35428081104301,74.19348507129672,74.0232524114776,73.85484822040266,73.68100597239591,73.51569703663772,73.3649134796034,73.23000574505686,73.1077863530952,73.0181191812055,72.91793558584101,72.83804243756781,72.7640596281959,72.6829090558174,72.59999349946062,72.52089799144929,72.44178871946421,72.35537657585817,72.25922397819787,72.16967533542393,72.0448641591914,71.90912856408617,71.78764996635192,71.62777953929076,71.48320514004787,71.30611941114662,71.14937287662288,71.02423596393456,70.85551930448356,70.69058408742295,70.52806491278596,70.36424136305875,70.2143245505681,70.07446996388204,70.00636699943733,69.9875546458034,70.0332546028855,70.11254877733734,70.23870081531439,70.3588278426645,70.4842929694436,70.60123212187297,70.71546101966292,70.79947039380309,70.89368950217758,70.92568453645599,70.95498948256669,70.9675727544861,70.97188387498237,70.96255007206089,70.9569973022277,70.96087563133628,70.98274578578541,70.98529276635932,70.99487483656532,70.9962808209008,71.05623296261145,71.18094547031465,71.30140514700392,71.42761484954453,71.54160380358259,71.59929557940212,71.62819010968497,71.60854945901498,71.52528695580709,71.40001001684035,71.23288216068993,71.04903483790481,70.85647125603225,70.66711377784195,70.4784835096774,70.31040044329828,70.16270578466833,70.04942540690985,69.91438771737693,69.80407164650748,69.69936598141939,69.596110764155,69.48916539768257,69.38181566221039,69.27613877505568,69.16554303375663,69.06817231104428,68.93250785082982,68.77757192568593,68.60011303715625,68.4304410446052,68.26799704423834,68.08230146698278,67.90490656144446,67.74205855108303,67.5882240913401,67.46122687874752,67.29523053400904,67.1580021411581,67.02466587717308,66.909087701112,66.8216582395054,66.70845177494965,66.6177321871175,66.52857704685287,66.4385324448486,66.34771613551683,66.25257507400791,66.14810468986889,66.05660389119745,65.88915581783692,65.7023371297149,65.5068186407525,65.29002050774385,65.07367177158268,64.85513529523476,64.69475440018728,64.55006452600712,64.45723790017082,64.41207054785814,64.4045291848868,64.5188390328449,64.57408921417047,64.69252649032887,64.85006062986892,65.01933568798617,65.18578386769008,65.36709425951679,65.5643974887406,65.77416638868496,65.99065956463696,66.20075933499277,66.39108242900143,66.55518898555046,66.72066790524897,66.87540002311674,67.03626391586107,67.18225785451376,67.32296432799944,67.4966617421131,67.62318252391282,67.77260345077738,67.91951344312552,68.09862643905329,68.24570006296749,68.38851626822463,68.5574162128028,68.73682694846804,68.89672797761267,69.0775555495753,69.23179615627447,69.42625555842663,69.59288053856127,69.75156859490353,69.90264054131289,70.04788516301073,70.19078916872962,70.30456739760734,70.45274092940495,70.57521192777276,70.6931904148809,70.8257883630293,70.95373330363878,71.07719990050829,71.1975388754466,71.31626736693683,71.43731504661834,71.55939372257072,71.68020860213282,71.799258430715,71.93973472288937,72.06242324894873,72.18907250393777,72.32026178826605,72.43934713682954,72.58116826816531,72.77433585445273,72.93974997575978,73.11135240185571,73.29418084750105,73.47278840148437,73.66243564249366,73.81993428114282,73.95619483799983,74.06501603775808,74.15005259727782,74.17198220075741,74.14594044563309,74.12806437611928,74.06542060616536,74.00237018955836,73.91658301336804,73.84447371522769,73.77743663465314,73.72138321435673,73.68370799689227,73.66099359970539,73.6545623971665,73.6738245786081,73.74617878765709,73.81768997389291,73.89599103991883,73.97106638173874,74.02377478460535,74.01592480849048,73.97217863936108,73.88055168235665,73.74913499493294,73.53725939177095,73.34023942497369,73.1023351740869,72.86292585380106,72.6300176305909,72.38504423017412,72.14737679911404,71.92141435175797,71.71209377862698,71.51447881298925,71.33602152052907,71.18058243298273,71.02858452546911,70.88663324634948,70.72500544628586,70.5681723028012,70.40493651010023,70.23452945401232,70.05939611518411,69.89008882048242,69.71225254771272,69.56208951081341,69.38041379099415,69.19144853073078,68.99501670493669,68.82157096544344,68.61731707074304,68.40077156404024,68.18453008157324,67.94352238404981,67.68217517450736,67.42990071509934,67.14083674582865,66.85126249339964,66.57381146797134,66.34715146319643,66.19924265423691,66.12698770195951,66.1289709409066,66.22022900558905,66.40125979975772,66.64462408272584,66.95434391960832,67.29777704643027,67.67303181989514,68.07125151080754,68.48715332428637,68.88162874873923,69.25342936721111,69.56078815986777,69.86833987388346,70.17946529823857,70.44760125099307,70.72051375635033,70.97089846661844,71.2328486655412
50.92894917638433,50.97558165702381,51.00559166014246,51.04897465641804,51.10393670540634,51.1604755107125,51.21910386239386,51.28927839028107,51.36001934808495,51.44681984216179,51.530363666400405,51.61383186613239,51.69347138075325,51.77053077113031,51.84369983391912,51.89311123965708,51.95704924469456,52.01724627429314,52.09700422317528,52.14631506292812,52.18859416603426,52.2230091867602,52.25317609743124,52.280231686273716,52.29898790183385,52.340369372436626,52.37158808330686,52.41060577184953,52.43408242394259,52.46433068915947,52.494572755604,52.518331573271546,52.541406573272006,52.55917817882004,52.57076691620948,52.57927654978442,52.58855746611307,52.599292920613074,52.63562705930656,52.654965049798804,52.678374511748665,52.704332376444675,52.73153853556704,52.75385748673995,52.78074693488397,52.8055331063455,52.85234002325745,52.92687412245949,52.95539764028707,53.015169781334386,53.078320427532624,53.169713501074796,53.243375866467716,53.320658413576,53.39485845663905,53.45814760527499,53.489003471884914,53.509305153017934,53.52400694918162,53.47753295388496,53.44092035338865,53.38722786324892,53.35139867517428,53.332538227863,53.329461844013856,53.35859248814054,53.38264033504305,53.4272468584804,53.51204667318305,53.652046794621675,53.79813167408519,53.973022000218734,54.20578613219709,54.48906110781541,54.76411373702644,55.0763458110615,55.401184637111264,55.73832691397537,56.048417097810564,56.35999056312852,56.68081922504405,57.0150042451146,57.36642249639191,57.72458793631564,58.05556365357686,58.3983781868881,58.70604348084151,59.04479034679823,59.382636140187266,59.706418831472995,60.034898823385035,60.332591523226,60.63927075756189,60.97142260958489,61.293907776103744,61.59236271561028,61.894672215491255,62.167999552137786,62.42549528313275,62.70352852435797,62.98586129153535,63.25188676399887,63.52569469070582,63.81864237950609,64.09675619427377,64.34736185475292,64.61556695314393,64.85774614611351,65.10679192018718,65.35711313634926,65.61830273045187,65.89241478817752,66.1588086516097,66.41856486244883,66.66891805927337,66.90708661296773,67.14989530576958,67.38620759310184,67.61820427744675,67.85141366330411,68.09335937421739,68.32966119723618,68.56771785642913,68.80538439762529,69.02215785793541,69.23046195924759,69.42574152100923,69.64327010648077,69.83622704757389,70.05393036974763,70.28074918204729,70.49897121765125,70.71262942022042,70.91823582240933,71.10003013568898,71.29732137691762,71.45201923810286,71.63641322661722,71.79510489573126,71.96145747000692,72.10694598662225,72.31082958928458,72.49401764093476,72.68819702369406,72.92521381083623,73.17094847032085,73.38962713259028,73.61078663058726,73.75602363405575,73.92084408798958,73.97198128336403,74.10945039866105,74.1549099123915,74.18632796673678,74.20111818218672,74.19298068964613,74.16513600475979,74.16413330781941,74.09394035964704,74.05377038730904,74.02400081641616,73.99336033614082,73.95342831582005,73.93943743508795,73.94309890924478,73.9412863688011,73.95124309001497,73.96620552691036,73.99062965782863,74.0387168175905,74.08681223837688,74.13290772354672,74.2225711154488,74.31845370313786,74.42473211157403,74.5203857216996,74.5737920850942,74.58688041572566,74.56573291467272,74.50388613663888,74.40524309223396,74.27701791038217,74.11405363153894,73.94390566237806,73.77754114706457,73.60757684111199,73.44714002117698,73.3017016648314,73.17166487243742,73.05391819074508,72.9667258225495,72.8705589819185,72.79258622108789,72.71915262004013,72.63772993446747,72.55349412162712,72.472076706477,72.38981823083651,72.2998538430462,72.2000175653458,72.10882658994103,71.97892781438759,71.83877636898949,71.71736681953394,71.55766885416284,71.41388179948954,71.23978442698619,71.08620361499784,70.96392433576743,70.80043118344227,70.64184844691214,70.48648942672195,70.33100674335823,70.19038833221965,70.06064682433676,70.00231136563134,69.9916385264268,70.04540136956676,70.13014424638045,70.26051298415209,70.38056286550298,70.50341664351419,70.61579637166432,70.72421084466818,70.80182739749563,70.89120772799218,70.91578042518718,70.94022375509266,70.94929824461437,70.95188142486498,70.94318217887492,70.93961485342584,70.94599705830036,70.96999982857159,70.97634044814477,70.98977052315996,70.99367054164487,71.05492497071741,71.17739752463636,71.29414568949193,71.41516836041878,71.5184945430547,71.56532100698035,71.5810558609814,71.54825322359916,71.45602811700964,71.32345137408774,71.15311906245377,70.96832228258991,70.7782311762588,70.59268434974507,70.40863509328634,70.24529162227768,70.10195709510741,69.99096022180458,69.8602229384944,69.75235446026899,69.64914239275373,69.54603520890775,69.43752965540108,69.32720839429614,69.21793081397043,69.10361483850032,69.00567828845226,68.86586185244418,68.70719256191735,68.52690375819103,68.35958168174398,68.19693504408977,68.01279884673889,67.83756580619901,67.67770163011595,67.5272969147534,67.40262362999975,67.24116713413459,67.10652534604054,66.9759369239018,66.86204055522923,66.77677355628533,66.66267031844484,66.57162973509622,66.48151153416958,66.38986511712615,66.29684814446142,66.19895458537847,66.09120123499815,65.99915310355243,65.8277958428753,65.63680288523652,65.44159306649483,65.22799154743288,65.0184588892042,64.81107602007405,64.66403703462308,64.53421364547737,64.45577189112436,64.42411675698044,64.4270218479428,64.53970598653208,64.61678273912301,64.74242601380907,64.90689262372283,65.07925550771373,65.246692933003,65.42770304520997,65.62383644155868,65.83177689653775,66.04593012218949,66.25339494472453,66.44098518022439,66.60285637129331,66.76608220349223,66.91895480884794,67.07829758770932,67.22357903895211,67.36435343581287,67.53818406240292,67.66658070300561,67.81762187160267,67.96656416348283,68.1471056087287,68.29683055134042,68.44251450984653,68.61309724546564,68.79293618133981,68.95386887357562,69.13567142081304,69.28740231693978,69.47945865168369,69.6442768612185,69.80079641658894,69.94955012350192,70.09251533573655,70.23332861196646,70.34627553311611,70.49484425654711,70.61449579417625,70.72996348568495,70.8628171047808,70.99064244789618,71.11458770358169,71.23577888765543,71.35617026183292,71.47909278606576,71.60320460789718,71.7262302291834,71.84765827326709,71.98960335036918,72.11480700780483,72.24409988666089,72.37805367317414,72.50043716235032,72.64230153647854,72.8260798991269,72.98892289033313,73.15684219176033,73.33497584426347,73.51550780875903,73.69387921356783,73.84102629701098,73.96393447135411,74.05937098495507,74.13039166996616,74.1430825216003,74.10916915285864,74.08435518062603,74.01852107946546,73.95408374322624,73.87080260780938,73.80146295522762,73.73773475653434,73.68551018229971,73.65169309417334,73.63284794640477,73.62916624187484,73.65102667096818,73.7235747644474,73.79470167445415,73.86876557767877,73.93597993300874,73.97800849721548,73.96022756032693,73.90465977125119,73.8015151131613,73.66058208095417,73.4396099273868,73.24002622759703,72.99970829391974,72.7617079244706,72.53051925196499,72.28882771655285,72.05443233279844,71.83210387913056,71.62660521414142,71.43285413232739,71.25799358022219,71.1056464100463,70.95657668593385,70.81691865410932,70.65582550217921,70.49864697598252,70.33413457022033,70.16168029008742,69.98398134729503,69.81170941955388,69.63075215599957,69.4806445513542,69.29566214075452,69.10344173412227,68.90451407341241,68.73234993359434,68.52796187058897,68.3121559729829,68.09725227902987,67.8589315167369,67.60153959355753,67.35383419726085,67.07255728391968,66.79292001709615,66.5273489057479,66.31683678669773,66.18733271190591,66.1360247348557,66.15849016284609,66.2675337699682,66.46307137001847,66.71775505680016,67.03468821465331,67.38263501850447,67.75964357556087,68.1572637715348,68.56967315772009,68.9608467127605,69.32783811914095,69.63097433769876,69.93413807376479,70.24476947328742,70.5126540231196,70.78658593373952,71.03954258743468,71.30450718188568
50.936714261775705,50.98629205019058,51.02032928305785,51.06597455614374,51.11986140279638,51.17785489797667,51.23771414886692,51.299939027796164,51.381886469340614,51.468352463736935,51.551479311502256,51.6340171082531,51.712359322888986,51.78760293460417,51.858575307138025,51.90649638430769,51.96772485367295,52.0251171580899,52.10063977481316,52.14731824787828,52.191106073472184,52.222656949721575,52.250174043504806,52.27473869128766,52.29225708736893,52.33237045009208,52.36246049957335,52.4016389329334,52.42365895386167,52.45368745687768,52.483517046625494,52.50791711145464,52.531728209235126,52.55066394041534,52.56389109615919,52.57422363139115,52.58519812038747,52.59771600440274,52.63398121191736,52.6558045432371,52.68218131085435,52.7110780163312,52.74100134273881,52.766314250888186,52.79595647453912,52.82166490699488,52.8699905617804,52.94634822659497,52.97573901690203,53.03602941235535,53.099363718298825,53.18852882369354,53.260230347534204,53.33427062935979,53.404300923283024,53.464959391309904,53.49140304651909,53.506545607637996,53.51513415465637,53.467501127703265,53.42922426137404,53.37898779750469,53.35048627545955,53.34221380581154,53.35155257673117,53.39304958460067,53.430120859457666,53.48748767045446,53.58483131288232,53.73700976311476,53.88758833891528,54.07142210261342,54.312742103181456,54.60409416019295,54.891130203252544,55.207883658472966,55.53556719694171,55.874418815582736,56.18523548636367,56.49669212209678,56.81674280562021,57.14974914787777,57.49983583042205,57.85657359142272,58.18591942536736,58.527355286445626,58.83430395724444,59.17201434812693,59.509147592584306,59.83249605496728,60.159712050569176,60.45734512452825,60.76409541136791,61.095732056175585,61.418381053972276,61.717041286635784,62.02005173140909,62.294095980276495,62.55258098051276,62.83166525088198,63.115252553635656,63.38292730667294,63.65755381644957,63.95163419827182,64.23088971182068,64.48429379703796,64.7538423904481,64.99631664983427,65.24651535299691,65.49773155332993,65.75972921422942,66.03274277326976,66.2998725745692,66.55946657724759,66.80975712587293,67.0447430211252,67.28635919492818,67.52133228095131,67.75183855720785,67.9834095006555,68.22361513523403,68.46158665888656,68.69679313431647,68.93006522434816,69.14389243696154,69.34964420145693,69.54274181600917,69.76023869028846,69.95277916512465,70.16933283682751,70.39497126165118,70.612093491396,70.82439957756338,71.02945569378934,71.21052231776315,71.40473068716615,71.56110105745145,71.74347889339442,71.90184350120312,72.06833626429857,72.21636421360286,72.418692531986,72.6020131471419,72.79775706862918,73.0321363997453,73.27278586733887,73.47154767555544,73.69271990183933,73.8132385038374,73.97686511880235,74.00300464118945,74.13964526229442,74.17334252965682,74.19313300383448,74.19644143047137,74.18001752171264,74.1424446189101,74.13861716653781,74.06132007374268,74.01912956315424,73.98755602001914,73.95741981233249,73.92406215872732,73.91199416227181,73.91774908979906,73.91945657492025,73.93161069008816,73.9506539488534,73.97860016561712,74.02807802969156,74.07878533937841,74.11068319659351,74.19827123902417,74.30686644768325,74.40718137952601,74.47898234930028,74.5395797098566,74.54212343073118,74.51040743289383,74.43949682167407,74.33335247673209,74.20051963947472,74.03582187558756,73.8659842363999,73.70166058288294,73.53543627178355,73.37962009507702,73.23923928394193,73.11376223746716,73.0002750119387,72.91497155224752,72.82289424799575,72.74663880791698,72.67353589689823,72.59188040862661,72.50646900765965,72.4228362095197,72.33748014855351,72.24409067273662,72.1408053465068,72.04794079226231,71.91347863232727,71.769422081167,71.64796368968013,71.48878882068554,71.34570135204123,71.17496826886196,71.02454248159773,70.90455658842305,70.74629213988528,70.5940656720288,70.44600246724701,70.29901317814029,70.16781501828109,70.04860782703783,69.99996057272392,69.99732644598363,70.0587830217332,70.14870030891593,70.28263990301005,70.40251380705827,70.52262287605967,70.63039356129666,70.73287315804696,70.80429909803027,70.88857870318542,70.90642617344706,70.9263898259195,70.932288955046,70.93331831058215,70.92550680643878,70.92397436190855,70.93267031744396,70.95822686549205,70.96824095896187,70.98537195555541,70.99213112829949,71.05435571426464,71.17355816148884,71.28608959483915,71.40140679507653,71.4937144571934,71.53020479983674,71.5330422572332,71.48728446688658,71.38682916136833,71.24746745353451,71.07436836948659,70.88870825041008,70.70120248256266,70.51932700530317,70.33962381914665,70.1807541364886,70.04150644931583,69.9320761681483,69.80574654432394,69.70009971995113,69.59822620769056,69.49522277329648,69.38525434835933,69.27210155398718,69.15937506026526,69.04150253873091,68.94277313403744,68.79928312255605,68.63732254620321,68.45463081519881,68.28983994612429,68.12678062520862,67.94439071975792,67.77137308079293,67.6144196894464,67.46729493610047,67.34428333287379,67.18759777710653,67.05525802566706,66.92736197773127,66.81500948933575,66.73143721841222,66.61671170071007,66.52526225241027,66.43412947189735,66.34089228903339,66.24575472409093,66.14525879953591,66.03443500389528,65.94151961797863,65.76710451994322,65.57266805455855,65.37817284491892,65.16821008656878,64.96580720488936,64.76985301622588,64.63584531223901,64.52089621862801,64.45679160016981,64.4385787648642,64.45205471968369,64.56183703592838,64.66129119413723,64.79389637211538,64.96481605088178,65.1399281815569,65.30812967132667,65.48867015420946,65.68348721910876,65.88947477422313,66.10120610302336,66.30602456240015,66.49101593026028,66.65107665420228,66.81225200666036,66.96349943316721,67.12133307972954,67.26607507397028,67.4071062969226,67.58063976680884,67.71122777100837,67.86371479256579,68.01455702784286,68.19597370857356,68.34842579782331,68.49720913239985,68.66933770390851,68.84924345524168,69.01120336998589,69.19361575594846,69.34309600320925,69.53221794161624,69.69521679560096,69.84960877275576,69.99615201932188,70.13699091085714,70.27587979056183,70.38869359098504,70.53757431748386,70.65473025984983,70.76801710126279,70.90113672799284,71.02887593724802,71.1533522443987,71.27540176505124,71.39748163570152,71.52220854285406,71.6482231169417,71.77333023993539,71.89704094670817,72.0399475637678,72.16758056765357,72.29942661863149,72.43605202781113,72.56198972589591,72.7038970983304,72.87760353143887,73.03774286507995,73.20182312432719,73.37502436219134,73.55727150237189,73.7240648661932,73.86098335961712,73.97074688879766,74.05298099631476,74.10986566242542,74.1140583511732,74.07314866976499,74.04116976201753,73.97251690964745,73.90678869663112,73.82654498611592,73.76007186802397,73.69953607496184,73.65094851413747,73.62073293054857,73.60544698460085,73.60430923851268,73.62847284267285,73.70027463029297,73.77048251359403,73.83970554784182,73.8985739009816,73.92962168256014,73.90221401480385,73.83529632179575,73.72124643115494,73.5709396171133,73.34215320881044,73.14025385884645,72.89797681116544,72.66165685783739,72.4320600762573,72.19364276423562,71.96232982616667,71.74346689783508,71.5416263986555,71.35152601810778,71.17998596119519,71.03038725438213,70.88397455821061,70.7461112577671,70.5855625438334,70.42798135842533,70.2623223451089,70.08806378787378,69.9080752949535,69.73304602991838,69.54915145135752,69.39879758819549,69.21097537199122,69.01593437205577,68.81500314268649,68.64394147254013,68.43948103939275,68.22452118343519,68.01108443944354,67.77570679413598,67.52260562517796,67.27945131917726,67.00646900809956,66.73733405557205,66.48416091761113,66.2901147619278,66.17911512694752,66.14869325514839,66.1914829273766,66.31804189065019,66.52765975282063,66.7932166783086,67.11676301056411,67.46871929778831,67.84705974348148,68.24376463282692,68.65231852323666,69.04032219490978,69.4026169701486,69.70218459440775,70.00139784743206,70.31129294982236,70.57911266697452,70.85411139672291,71.109933386943,71.3776495632482
50.94539687911097,50.99749819629236,51.035783486605915,51.08356975184453,51.13606375301563,51.195343273474236,51.256344051150975,51.31072111681092,51.40352710129842,51.48950192819326,51.57210342850566,51.65362225548931,51.73061562018278,51.80400467827831,51.872766289798264,51.91969814290526,51.97833348893388,52.03303511343499,52.10390076730298,52.148132920435096,52.19376117711744,52.222793857170174,52.24801053038422,52.27040977993324,52.28719555794639,52.32590025535356,52.35491069352836,52.3941156088109,52.41482031539163,52.444597704600916,52.47387902941306,52.49892745619413,52.52338542813322,52.543395651023125,52.558237149807674,52.570420264445616,52.58311419593322,52.597438736598576,52.63305768897176,52.65729631478133,52.68653814363653,52.71826281768021,52.75079855215168,52.779163007336926,52.811576660561535,52.8383354574031,52.88794169796321,52.9653499507993,52.996109888630635,53.05682485284497,53.12035566686418,53.206764090468106,53.27652256979527,53.34731042743458,53.41317531315166,53.47127895059399,53.493891762733654,53.50433839519026,53.506920105373744,53.459169840051835,53.419701880183375,53.37348551300565,53.35251400496931,53.354849420099065,53.37654079108479,53.42999528498921,53.480040575494776,53.550120003607574,53.65991121991867,53.824112790529135,53.97919545744873,54.17195767973513,54.42159451438046,54.72051196371597,55.01934028190022,55.34036567094701,55.67061710447299,56.01068687437441,56.32209223086759,56.633352039613385,56.95257805962933,57.28437203549472,57.633077783349826,57.98831090139768,58.31597991770382,58.65603946855949,58.96275380563237,59.29944447567827,59.63589792838967,59.95885304441439,60.284356629682286,60.582050149309886,60.88900243759965,61.21987833402104,61.54269335134531,61.84160651502084,62.14534923052414,62.42015247268461,62.679722409577224,62.95979811658131,63.2445573413519,63.51396513980577,63.78926601478421,64.08437242549817,64.36469941961948,64.62132301052034,64.89213474175942,65.1351220320578,65.3863291411468,65.63828453922685,65.9009396208465,66.17233487414848,66.44015458841986,66.69944279616952,66.94965830883916,67.18165184335102,67.42212502760889,67.6558292337866,67.8849328828273,68.11496433487395,68.35353073916117,68.59356063483797,68.82602543796024,69.05467768986617,69.2656283510286,69.46894314806602,69.66003298380834,69.87717965001028,70.06972378301207,70.28526882326776,70.5097777435356,70.72586250132822,70.93678815076494,71.14145011717476,71.32190270042857,71.51252484561162,71.67120287622753,71.85126445142657,72.00927139357137,72.17583042173595,72.3268007637134,72.52679811490266,72.70990074014065,72.9072998119825,73.13845484564939,73.37331280385051,73.55232971577021,73.77208232756604,73.8691935946726,74.02979006616631,74.03409217769234,74.1672305642299,74.18975101678676,74.19865452417557,74.1913298072921,74.16776671776421,74.121407339641,74.11353090481398,74.03064512853162,73.98663519442638,73.95306756660126,73.92328552039554,73.8971149104918,73.8865922285536,73.89377125865367,73.8988069994259,73.91272623199849,73.93566134718314,73.96688611530905,74.01709676226203,74.07011754675018,74.088503429017,74.17353010228213,74.29391136719704,74.38787053660836,74.43612529466972,74.50351142143778,74.49611423754368,74.45443680320548,74.3751135566034,74.26205843457568,74.12502145936278,73.95901502714668,73.78968391689703,73.62735707483797,73.46468218876736,73.31318051927573,73.17751945306105,73.05624999834058,72.94678319545837,72.86274095413943,72.77482975356402,72.70008225393006,72.62709124679795,72.54526575768504,72.45885855413027,72.37315062435309,72.28477712112549,72.18812034347646,72.08165395416023,71.98707705216727,71.84862979045975,71.70122523281536,71.57956747756539,71.42127159471244,71.27876616020392,71.11177106868845,70.9644606678264,70.84613849495467,70.69307876728568,70.54718402489249,70.40653518820798,70.26817798341085,70.14650941890474,70.03827019347396,69.99921487113232,70.00452580794517,70.07329305853143,70.16811574437294,70.30495453923305,70.42459398082575,70.54186322643804,70.64501666727085,70.74147017622984,70.80695347259014,70.88585717040473,70.89775150925124,70.91364384368892,70.91671292127818,70.91635252569863,70.90966863717563,70.91019006289918,70.92096571432346,70.94743287576931,70.96097097648257,70.98163206245265,70.99164907628266,71.05450002726106,71.16935826474898,71.27717152270216,71.38626415217645,71.46723029958552,71.4940046993733,71.4842710739858,71.42580589496384,71.31790161888809,71.17228605239019,70.9968478927992,70.81036911052783,70.62551820187035,70.44711950416769,70.27147381135168,70.11676696452878,69.98129819057147,69.87266563477587,69.7508565200962,69.64719652757385,69.54650780537898,69.44357906335539,69.33227734029694,69.21647154531229,69.10048492121035,68.97925191697858,68.8794781294132,68.73284405470112,68.56807581159417,68.38343942054793,68.22134214808112,68.05762612129305,67.87715960836009,67.70639099977302,67.55224619408658,67.40821891477067,67.28614476362176,67.1344619790355,67.00411407392995,66.87885002948367,66.76789986209448,66.68552265675706,66.57049463309981,66.47856066027902,66.38637923531378,66.29158586884901,66.1944359742835,66.09151977194286,65.9778722797734,65.88373608502953,65.70719064940774,65.51010297057323,65.31673235839337,65.1108420642828,64.91585267198357,64.73156013440602,64.6101927333841,64.51007876781297,64.46022957519428,64.45536722248647,64.47955830659717,64.58552036913149,64.70750718499205,64.846831246026,65.02370066020389,65.20123130398758,65.36999132374004,65.54991711144658,65.74329603281414,65.9472295272814,66.15647829030878,66.35865880754686,66.54120972671728,66.69992427704119,66.85926912835545,67.00914061897018,67.16547129764037,67.30984832310729,67.45132356517806,67.62408140085216,67.75717904822791,67.91090771624546,68.0634926352823,68.24518128052236,68.40043162723651,68.55255496157007,68.72608157723813,68.9056727279495,69.06866053840805,69.25129498593833,69.39883105296155,69.58446989101533,69.74565503000736,69.89798195150551,70.04244722940534,70.18133801963205,70.3184913130605,70.43192534520023,70.58101716707803,70.69603426306458,70.8075004243805,70.94088409455465,71.06856259569555,71.19361282204123,71.31651213536566,71.44029047365451,71.56672866083332,71.69448932988581,71.82152363927946,71.94740028619316,72.0907150892301,72.22067547827527,72.35496981147294,72.49416145026825,72.62392314337005,72.76588990623107,72.9290565751186,73.0864090728703,73.24652945305037,73.41455829919602,73.59805288283005,73.75300093652845,73.8798663419104,73.97676362628742,74.04603249729487,74.08868021043445,74.08517003723878,74.03818711396535,73.99876628000241,73.92765129189047,73.86069224615184,73.78400534476164,73.72045809487517,73.66295107525397,73.61776311747802,73.59084954460599,73.57877270939842,73.57995555093822,73.60610673862762,73.67616835012664,73.74490596445143,73.80868071958936,73.85873579768806,73.87853944025154,73.84187216625207,73.76415266245296,73.63988149922335,73.48034900055703,73.24512481729992,73.04112927065113,72.79734413920521,72.56294773939845,72.33476488618682,72.09957502171159,71.8711111872591,71.65550970898616,71.45713421897625,71.27044488240894,71.1019237556342,70.95470382541775,70.81065919157476,70.6740600850625,70.51408378354877,70.35605827546449,70.18941565002764,70.01363820713988,69.83167902840395,69.6541341569275,69.46751434452881,69.31657775263048,69.12642932707534,68.92904310809469,68.72664008990182,68.55646341932446,68.3519816059506,68.13796381831341,67.92611248532394,67.6939266740542,67.44544489193504,67.20679079367456,66.94260873827199,66.68454257803462,66.4442875535546,66.26700377947544,66.1745769452441,66.16493780292275,66.22785410089524,66.37162795403586,66.59487657837929,66.87085185523702,67.20041354952095,67.55589310853557,67.93517228943915,68.33067844950214,68.73507900621168,69.12004936598534,69.47779866668301,69.77451813759039,70.07026097950839,70.37914131677375,70.64708003548182,70.92317388881763,71.18215013756875,71.45231211226641
50.95497913299005,51.00914211085165,51.0519048537002,51.10170265070597,51.15248309819493,51.212873191866045,51.274926130486044,51.321831182415465,51.42486006930491,51.5101908837118,51.592166787102116,51.67259023247207,51.7481980261358,51.819709144473585,51.886262176793124,51.93275638225567,51.988938887753314,52.04108597574018,52.10685801489793,52.14885260356368,52.19666130768989,52.22355493734747,52.246851284886205,52.26743747565488,52.284030113181565,52.321167476507064,52.34914398702886,52.38821379188304,52.407751120280764,52.43723174653452,52.46580793856084,52.49149804117594,52.516492979313966,52.53746629812625,52.55388003180751,52.56792788849935,52.58235570322222,52.59850092785969,52.63285114746201,52.659418979667144,52.69140465897514,52.72582993586525,52.76085972834098,52.79233277030848,52.827535467673606,52.855492315410785,52.90612750787184,52.98375406911011,53.01643720314476,53.07748800886687,53.14124350208169,53.22435064499301,53.292208384101066,53.35976014655554,53.42149303086324,53.4771358186452,53.49656605675039,53.502834214372236,53.49953772605666,53.452775970721426,53.41261473581148,53.37098440481157,53.35770282477335,53.37060207114169,53.40451534053142,53.46943498513981,53.532353887525105,53.61505669428876,53.73716549635506,53.91320957786368,54.072851464618694,54.27453443124261,54.53224416164116,54.838190862974876,55.148574916698855,55.47363377251409,55.806188649145284,56.14698111761457,56.45885997492273,56.76986903763854,57.088250466335836,57.41882310094415,57.76611824125356,58.1197831671766,58.44574006131641,58.78443804399523,59.091443642602606,59.427136380772865,59.76294564226081,60.085549210861885,60.408857643336745,60.706735273314926,61.01402382069804,61.343870502821225,61.66684730773002,61.966058457501326,62.27056088727473,62.54616179255373,62.80691192027652,63.087908769219645,63.373745345322845,63.644969252414,63.92078638325745,64.21680142673488,64.49812191003744,64.75840915454178,65.03039597924887,65.27413547321078,65.5261939306701,65.77872079321229,66.0418723776424,66.31110022303352,66.57956265682097,66.83839643790448,67.08852850914445,67.31775671834372,67.55714979195464,67.78966978059123,68.01747354998393,68.24607953680277,68.48312195140949,68.72561612011076,68.95546668745051,69.17927346962003,69.38743215535452,69.58844030616056,69.77771218117356,69.99415323879835,70.18714529252975,70.4018279573229,70.6252565122732,70.84036472003388,71.0498745892377,71.25430270617848,71.43425656002574,71.62075516236118,71.78240723634293,71.95982922166385,72.1174388948664,72.2839775535333,72.43830682767485,72.63514331350873,72.81764910423338,73.0167950365954,73.24410911060737,73.47244135260217,73.63221801261722,73.84878145400418,73.9243043850806,74.07958440322665,74.06591278210608,74.19227280972642,74.20426989618264,74.20309618698798,74.18605126777005,74.1565619152045,74.10244667882095,74.08902783328726,74.00225475102741,73.95660407239788,73.92080493563536,73.89117717674861,73.8727964251228,73.86338453587355,73.87124472549544,73.87938061281899,73.89458868368706,73.92119711841288,73.95542981098787,74.00567074312899,74.06068769951911,74.0666903189532,74.14870731579417,74.27949074646247,74.36671751674784,74.3922424488146,74.46557979699939,74.44892900092171,74.39796863297595,74.31093874023368,74.19159662276121,74.05075883108852,73.88385830992034,73.7152004872233,73.55478116990982,73.39541251642008,73.24786455471101,73.11653528831472,72.99908031325216,72.89336912008635,72.80991861206503,72.72625386811472,72.65279861500213,72.57970045776706,72.49779126103303,72.41060315761094,72.32299407475276,72.23171179706277,72.1319761338127,72.02263002078561,71.92629447943533,71.78449446623435,71.6343453561313,71.51230508396469,71.35524933209709,71.2131785864786,71.05029295838007,70.90602936508762,70.7886758284155,70.6407676591166,70.50115176762273,70.36801874345176,70.23841847517589,70.12637634424297,70.02955114513381,69.99997451127395,70.0131440157826,70.08882497910813,70.18828933218063,70.32732986016582,70.4467167003008,70.56108925400738,70.6596586660877,70.75002411564739,70.8098584983583,70.88309787229767,70.88988616061533,70.90214195704262,70.90273817880792,70.90114206377906,70.89581235350875,70.89837619162095,70.91095355449522,70.93762383862585,70.95450717837892,70.9785037725528,70.99221088101231,71.05533274371459,71.16472871829366,71.26732613273758,71.36967443037712,71.43900882381789,71.45677844699198,71.43486408678463,71.36398021391746,71.24945701957382,71.0981349678642,70.92077544340239,70.73348123210565,70.55131136110835,70.37613960599005,70.20420919399481,70.05330908499593,69.92127666215212,69.81262101052215,69.69545085104185,69.59353398515712,69.49387756496814,69.39100968511858,69.27853649495367,69.16029477230019,69.04127380407577,68.91690875577349,68.81581455619293,68.66661704241504,68.49956629114085,68.31347478660665,68.15421459794942,67.98956386604118,67.81118803486565,67.6426821776861,67.49121460904863,67.35006961015333,67.2281466984958,67.08169925603225,66.95300738472153,66.83031006998122,66.72061703216832,66.63890330219094,66.52393782696855,66.43145587992187,66.33820919969662,66.24191776485175,66.14289199491718,66.03776955806183,65.92157934584554,65.8258351552587,65.64816303163592,65.4492779661728,65.25744598928678,65.0560534197062,64.8687312438321,64.6962912253302,64.58709279840734,64.50172781538618,64.466018364085,64.47439278082416,64.50946311517106,64.61104417423908,64.75532331746645,64.90112431631911,65.08341620054715,65.26304246947765,65.43217513132201,65.61136544185274,65.80320909409826,66.00501066125278,66.21173746721584,66.41130829969194,66.59160161720352,66.74947368257384,66.90722538217953,67.05598508915256,67.21081314716047,67.35500114990207,67.49710589442851,67.66856151005416,67.80448985497111,67.95922614522048,68.11337158487777,68.29467886650961,68.45279386440039,68.60850682304273,68.78327285456125,68.96214795723918,69.12616945040675,69.30861554173931,69.45456130407538,69.636150962672,69.79554625273634,69.94589224093967,70.0884367543848,70.22558279332097,70.36121178800724,70.4760745697477,70.62525886019237,70.73852674209162,70.84856261780399,70.98219606635556,71.1098312472401,71.23548873559108,71.3592146263302,71.48468576080364,71.61271948385361,71.74204332691099,71.87082543210614,71.9987301268769,72.14185365290095,72.27402328945024,72.41064657680865,72.55228653863674,72.68615573067632,72.82821491269061,72.98058885389612,73.13512068657421,73.29119543142413,73.45380955318895,73.63782535064064,73.7806957607322,73.89773611684008,73.98211621978027,74.03871191335325,74.06704094977212,74.05667792755972,74.00459260307296,73.95740289428929,73.8841674213736,73.81600158816713,73.74337888022055,73.6827792770396,73.62809024272906,73.58601889992939,73.56206497493365,73.55280711590228,73.55606934300964,73.58387200373811,73.6511458888814,73.71784550016524,73.77556086210276,73.81635313515893,73.82468686990192,73.7791900090025,73.69129316468097,73.55755618025238,73.38895162843204,73.14876033411339,72.9428594149401,72.69801369142019,72.46575565465083,72.23875846447241,72.00671013746978,71.78081832411627,71.56823861369844,71.37310556191068,71.18956113730945,71.02373205572525,70.87849498258066,70.73651163530167,70.60061416373516,70.44125643362568,70.28276055243497,70.1153303002383,69.93836180765413,69.75479361789078,69.57500930593287,69.3859047462558,69.23401417595225,69.0420998483779,68.8428846058025,68.63958109220117,68.47003361099091,68.26557059905875,68.0525805005339,67.84242233918087,67.6136696142987,67.37012901639514,67.1358913335788,66.88101329434079,66.63458355369117,66.40776886357196,66.24752222992953,66.173705212678,66.18470291826398,66.26750854979917,66.42816654652604,66.66457347690961,66.95050349557134,67.28548507370395,67.6440196750001,68.0238731792162,68.41792957637878,68.81794419202068,69.20002239678564,69.55341595519295,69.84807417484237,70.14086925461687,70.44842016307197,70.71665898156549,70.99385715354084,71.2562721117373,71.52853113157798
50.965443128012765,51.02116580939089,51.06864396725426,51.12031565991372,51.16905878046518,51.23037720781295,51.29339294811211,51.33347574969989,51.44580419870656,51.53034197847358,51.61160015698312,51.69086396383234,51.76506429424921,51.834689475510814,51.899052363015954,51.945710969164864,51.99960478740723,52.04935558041713,52.10958233185116,52.149570820229236,52.199908295909445,52.22507521849492,52.246862033827405,52.26601430189706,52.28298755268981,52.318380801838615,52.34536570193177,52.38411147455079,52.40263598027739,52.43175989688379,52.45945300866297,52.485764300085926,52.511165612125055,52.532968869207664,52.550894696811255,52.56680794310386,52.58297265272635,52.600942388845176,52.633356244380316,52.66215115313022,52.69674050575017,52.73372252625992,52.77111443584209,52.80575255402509,52.8437608705977,52.87308303885859,52.924482067572235,53.00143535556502,53.03664790811637,53.09795078648463,53.1619744528044,53.24121983086271,53.30724364130178,53.3716021254778,53.429265481036055,53.48255953098147,53.499522364791055,53.50218376388151,53.49315994142809,53.448556399502806,53.4082243542532,53.37174786798226,53.36627369594147,53.389628759355446,53.435565078527745,53.511374080886114,53.58701519991946,53.682210578847105,53.81647324425444,54.004153826117275,54.16845479535835,54.379058056794534,54.644591840810655,54.95700720256009,55.278665051377814,55.607529887204656,55.94213612039876,56.28315157256743,56.59541136212956,56.90614183813252,57.223685505004106,57.553052537204685,57.89892709021156,58.25097368969541,58.57519478693527,58.9125583235184,59.220424084752494,59.555145714731324,59.89034922885523,60.212643965357344,60.53324017414498,60.831429172287464,61.13919154510394,61.46771762227607,61.79084556263365,62.090397170813034,62.39568287609914,62.67211670307547,62.93414186256096,63.21597885656074,63.50278625618726,63.77590863351429,64.05207001941699,64.3488655675317,64.63109377544178,64.89551188844389,65.16857807508745,65.4133301537199,65.66607036759996,65.9189890144585,66.18246591195651,66.44894795214482,66.7180047434318,66.97623042114228,67.22627462776126,67.45300128480204,67.69139047610835,67.92282525034867,68.14944685435671,68.37675647728528,68.61240453738965,68.85778610972525,69.08516880287738,69.30390423905037,69.50937040515731,69.70821718282632,69.89587656487167,70.1112197098047,70.30512808497147,70.51909986724735,70.74149545243651,70.95568662009887,71.16373834239435,71.3680970744134,71.54766917289527,71.72947294752203,71.89479667970959,72.0692325250563,72.22639632711874,72.39281527090483,72.55093359620832,72.74372510327821,72.92522692372239,73.12621252530938,73.34903915667792,73.57008358634027,73.71145732547902,73.92272482739051,73.97898635358081,74.12621371599604,74.09913048964249,74.214841950852,74.21703455539486,74.20666164066701,74.18087291069583,74.14673126137185,74.08596596743614,74.06526337394807,73.97646400951164,73.92933436745518,73.89103006344963,73.86131225651152,73.85131480866904,73.84252393968357,73.8502488000111,73.8612203856004,73.87719701309491,73.90723065905588,73.94417355673704,73.99369770011963,74.0503746367119,74.04556576453807,74.1241624901318,74.26350687026282,74.34364025387113,74.34776170274152,74.42577741370297,74.4006438856238,74.34115052957337,74.2471747713717,74.12220269828516,73.97796721569406,73.81057694761265,73.64272973073254,73.48408341507862,73.32772517909848,73.18371546232076,73.05627990582902,72.94220534039641,72.83995916460493,72.75638910986429,72.6770549611392,72.60466994700818,72.53124531783335,72.44936219806081,72.36164321467369,72.27234068449435,72.17828682487563,72.07569132229239,71.96380017886231,71.86565218384604,71.72118583710038,71.56894198331148,71.44630340965291,71.29085418869303,71.14904099336631,70.99063406985132,70.84931976478535,70.73217436185882,70.58933540885124,70.45591716233912,70.33038428682518,70.20965196944138,70.10732060444815,70.02236790350612,70.00213974356609,70.02308847296713,70.10527228260996,70.20911985176818,70.34963883315312,70.46879527897877,70.58025251812573,70.67431253424799,70.75855719273018,70.81308215251785,70.8803555515117,70.88295985555493,70.89204031462234,70.89053276313241,70.88784491838814,70.8840826378613,70.88864698329729,70.90270414351566,70.92880573328408,70.94882624232291,70.97594001455683,70.9938030379064,71.05682869763312,71.15960040599975,71.25648808460197,71.3515716283372,71.40901678347731,71.4185837840948,71.38494307117512,71.30197012983399,71.18170689343043,71.02524199716605,70.84636883230701,70.65822098430604,70.47871498720318,70.30646507042177,70.13785409116939,69.99035947648774,69.8613862073356,69.75183468422208,69.63942752239154,69.5390011947209,69.4402258656072,69.33742024462015,69.22396967606923,69.10354763897963,68.9817551161317,68.85451883764574,68.75180369598995,68.60067447923348,68.4319079178939,68.24488212574327,68.08858360606418,67.92268619315122,67.74655852159474,67.58030922907892,67.43135839934473,67.29284778163783,67.17022791374806,67.02924912420741,66.90185185193404,66.78165109004614,66.67306635822017,66.59145258558492,66.47695999367075,66.38387883255828,66.28956774032353,66.19185988532033,66.09112288587009,65.98404021335546,65.86562248532482,65.76784947921966,65.59013046699482,65.39036337424945,65.20048811996777,65.00401009197012,64.82457887378031,64.66414013971416,64.56655900765769,64.4958098837015,64.47409051472911,64.49556609085425,64.54169965189311,64.63869663934895,64.80463219733934,64.95666926377288,65.14383242076964,65.32523927249893,65.49457833515163,65.67293667035922,65.86317261438447,66.06278768167756,66.26697441691476,66.4639836583627,66.64222664932714,66.79979931356402,66.95621258173473,67.10413956660994,67.25745953400853,67.40163591789363,67.54455393852326,67.71413263993601,67.85321551154479,68.00869558206958,68.16419447570591,68.34441700846976,68.50545833413527,68.66501954250339,68.84085552498453,69.01859310088659,69.18365917754653,69.36548385430815,69.51024059442939,69.68719761937729,69.84484515208668,69.99331592915978,70.13412159489279,70.26975136318347,70.4040898239468,70.52124503861353,70.67038545168977,70.78232663520211,70.89135284429932,71.02520950528482,71.15281071588292,71.27909928413008,71.40361386567652,71.53075648226076,71.66024735576505,71.79092518819874,71.92125062330608,72.0510243039143,72.19331098092519,72.3275555509588,72.46637402626193,72.61033189100786,72.74860580371842,72.89080707021924,73.03235019150151,73.18407687906173,73.33605531294258,73.49301002208144,73.67656230631076,73.80715767496308,73.91465355735536,73.9869362052331,74.0312056699477,74.04515351621728,74.02884236989865,73.97267325470102,73.91733776458672,73.84230849327597,73.77292391905577,73.70486078896661,73.64719305577572,73.59506406270542,73.55578076909958,73.53440126011958,73.52753219921726,73.53261477858513,73.56171228290985,73.62509721149014,73.68917459387434,73.74021574456351,73.77131342542498,73.76798907112357,73.71415553738586,73.61678219993796,73.47440633712792,73.29688889788498,73.05329534050894,72.84565124364258,72.60018888119153,72.37025568909155,72.14416559383307,71.91513375999929,71.69149314477862,71.48165991308656,71.28951731426585,71.1088251948879,70.94533595365445,70.80165958529832,70.66141293866671,70.52562252152467,70.36694770636454,70.20797101467163,70.03998211100256,69.86219284918508,69.67742013365836,69.49570698228608,69.30438656728077,69.15113598945393,68.95806277826993,68.75757552874252,68.55398232672741,68.3847698845831,68.18035504751337,67.968467853013,67.76009992352404,67.53501407267669,67.29672962112471,67.06679165171612,66.82171949620967,66.58749495174904,66.37464489765678,66.23168850387889,66.17648697513162,66.20793314125727,66.31035114048552,66.48753225452157,66.73660207862672,67.03201450729743,67.37182282529331,67.73296222143566,68.11305437859485,68.50544236827513,68.9009036660393,69.28023545810906,69.62950158212728,69.92295191375938,70.21336445738051,70.51923507764735,70.7879523581495,71.06624493440974,71.33237858187405,71.6063429238206
50.97677096877897,51.03351130743258,51.08595141018162,51.139351186653386,51.18573014195722,51.247787875975824,51.311677065269144,51.345861343754315,51.46627831484992,51.549877860659635,51.630334307840165,51.70838637420116,51.78117217802414,51.84891881371083,51.911126243360044,51.95860177043874,52.01039492517158,52.057929762877535,52.11214453241587,52.15038109339692,52.20360397249601,52.22748972885402,52.248208504024525,52.26633278210422,52.28429467608642,52.31774891963419,52.343781160094025,52.3819866492151,52.3996595071298,52.42835246985403,52.45496347431359,52.48186166661007,52.507518075914156,52.529996351750235,52.54935609947152,52.567121867810684,52.58501505491747,52.60480293021416,52.634567636718884,52.66547145040618,52.70250533284155,52.74188374423771,52.78149223919033,52.819351372709086,52.86018084405623,52.89105518558713,52.94293945313034,53.01826858420163,53.05666895121737,53.11814509176183,53.182495747885284,53.257302991671665,53.321584192247514,53.38281870295656,53.43650406828836,53.48757962312077,53.50285712307741,53.50253774241565,53.487959676210984,53.44674800618675,53.406792261503384,53.376039297577535,53.37844757954344,53.41208648515647,53.46977885853049,53.55581796806176,53.6439789170486,53.75149449363167,53.897713565679695,54.09679923628879,54.265903884600846,54.485434256049665,54.75853834773599,55.076837327062044,55.40944162966643,55.74189593904914,56.078313807673595,56.41904826649714,56.731619036088496,57.042069163055544,57.358808654898546,57.68701053725497,58.03147421630218,58.38186576989021,58.70433902529052,59.0404076178945,59.34974574867932,59.68352812887428,60.01816718283042,60.34019671894838,60.65752930471942,60.95616052197153,61.26453759525825,61.591428752085555,61.91469075556338,62.214622711691895,62.52071137143568,62.798009967441516,63.06140458638094,63.34399002636829,63.63164976458388,63.90675227212324,64.18307202081056,64.4805092134384,64.76355160819982,65.03259087156837,65.3066330014462,65.55267925401185,65.80591909796958,66.05903790213779,66.32265865112812,66.58578719370227,66.85538881191164,67.1128476645728,67.36280356566208,67.58732918142461,67.8248040682129,68.05526697204246,68.28083909162446,68.50699652716476,68.74139426251234,68.99010359870181,69.21518370433093,69.4286216735978,69.6315096556549,69.828355285149,70.01462329166957,70.22843931618142,70.42375655163093,70.6371741812956,70.8585824485982,71.07191467410917,71.27845885964757,71.48291683549246,71.66222581537762,71.8387295112013,72.00845374823936,72.17953368255408,72.3361940123589,72.50238118506472,72.66473226003491,72.85254045968516,73.03260288291003,73.23552206096585,73.45318494591989,73.6661515778112,73.79029241373824,73.9938250582454,74.03363247091846,74.16977529181426,74.13408374468244,74.23515801152061,74.2282449472314,74.20955357012944,74.1760051283851,74.13840521272583,74.07203384592212,74.042415597975,73.95335644463294,73.9049075946418,73.86387305486689,73.83383464394285,73.83272209755091,73.82409360215243,73.83085625893852,73.8443686729234,73.860550189665,73.89373136562541,73.93305965664001,73.98107536106103,74.03905719735539,74.02545166390759,74.10025523586657,74.24586202338122,74.31855668190501,74.30311094745713,74.38409684871014,74.35133505640854,74.284130100366,74.18402404882421,74.05411231814406,73.90688207422161,73.73939616392767,73.57246743077869,73.41541435732458,73.26171810115923,73.12077650304289,72.99674642172992,72.88557723796778,72.78647970779647,72.70203703137705,72.62712140212881,72.5555783058232,72.4816076150246,72.39988384815864,72.31191912189048,72.22116457735356,72.12450485307438,72.01929918746245,71.90523106086978,71.80520927517887,71.65881708050712,71.50517464655256,71.38168935540497,71.22821832035379,71.08645574336803,70.93289453501666,70.79440305832338,70.67663986833786,70.53875860996264,70.41142847116113,70.29356297217514,70.18179578221326,70.08924700967262,70.01663769007959,70.0056108184261,70.03426658296996,70.12252846818356,70.23050608256476,70.37175442553965,70.49074303035505,70.59930457815115,70.68897124825257,70.76709162390881,70.81669241225191,70.87768495069432,70.87710232208562,70.88349506506978,70.88026470974873,70.87661908309057,70.87462417265647,70.88111667315144,70.89628778694113,70.9209845389665,70.94390484598657,70.97389371716586,70.99641204238291,71.05896272302464,71.1539042117441,71.24459203795195,71.33188974471537,71.37722093215065,71.3794784520837,71.33462980270265,71.23993834880005,71.11486277046284,70.95383493750519,70.77384587052383,70.58476473629145,70.40786210708136,70.2381736571142,70.0724326269688,69.9278971176019,69.80157116939978,69.69019904471048,69.58268451937592,69.48348725828514,69.38544308644529,69.28271634789434,69.16851474738327,69.04620654937933,68.92194226464818,68.79212794512553,68.68746683041765,68.5350887586921,68.36521462490394,68.17780665032608,68.02457548276037,67.85708543632124,67.68335359086763,67.51933476849834,67.37271102998699,67.23655418861352,67.11232718563073,66.97705109967164,66.85056136945981,66.73278208050061,66.62515319891291,66.54304393781007,66.42947984456086,66.33576043940762,66.24040323247215,66.14138413853345,66.03912874702033,65.93036379328626,65.81006798142431,65.70981170746593,65.53320175585148,65.33352952769542,65.14603313280502,64.95487802020585,64.78353151517354,64.63520072827366,64.54860486148415,64.4922914951129,64.48437857501379,64.5187978035537,64.57619842325109,64.66876595255876,64.85532643038972,65.01335976916555,65.2048190697294,65.38769930752332,65.55709817630773,65.73455232189745,65.92313280509617,66.12053009409601,66.32217992257561,66.51669550308638,66.69311987069628,66.85097561277556,67.00632254062313,67.15371077423809,67.3055113639032,67.44985499062093,67.5937683513117,67.76084733601901,67.90341133825585,68.05934152937152,68.21596190684338,68.39434624833733,68.55837086126155,68.72204794563754,68.89877357761473,69.0749321166676,69.24105879139204,69.42180635460154,69.56582276190231,69.73754632392223,69.89350641635706,70.04022930426736,70.17950275156178,70.31386986047916,70.44717402942392,70.5675405257838,70.716482996433,70.8275528806672,70.9360202666324,71.07006127323176,71.19762982562533,71.32456376674006,71.44981448113622,71.5785916231377,71.70937862041772,71.84117499393052,71.97281421776981,72.10427665246024,72.2450347994477,72.38120381258125,72.5220692714562,72.66820210547287,72.81119167839998,72.95360133132705,73.0844904116647,73.23347682320289,73.3813433510999,73.53239160378494,73.71423715034757,73.83239501537976,73.93067953640549,73.99135511860288,74.02370019253597,74.02322354554887,74.00192371201827,73.94273718646284,73.8788290506034,73.80231770277666,73.7316664351965,73.66864626747383,73.61385707234187,73.56398302050134,73.52711363259662,73.50788043875181,73.5029299544481,73.50955602152293,73.53957122104848,73.59791228288572,73.65876671871762,73.70251513615298,73.72350418051701,73.70837114352871,73.64675674573311,73.54068413968206,73.3905678327358,73.20430220606262,72.95896541774466,72.74971170868768,72.50407312190039,72.27662292821765,72.0511110569876,71.82493153778924,71.60317755728661,71.39577990826517,71.20634636284879,71.02818746722285,70.8666605416079,70.72409649299829,70.5852441509453,70.44893418617073,70.29102481406566,70.13157248750936,69.9632868975821,69.78508959150112,69.59955964595109,69.4162626913387,69.223023718346,69.06797232442865,68.87439395912247,68.67323254047824,68.4699999706233,68.30079007714468,68.09644198011074,67.88572249866696,67.67923116086327,67.45803850699531,67.22531832869011,66.9995304609125,66.76476416378243,66.54331474141557,66.34495570580269,66.21952099191236,66.18290927848727,66.23457301198782,66.35628673935138,66.54959966442331,66.81081401374576,67.1152277984012,67.45927204646917,67.82258397209608,68.20260785335738,68.59314118000944,68.98394701364312,69.36068272075396,69.70608829393487,69.99925056193713,70.28788837242237,70.59169164943027,70.86106301815781,71.14042097494142,71.41054882040434,71.68578379163195
50.9889447598886,51.04612062049917,51.103777765395876,51.15875163811055,51.20243652480196,51.26503775101554,51.3297110431972,51.35919448966886,51.48620124308149,51.568721178450964,51.64830000936473,51.7251003882095,51.79647943096178,51.86237030139445,51.92247321271872,51.97146865288321,52.02137303832232,52.066894358533105,52.1146154308452,52.1513769460319,52.20785016816948,52.23093349666616,52.25105642229424,52.26858543972082,52.288178282986784,52.3194805181798,52.34459568337258,52.38201730827692,52.39900631258633,52.42717977965055,52.452488570106844,52.4799255744342,52.50566512002899,52.52864173323689,52.54933919444083,52.56893110217135,52.58853292026749,52.61012236262573,52.636479981469954,52.669358486730694,52.708658789129245,52.750256745172265,52.79192270292101,52.83305824058273,52.87672336277154,52.909356313437044,52.96143374061212,53.034128529057554,53.07642728011967,53.138002830762105,53.20275461617736,53.27253147101435,53.33518588778843,53.393392217747,53.44322019723847,53.49222563058104,53.50666676783121,53.504046848672175,53.48410985512829,53.44758767056404,53.408579983556834,53.38412208865724,53.39444543664908,53.43813224896078,53.50724553399633,53.6027720425004,53.70319944328334,53.822821274991526,53.98076556269379,54.190999509377114,54.36509716727933,54.593568728666725,54.8739844782643,55.19755758107114,55.54073559529405,55.87657385207796,56.21457600040998,56.55452122666791,56.867355640400056,57.177549734367894,57.49354539528352,57.82064729407365,58.163729505603754,58.512442708697016,58.83316770711236,59.16799323788905,59.47945925098041,59.81233927452234,60.14645799884381,60.46826688268252,60.781750117672416,61.080957998111174,61.39009395560182,61.71501295194959,62.03838552602642,62.338735136873716,62.64564254772267,62.923834348843435,63.188692441686726,63.47192392640604,63.76030556115148,64.03746915725752,64.31374748498585,64.61167673000465,64.8954320006788,65.16960576325687,65.44451273049614,65.69215595451334,65.9457007678121,66.1988161554224,66.4623890224966,66.72152707992568,66.99162282591979,67.24815108688583,67.49802222381928,67.7206840469101,67.95734755641122,68.18696627465611,68.41163655746612,68.63680105728452,68.8701068921882,69.12260158206074,69.34556331190123,69.55347744870302,69.75391646206523,69.94893612021438,70.13404951833407,70.34587231108057,70.5431150838018,70.75614052772215,70.97660538533081,71.18913535465067,71.39411559040995,71.59884560302854,71.77801176381331,71.94857616350613,72.12346098384411,72.29079201510723,72.44688227261737,72.61271290722713,72.7797540098756,72.96158635820369,73.1397456660986,73.34469342640634,73.55648644128222,73.76056225847269,73.86896402849267,74.06222987936478,74.08848374828342,74.2107522709521,74.170585516493,74.25364581132979,74.23820914850737,74.21197295169385,74.17156721025829,74.13146616782105,74.06043450954323,74.02067633658403,73.93288673162016,73.88326540225631,73.83935186307998,73.80879979547223,73.81679322287722,73.8079669436981,73.81309417770626,73.828849882424,73.8446751434697,73.88067500566758,73.9220307898869,73.96770145378034,74.02661422047638,74.00666991519773,74.07734516356992,74.22645849060096,74.29138473477616,74.25871807396805,74.34053067918248,74.30107867803446,74.22705495272201,74.121688971398,73.98756113933436,73.8377388677133,73.67054108341142,73.5046090271525,73.34892451019887,73.19748920678255,73.05909093781533,72.9379279521435,72.8291481641608,72.73285712844319,72.64674696044324,72.57634156057487,72.50540574732219,72.43066913736857,72.34926149071676,72.26137127583333,72.16943987710596,72.07036853016933,71.96283300786999,71.84698929928747,71.74502486321326,71.59750137390392,71.44320287805125,71.31858982199584,71.16747388293292,71.02552519898481,70.87717448579053,70.74135043710562,70.62207812090587,70.48901385592401,70.36763395620832,70.2574859533485,70.15476722949752,70.07206037006881,70.01227772634289,70.0102879862713,70.04658574926228,70.14048703497558,70.25234680399949,70.39354960467017,70.51247326792502,70.61819699344167,70.70362778460229,70.7756496256138,70.82075725474354,70.87514081249307,70.87244328822301,70.87666235702665,70.87210205415394,70.86762255145106,70.86758164031748,70.87589949640673,70.89177479032804,70.91416623489557,70.9397196670419,70.97231780908092,71.00002438985977,71.06170965389703,71.14757101940363,71.23157265244411,71.31056277817024,71.34358802342472,71.33952019236065,71.28404605691274,71.17804757690217,71.04913617930492,70.88414133898746,70.7034239306446,70.51328878037644,70.33888574766937,70.17134312571885,70.0079689254864,69.8659009869361,69.74177589162244,69.6276064808223,69.5251198272257,69.42688127786982,69.32941960663156,69.22680360097519,69.11210957263552,68.98824790752808,68.8618486568954,68.72978186074299,68.6228252410894,68.46993227432655,68.29960034522162,68.11239357272335,67.96231653837293,67.79285392924947,67.62165576500449,67.4598214104911,67.31530596598759,67.18118959046978,67.05438329039588,66.92504469853569,66.79904983119108,66.68361203216686,66.57678291290944,66.49355078973744,66.38141609099338,66.28703162168934,66.19066405142021,66.0904624327699,65.98690967824598,65.8767723533169,65.7549821173571,65.65175449055107,65.47748569857299,65.2789467594029,65.0942554101671,64.90882314354461,64.74572512135708,64.60956684172439,64.53324386023571,64.49113917197427,64.49681509282618,64.54399856989946,64.61288993573272,64.70154030196623,64.90729862239647,65.07108951327523,65.26624589628447,65.45030016902267,65.61963189586932,65.79613392139878,65.98303587765676,66.17820740404835,66.37734476736863,66.56945445339029,66.74431632891908,66.90307702297228,67.0576470724468,67.20480543493262,67.35506954256309,67.49976073162298,67.6448497866431,67.80875814382439,67.95513265541112,68.11118948970507,68.26867447736679,68.44441712804678,68.61147727059955,68.77954685813074,68.95697100155859,69.1310889623581,69.29829736350786,69.47748947357623,69.62126164437275,69.78713353909784,69.94148473384618,70.08660865436386,70.22458122502437,70.35796441646767,70.49051301298334,70.61506480524457,70.76363754928492,70.87432441675797,70.98271404756925,71.1168882320856,71.24441740046862,71.37200148250282,71.49792110044086,71.62828016854621,71.7601796216617,71.89283282428785,72.02553122038798,72.15848100766962,72.29697283461331,72.4348996240979,72.57764942401482,72.725801780123,72.87383167062467,73.01653264852416,73.13715933811577,73.2835196918678,73.42729379939026,73.57218619621086,73.75082328325816,73.85641611814083,73.9458749269397,73.99550449584646,74.01638190657587,74.00145667354568,73.97618193424043,73.9150841672283,73.84212216784405,73.76441567962134,73.6924220497782,73.63490985821814,73.58291395794011,73.53495119841182,73.50008124874432,73.4825245497111,73.47898237669962,73.48685723568116,73.51739246305952,73.56948106800105,73.62649534783394,73.66232880605257,73.67281291246576,73.64575820817775,73.57698289084811,73.46306479048413,73.30617571577113,73.1113338560644,72.86599777138174,72.6552381331994,72.40985983137121,72.18502439486961,71.95971674327603,71.73618838262196,71.51591341363232,71.31060490034885,71.12356959446652,70.94759836639282,70.78763091177161,70.64570456510805,70.50788632141278,70.37039818541295,70.21335496902944,70.0534477962831,69.88516047523868,69.70701029437073,69.52121322501337,69.33671193844239,69.14188011019381,68.98455231216958,68.79116923330658,68.58997230457305,68.38779020103176,68.21821202571924,68.013938425647,67.80444106041217,67.59990197370821,67.38282137506177,67.15596676165778,66.934146473994,66.71018411696278,66.50208089189805,66.31874133800329,66.21103808461878,66.19295916862735,66.2645670705408,66.40522021279389,66.61424336263207,66.88706091248184,67.19998627686853,67.54767797941172,67.91274815123519,68.29242556928601,68.68095036640008,69.06706382020775,69.44135835551873,69.7832088370646,70.07706932697131,70.36458278436554,70.6658954673511,70.93609381451442,71.21646901865307,71.49086209975354,71.76689003764972
51.00194660594146,51.05893576411312,51.12207361581055,51.17845942147087,51.21911727113024,51.28205938759292,51.34742744313627,51.373681712533624,51.50549180874778,51.586794580028624,51.66542803124834,51.74094893048838,51.81094380656328,51.87501708088251,51.93308266598531,51.98435148330419,52.03260286413542,52.076335202795576,52.11706584139232,52.152651901099354,52.21274871364973,52.23554155017287,52.25557151545324,52.27296479819132,52.29486517300618,52.32378428576142,52.3480145936244,52.38438144413727,52.40086100839523,52.42841214047867,52.45217753063688,52.48009145724425,52.50572149381723,52.52899800115054,52.55091893637182,52.57229708573736,52.59357625924826,52.616940496739005,52.63908793562572,52.67379087733941,52.71516052349321,52.758784684437096,52.80233539156955,52.846802171868305,52.893316401466045,52.92793398024898,52.9798990060835,53.048889964170435,53.0958498424952,53.15745590954901,53.22269828653364,53.28683661248523,53.3480045787747,53.403305008604256,53.449425272504655,53.496527088880235,53.51104773527424,53.506861781348626,53.48178340290296,53.45131227242541,53.413849046408416,53.39625963628116,53.41448822832818,53.46792305118448,53.54805395838197,53.65224170003568,53.76463118299444,53.89610375927573,54.06550833735967,54.28660834638112,54.465933078326984,54.70336717430444,54.99083102824259,55.31904430917782,55.67237789199006,56.011405550321655,56.35077698804809,56.68942048034392,57.00249381866461,57.312482274029804,57.62782120542347,57.9539130006394,58.29566284419462,58.64268780705182,58.961675763130906,59.2953224942676,59.6096152082531,59.94163480299615,60.27528017155295,60.59691386760736,60.90592769561642,61.20585027645048,61.51589261057551,61.838479281568155,62.16193251353,62.462734503094396,62.77047257939841,63.04958261047291,63.31599777842875,63.599762204437695,63.88872333652882,64.16802827793377,64.4440515094906,64.74231248278022,65.02667154524599,65.30651622285106,65.58216923440825,65.83173343565099,66.08537602316075,66.3382724734846,66.6015954534013,66.85607674303495,67.12661474911555,67.38204360677122,67.63183750320539,67.8530095199572,68.08897792884625,68.3178944871731,68.54182554756053,68.76617143848786,68.998558191828,69.25531305482241,69.47635954567839,69.67852323980667,69.8766573796063,70.07004119510816,70.25425240163204,70.46357894765421,70.66328807277785,70.87608853478143,71.09565214720696,71.3074351343093,71.51078798409418,71.7159668698784,71.89511145453409,72.05906473586695,72.23989828835141,72.40306708640496,72.55851183885198,72.72384849524404,72.89604842735687,73.07086257743619,73.24663079447342,73.45370078356441,73.65891926451535,73.85338126733453,73.94769132603916,74.12841663261791,74.14371833680454,74.24969808873328,74.20840104940329,74.27074489415834,74.24724554569666,74.21412058631176,74.16767022162759,74.1257807988053,74.05094310518481,74.00023761490266,73.91500815620329,73.8643471034784,73.81748086639067,73.78625792742294,73.80327463033476,73.7939780884461,73.79697011646795,73.81466807266955,73.82969825593537,73.8681258375379,73.9110907849163,73.95352480156335,74.0129415237031,73.98954098332459,74.05579185603166,74.20519857468098,74.26204313458662,74.21500760812324,74.2950865586813,74.24995905171,74.17006551667524,74.06034421215708,73.9227401820497,73.77071264971094,73.60413334621168,73.43923165802639,73.28468437840965,73.13508879096972,72.99868621849778,72.87981655453355,72.77287099549993,72.6790179726162,72.59040348090268,72.52460380596878,72.45403432738011,72.37831167289302,72.29740040512544,72.20994007307418,72.11714070752727,72.01588050467079,71.90632606206199,71.78914152659478,71.6851580577287,71.53735189474008,71.38318621000421,71.25713171020043,71.10875303228397,70.96635172271758,70.82357405408744,70.69023309253589,70.5684948926161,70.44007774020844,70.32448187960026,70.22208438419216,70.1284836273001,70.05566549578906,70.00920523378477,70.01607149751896,70.05995337531536,70.15904148213275,70.27454079550158,70.41489733788939,70.53389930518401,70.6368813233553,70.7182751197979,70.78425341427574,70.82534465717583,70.87277787955543,70.8691124819827,70.87169833913468,70.8662128318452,70.86101331703425,70.86309972326758,70.87310968828648,70.88923545923278,70.90835680029377,70.93624738316095,70.97116521900308,71.00462657575497,71.06504432425821,71.14053171285514,71.21736458773508,71.2875247273604,71.30808485581605,71.29876693856632,71.23330905087607,71.11645404565317,70.98467570143777,70.81628294184355,70.63518811707867,70.44388451596937,70.27185830838977,70.10602151841974,69.94448000611284,69.80435466874532,69.68195050765664,69.56395392556985,69.46663154294198,69.3690723554949,69.27204580531516,69.16958760989692,69.05469201556566,68.9296481174546,68.80148770014348,68.66752636702827,68.55790020961855,68.40527741967253,68.23517901189759,68.04878810530344,67.90193308323686,67.73008400563401,67.56154756632554,67.40183176960407,67.25917667235869,67.12675474659598,66.9963350042957,66.8731694369102,66.74723113102019,66.63404993586708,66.52786085887266,66.44284657223804,66.33268744432276,66.2376233006228,66.14029857244536,66.03906667630834,65.93446577942512,65.82329794890987,65.7004311763363,65.5937104790286,65.42309109552636,65.22678540226414,65.04532933442265,64.86601140111756,64.71129564567633,64.58733233078212,64.52048950426138,64.49231943663955,64.51133261605351,64.57107904086851,64.65170469582579,64.73730787566912,64.96044137913862,65.12975217688019,65.32798264929292,65.5129194514688,65.68207673491534,65.85760299379454,66.04282804348955,66.23578911707484,66.4324597344639,66.62227112880169,66.79585107160372,66.95617798691798,67.11027799080784,67.2575302715892,67.40623497570691,67.55145550443875,67.69789889836686,67.85791760887338,68.00843478331745,68.16426496564895,68.32233278635277,68.49458018953261,68.66472338696964,68.83747110566851,69.01539178592277,69.18698759573398,69.3553039654586,69.5324396421889,69.67651107971945,69.83589572769516,69.98873479285277,70.13243026755084,70.26935801591301,70.40206116240859,70.53415538316986,70.66392165098195,70.81193516510832,70.92276018174555,71.03158334987583,71.16582724373568,71.29330226441404,71.4215317305002,71.54803835132205,71.6799111035982,71.81271670334712,71.94593875945222,72.07941663605118,72.21363120469725,72.34907281256694,72.488574535289,72.63303159556114,72.78303551304957,72.93644409629611,73.07953597432075,73.19050679458472,73.33440465792641,73.47414091130781,73.61262569727053,73.78629410554967,73.87922931940496,73.96030108263682,73.99951462353415,74.0094274393863,73.98005771699144,73.95178310049751,73.8897551939493,73.80732209438914,73.7286671460645,73.65528402641422,73.60364258344751,73.5543291278479,73.50796271646063,73.47470308775688,73.45835585259105,73.45568372983988,73.46448704684296,73.49512171646701,73.53969591291525,73.59223654183512,73.61954088492368,73.61917794106087,73.58020120146732,73.5049500781891,73.38405207776714,73.22134194979371,73.01814820277649,72.7744398611378,72.56225880372862,72.31754985462395,72.0954103186934,71.86996893796885,71.64890319559713,71.42971292529067,71.22613803803823,71.04116699188945,70.86701050467941,70.70817258546413,70.56638266105513,70.42922049934454,70.28986354699094,70.13380538355622,69.97347976632771,69.80551865923394,69.62791321756241,69.4423819410896,69.25709022894871,69.06101965356649,68.90090508396982,68.70846444319326,68.50791148459037,68.30750919509555,68.13715356735038,67.93295141291841,67.7247201611649,67.52219828456873,67.30944113468323,67.08874654259404,66.87067840378675,66.65801617565454,66.46383137240379,66.29604184425223,66.206258172587,66.2066236914342,66.29785985700144,66.4570564272102,66.68133793554868,66.96519440505013,67.28613285068532,67.63688586630116,68.00331798310678,68.38239949216299,68.76879428226523,69.15024367110877,69.52225653320173,69.86089595796531,70.15650741645759,70.44358947783307,70.7419521203402,71.01314760014327,71.29447280906186,71.57339769234704,71.84969796451155
51.015758605218124,51.071899496159695,51.14078958100942,51.19841700041171,51.23571184906505,51.29878535116385,51.36475882632631,51.389529537438726,51.52406883719532,51.60402071357362,51.68164914318244,51.755874925668806,51.82452305832978,51.88683229449586,51.942943998053124,51.9972901285076,52.044148139886836,52.08633813107661,52.11956657831042,52.15429948156444,52.21840143965668,52.2414489176156,52.2619195103182,52.27966338096016,52.30458214576001,52.33086891066505,52.354243186711784,52.3892565339628,52.40540536514443,52.43221334008764,52.45417285965083,52.482487609009915,52.507797047987985,52.5311554916366,52.554168509430816,52.57727906021159,52.60019185915982,52.62529274916585,52.64239201339181,52.678754483754105,52.721975208314255,52.767416148031344,52.81266278468653,52.86051392622532,52.90988928026517,52.94673615074481,52.99826973787544,53.0624282773156,53.11486364884568,53.17643623810253,53.242273987807145,53.300149759678774,53.35999611605646,53.412539414283536,53.4551306987052,53.500513533536314,53.51609646162823,53.51113323914264,53.48115324425794,53.458158691561636,53.422860976052945,53.41271533550911,53.43879691565051,53.50161589224362,53.59229298514411,53.70423233650124,53.82822854055268,53.97125478283335,54.15182099174024,54.38347944829971,54.568310052676956,54.81473529262153,55.108978793518,55.44117385597246,55.8041994634838,56.1462329578106,56.486771060028104,56.82359605478936,57.13690621448265,57.446765504001476,57.76156156458277,58.08675784993085,58.427244118153126,58.772584365890715,59.08985812407631,59.42240269779568,59.74026423709469,60.07147036561634,60.404692195615254,60.726197084770504,61.03008712116382,61.33086603273347,61.641965544620255,61.9618368006412,62.28533435758132,62.586620867089735,62.895197640901195,63.17524751552156,63.44331294655732,63.72748650822699,64.01687278135464,64.29839862316862,64.5739391918725,64.87236083731487,65.15720683426868,65.44328190969262,65.71955448535354,65.97138487785153,66.2249055100487,66.47735555549666,66.74021637118152,66.98934531525,67.26027254515817,67.51442814291885,67.76415630479282,67.98424923926453,68.21965217366089,68.44802293857703,68.67139235758664,68.89510904161807,69.12676392684233,69.38827101200717,69.60762432575245,69.80381072234935,69.99979896349609,70.19175201697529,70.37532906373814,70.58162001845906,70.78435724258429,70.99710096248243,71.21579903263033,71.42688197513587,71.62852891888932,71.83430894801705,72.01352956571303,72.17028758439662,72.35774862586355,72.5164262333075,72.6711535496985,72.83585875837943,73.01358969347727,73.18046110038118,73.35338179371442,73.5625619926502,73.7605893671358,73.94484694167386,74.02668622241593,74.19288730009458,74.19951418768302,74.28716618048162,74.24729558774249,74.28689480388503,74.25567252527323,74.21619727493471,74.1644252278052,74.12121577782656,74.0433347797321,73.98129145805835,73.89967400411244,73.84809201148772,73.79827444310067,73.76625925611812,73.79191276561036,73.78196116052189,73.7824915622673,73.80182620419369,73.81576801003125,73.85621290345662,73.9003718243763,73.93879672194583,73.99821343722363,73.97428347536773,74.03589122414752,74.18208783048648,74.23060652147035,74.17228725289856,74.24798752354108,74.19813254599016,74.1132551224429,74.00000686494201,73.85960712919068,73.70572068253215,73.53999526875846,73.37612164154797,73.22251290104622,73.07438540578026,72.93949569373873,72.82238811622244,72.71672715932606,72.62492767740098,72.53295387327671,72.47181273772352,72.40135337130484,72.32441968255235,72.2442065103002,72.15756606609361,72.06424123214732,71.96104343707051,71.84981162786508,71.73175437222096,71.62566796836815,71.4784818204649,71.32528417460811,71.19744192079362,71.05218792426045,70.90903767706742,70.77219337182183,70.64112221601805,70.5158959565218,70.39192685628909,70.2819205034564,70.18728941855295,70.10286229162695,70.03996719698573,70.00733743389388,70.02286160258649,70.07427686460034,70.17808530880161,70.29698683650017,70.43567059254205,70.55493445562743,70.65530912725012,70.73290623034025,70.7929252063252,70.83052259673187,70.87065089452891,70.86723963138029,70.8687591600356,70.86276507831963,70.85694937340483,70.8613231039299,70.87286148401404,70.88874009921174,70.90356221438357,70.93346467201572,70.9703888756334,71.01020509548647,71.06894156811613,71.1327174478712,71.2019087163944,71.26274947418585,71.27077880579729,71.25728799284445,71.18247968824392,71.05527682783794,70.92139890233616,70.7501113534944,70.56890627609874,70.37639616872912,70.20660318797675,70.04210110628891,69.88193777269987,69.74328158027828,69.62213484640942,69.49934409929521,69.40720740588588,69.30999402031475,69.2132289685591,69.11097986345999,68.99620256477995,68.87038460763002,68.74087293362807,68.60540725818043,68.49271304159824,68.34119658826566,68.17206455798244,67.98713546043456,67.84355142768713,67.66886799853233,67.50311150505023,67.34542842823475,67.20435657813542,67.07325039833663,66.93812120501872,66.82136485248891,66.69501918479983,66.58400478572007,66.47829239546546,66.39080471618297,66.2832126159035,66.18746639742744,66.08925517082527,65.98716877742751,65.88179715043584,65.76997263552781,65.6464814415749,65.53571232345203,65.37012674707871,65.17721578917136,64.99942928794029,64.826608732056,64.68037904147657,64.56859104616264,64.51035529391012,64.49579881146263,64.52786369258288,64.59994986743783,64.69257321001804,64.7763568617651,65.01464730639505,65.18924144075856,65.38989907761277,65.57543474933364,65.74432993452473,65.91888106401612,66.10245551401796,66.29324473871579,66.48751560703163,66.67515614884785,66.84775914635831,67.01035294737645,67.16430710930834,67.31199200710356,67.45910856905329,67.60504167260721,67.75301634033225,67.90837827668727,68.06337304228173,68.21859345978196,68.37693743287804,68.5447859747293,68.71805503519215,68.89577551393641,69.07397991981406,69.24255197457109,69.41200766880883,69.58656329139627,69.73152490582106,69.88376935250524,70.03521128167552,70.1776704319298,70.31383412486026,70.44618622956156,70.57814974852818,70.71421483698198,70.86146189876601,70.97297911390109,71.08277733631816,71.21701517007126,71.34441324146292,71.47327380981406,71.6002708615114,71.73357341340544,71.86705620932402,72.00053287960509,72.13448546964999,72.26972107869808,72.40128245945338,72.54216009593496,72.68813289771855,72.83980790234376,72.99894727131799,73.14254626122695,73.24468260480158,73.3863308942488,73.52211894034677,73.65394200227138,73.82063294148747,73.90089620563053,73.97406962842209,74.00348494722398,74.00290553691897,73.95922778908721,73.9286752613313,73.86648887426108,73.77444673680644,73.69507098226786,73.62030317838064,73.57473935681305,73.52795235758447,73.48291916687636,73.45094131281601,73.435397219989,73.43309656779314,73.44246175915576,73.47275990128497,73.50861376309335,73.55604839163414,73.5743269528569,73.56293429893739,73.51217334048418,73.43100793720834,73.30385848663461,73.13615269576178,72.92493234969106,72.68416628576755,72.47065780336747,72.22697016691485,72.00749514012456,71.78166308804296,71.56290949027033,71.34451004363747,71.14236930253364,70.9591446578633,70.78642330876922,70.6282646806565,70.48607307958201,70.34914942285178,70.20719382306044,70.05224788690909,69.89155250674682,69.7242774592079,69.54775665123225,69.36306686895995,69.17743306820927,68.98050625892976,68.8170597711225,68.62635543115356,68.4271667440936,68.2293131299575,68.05773253908175,67.85358797072115,67.64665635499362,67.44620598953024,67.23797624351073,67.02372929406536,66.80916496311676,66.60829715976142,66.42860415214011,66.27689727454306,66.20519964640584,66.22388989279017,66.3343959114549,66.51170024899741,66.75075796957401,67.04506612166573,67.37351042783742,67.72674094931759,68.09415669196466,68.4724215877706,68.85659728242328,69.23347615172177,69.60337142460135,69.93918240308584,70.23766403799168,70.52505023744801,70.81996719732793,71.0923272279684,71.37451608968492,71.6582348706102,71.93424387485517
51.03036223282264,51.08503064070874,51.15988383379237,51.21858165827695,51.25222718766745,51.315213973632396,51.38168816414162,51.4069228120675,51.54188095763049,51.62034994789563,51.696914121883,51.76984143962411,51.83719246944713,51.897806017065946,51.95205821032912,52.01032608403091,52.05607150534863,52.09698567783679,52.122194691466014,52.15641714572321,52.22490418664178,52.24877444342129,52.27023388397171,52.28881935185563,52.31744656463452,52.34083545091992,52.363362851946555,52.39667857110663,52.41263538011299,52.43854106387051,52.458456817314705,52.4870732632217,52.51186036382566,52.53509653472417,52.55906899754115,52.58384210269871,52.60833052370192,52.63511954689825,52.646493090466976,52.68435787272886,52.72919691173023,52.77624407404745,52.8229706420135,52.8742230173952,52.92644351541889,52.9657411454449,53.016539510792015,53.07478484945175,53.133451037734176,53.19492321398781,53.26145008032755,53.312445093037354,53.37114444583346,53.42109982316704,53.460366586764074,53.50422751499449,53.521903676676516,53.5170024197394,53.48239085613723,53.46836363454182,53.435877298485245,53.433752581400924,53.467592459685875,53.539367772554314,53.640051467739454,53.75874934773072,53.893945920328854,54.04818718201343,54.23958262789847,54.48146651613173,54.67212652526239,54.92757878327672,55.228328569937574,55.56382256604554,55.9360312535046,56.280897998575284,56.6224125057902,56.95689797726842,57.27046547145459,57.580298146243194,57.89469195202581,58.21913203492665,58.558443213557574,58.90211568614965,59.217709720678734,59.54924115923882,59.87145695410248,60.2019016137035,60.53475256568822,60.856175945219476,61.154253476927,61.45603394270419,61.76834474217692,62.08509457898524,62.40859389903746,62.7103956013928,63.019816360512436,63.30082435792461,63.570632819163194,63.85508391609408,64.14473534038758,64.42856415507617,64.7033901978932,65.00179478435213,65.28700122542632,65.57986656955536,65.85662436685861,66.11108265980984,66.36425093171445,66.61601806896964,66.8781978801414,67.12126947949211,67.39253496798385,67.64524509462963,67.89492382026364,68.11438192999475,68.34936116853451,68.57735492935144,68.80035254894008,69.0236412775663,69.2547625322162,69.52149625683006,69.73939339540745,69.92940007778186,70.12341567822463,70.31415500302161,70.49736602711242,70.70009174155626,70.90633022581267,71.11915247668227,71.33700264822647,71.54741484012182,71.74727628954041,71.953757763349,72.133126436344,72.2824058648291,72.47687223427305,72.63094602135448,72.78490710068095,72.94886902634825,73.13224588388299,73.29058479987167,73.46026523371596,73.6713200225094,73.8616324679713,74.03520730929338,74.10616062839549,74.25614386388459,74.25604925212001,74.32370998152085,74.28703437583971,74.3025350843887,74.26380847371095,74.21840381851422,74.1619432941034,74.11763777703264,74.03738468007037,73.96402989117854,73.88683756107761,73.83443943946395,73.78174697151178,73.74885399788104,73.78245407439088,73.77175028405094,73.76966600214797,73.79032723753005,73.80303288872665,73.8450667302776,73.8900222714039,73.92387943847568,73.98283193398602,73.96094825037262,74.0177397279601,74.1574779140746,74.19749207514178,74.1307205892509,74.19961734317418,74.14579317309443,74.05669811083318,73.94063842683822,73.79804367119077,73.64261147376602,73.47789536408972,73.31502141297021,73.16217970128781,73.01520426086104,72.88141803421289,72.7656059060641,72.66073553761503,72.57064019682734,72.47468980982977,72.41807386219364,72.34744835510574,72.26906676047581,72.18971028812851,72.10425628456393,72.01074642095962,71.90587489897875,71.79332118894989,71.67487220895136,71.56660592669978,71.42096557379057,71.26958988280033,71.13960290993846,70.99785108703846,70.85364062890993,70.72305201927479,70.59401652742011,70.46428273850995,70.34454781844111,70.23990802633307,70.15303448500258,70.07782053848408,70.02487028381121,70.00659154815895,70.03055855189115,70.08946362058845,70.19751201412888,70.31958370642444,70.45574233597293,70.57549203275065,70.67343196448421,70.74751409273017,70.80168721819274,70.83635905059478,70.86881460006097,70.86695446443136,70.86799829335148,70.86190065907294,70.85554546053912,70.86233874575292,70.8752144505948,70.8903267402685,70.89980651650461,70.93137061394577,70.96996797377973,71.0167355566375,71.07336986467568,71.12416284569512,71.1853393195964,71.23650408982049,71.2320516608801,71.21517018382988,71.13158089959602,70.99462176454378,70.85917036466435,70.68543569335554,70.50429966981953,70.3106232263199,70.14287986912923,69.97942329558259,69.82029647733137,69.68272554166947,69.56243938049138,69.43416523970912,69.34708614875453,69.24985962253866,69.15312067691656,69.05107040359982,68.93669735980495,68.81050107234334,68.68004505910982,68.543475641055,68.4273216536713,68.2777540398577,68.11033944562169,67.92752656030734,67.78721691567985,67.6092550627749,67.44637746013507,67.29062981243064,67.15084783088035,67.0206641123202,66.87976167599922,66.76959754157552,66.64238791722336,66.53342705509363,66.42802138166178,66.33736262927461,66.23293770050549,66.13651729148162,66.03750441639886,65.93475725967922,65.82891362353205,65.71683026524975,65.59319598971305,65.47779573706983,65.31870071278396,65.13040823715555,64.95672965308867,64.79078107549108,64.65311126210314,64.55343683858162,64.50285472953091,64.50154381879742,64.54634087030152,64.63052170058434,64.73542598479726,64.81897544835192,65.06980900994473,65.24945098568855,65.45186493010206,65.63772365708901,65.80628873577643,65.97988965699481,66.1618645006654,66.35054377451144,66.54250316824194,66.72812013305607,66.90007560079103,67.0656763471115,67.21982624155038,67.36829736437129,67.51379122689158,67.66062141617472,67.81030245387618,67.96019264048329,68.12000250369256,68.27419978885762,68.43248797527542,68.59499914536312,68.77143462877339,68.95441731323982,69.13268256694863,69.29771754747993,69.46834821584311,69.63979084836916,69.78626940867694,69.93073649915463,70.08091480846636,70.22234569017421,70.35803836247707,70.4903790009266,70.6225501068078,70.76603995054884,70.91229853014019,71.02509392386578,71.13643843211818,71.27058336410391,71.39787486175528,71.52734364684342,71.65472072286671,71.7893532789054,71.92326163116591,72.05665283135421,72.19075108584435,72.32674373562453,72.45355751700758,72.59559778988898,72.74288044235752,72.89603107718266,73.06126137083147,73.20549913657396,73.29983626496193,73.43949550001935,73.57145165877041,73.69633533009936,73.85400517625466,73.92172529293815,73.98738584040714,74.00748285453426,73.99681810096153,73.93916695664305,73.9067756090757,73.84500667717022,73.74351270126321,73.66362583512749,73.58753016181531,73.5480942481928,73.50363143576402,73.45971925836581,73.4287542797063,73.41367163006556,73.41130706588494,73.42082655701665,73.45036784771592,73.47656004079909,73.51828771775985,73.52713395537056,73.5046034798494,73.4422363384627,73.3555312192337,73.22270255971756,73.05069275483869,72.8318744456594,72.59504464596345,72.38031459236527,72.13794150079579,71.92098142933483,71.6945802943604,71.4780220075912,71.26022595371214,71.05928523758456,70.87752180172222,70.70588100612153,70.54799131942077,70.40492340833624,70.26780270224528,70.1225650473179,69.96878139646981,69.8077286337605,69.64146688220143,69.46656136344522,69.2832912084457,69.0977749736487,68.90038928487817,68.73306931385908,68.544906368984,68.34782163137784,68.15329995604675,67.98002141504627,67.77591227788422,67.57029034306969,67.37196592319566,67.168465979249,66.96096665418955,66.74964564702155,66.56106388918724,66.39643720031435,66.26134767886943,66.20788089666418,66.24474481857764,66.37411977398638,66.56905654455267,66.82237805110888,67.12652769254375,67.46196191631076,67.81708847064122,68.18512750206266,68.56238382189107,68.94428372169243,69.31675084742234,69.684697200516,70.01810091887505,70.32063839916924,70.60910684783342,70.90004628724465,71.1737355509137,71.45668260403939,71.7454529069684,72.02056407131819
51.04573782303887,51.09848887699107,51.17933129198294,51.23894526231271,51.26884867063485,51.331564832963096,51.39842820296538,51.42591373404765,51.55909805065157,51.63596793877349,51.711400636293185,51.783040881342,51.84914725039776,51.90814414395112,51.960621443517226,52.02352620599804,52.068419192083475,52.108307837974344,52.125130933994654,52.159163504377474,52.23227378007027,52.25746580160237,52.28038196685952,52.300222832960095,52.333025565255554,52.35334686392692,52.37504458008491,52.406350342111125,52.42224993960283,52.44710995022549,52.46484834183493,52.49363585544515,52.5177207601081,52.540660232782464,52.56546630996148,52.591823666836596,52.61783309099426,52.646269583738984,52.65157637187947,52.690811950888566,52.73705729779466,52.78551746246585,52.83351038132427,52.88810868928499,52.94308788097382,52.98497811480391,53.03482197062631,53.08639081137717,53.151751120472646,53.2130619973346,53.280295560210114,53.323975906359976,53.38165948199464,53.42918317339289,53.46533076653548,53.50783415703246,53.52849741816464,53.52445856583685,53.48561323541111,53.482022148487694,53.45311285155381,53.45962571584861,53.50109560389227,53.58133569253259,53.69141825962468,53.81579812955777,53.96173772669371,54.126813793165056,54.32867234789727,54.58042325087611,54.777280931016456,55.041803345928734,55.34878115334841,55.68686678398746,56.06770420578187,56.41524259664613,56.75755561477456,57.08917627504526,57.40304423318091,57.7129789227152,58.027137847017016,58.35098574860544,58.68923001648634,59.03126506876473,59.345225483668294,59.675845189362526,60.003243975873836,60.332984195720044,60.66551860912692,60.98690469690263,61.27846001176197,61.58139164247545,61.89506822340774,62.208304200762676,62.531774242540024,62.83414294299741,63.144423007213845,63.42640382860834,63.6980359364391,63.982658611643906,64.2724523589804,64.55865115569915,64.83258139222612,65.13081646024152,65.41625880988127,65.7162800276602,65.99339039839091,66.25078539086051,66.50339185364625,66.75427096856298,67.01558195050421,67.2520779650333,67.52362922389952,67.77475773426588,68.02439502361123,68.24365688657149,68.4783482088224,68.70612415939777,68.92892582080813,69.15197028120618,69.38273663579133,69.65493591381406,69.87160595539076,70.05540350160078,70.24762505861511,70.43735487653029,70.62042431444442,70.8191470810544,71.0291327050324,71.24213172180197,71.45914895218802,71.66891779350766,71.86693689522066,72.07417658522074,72.25374720668361,72.39558741070925,72.59712146355977,72.74670355261722,72.8998744179927,73.06300978700145,73.25187709863856,73.40144312889262,73.56755352883793,73.78001814143704,73.96218428584964,74.12471039799591,74.18632645475029,74.31868830607762,74.31350148131673,74.35988292717472,74.32738265802409,74.31810527954802,74.27197177748377,74.22094101800177,74.16033548583432,74.11491346857142,74.03286795308499,73.94864493939072,73.8764521128289,73.82332870058674,73.76791282992568,73.7340923690349,73.77464500236313,73.76317958315879,73.75850092315375,73.78017413321223,73.79164137499079,73.8348178448548,73.88019048913618,73.90913534265916,73.96720566167252,73.94957051905727,74.00139487830666,74.13179291736128,74.163162507583,74.09046229755968,74.15036363912614,74.09313527272329,74.00046877018342,73.88220033194042,73.7379314571597,73.58123353035407,73.41760214524338,73.2556734075462,73.10345440231367,72.95737056585915,72.82435185614726,72.70943285830879,72.60491755266953,72.51622173719632,72.41602059289262,72.36362835923339,72.29261848174339,72.21263751000328,72.13421491236076,72.05018735483435,71.95674711360189,71.85043646146869,71.73688056863784,71.61846373883434,71.50799454341609,71.3647211251075,71.2159058101676,71.0834926931616,70.94553763918097,70.80001293132675,70.67582769534137,70.54860534071828,70.41363415478023,70.29799606874812,70.19851773895327,70.11934608190285,70.0533159383015,70.0102853557664,70.00688479806868,70.03906259585034,70.10542104675092,70.21721509726123,70.34223018470352,70.47498553552671,70.59548535004903,70.69120139441554,70.76209168346844,70.81056166630894,70.84292172105403,70.86732913358365,70.8683488757804,70.86942492774068,70.86351162608138,70.85667915160116,70.86595007553257,70.87996039254644,70.89386565256602,70.8972156169544,70.93009886573755,70.97004198679613,71.02413281981396,71.07827080628927,71.1151614289705,71.16801716778517,71.20918644080778,71.19234647752509,71.17250183679978,71.08063490460084,70.9345946807366,70.79785467108657,70.62206508084245,70.44108956035559,70.24636517640592,70.08044783450379,69.91782946411969,69.75951033114602,69.62273053850893,69.50297649435262,69.3688266126546,69.28655009952368,69.18899117578871,69.09205622503802,68.9901557784349,68.8763911594127,68.75014677686222,68.61910498649405,68.48179632286616,68.36189434802887,68.21497816595642,68.04992985683677,67.86982146970503,67.73264881416083,67.55113420335307,67.39120206102643,67.23732266267288,67.09856408295245,66.9689470221366,66.82150256932324,66.71791400884642,66.58950203464343,66.48241225864214,66.37714636232249,66.2827593819976,66.18195817733344,66.08488921389713,65.98517087122985,65.88194954611247,65.77590591662452,65.663921872642,65.54059406638717,65.42007971168862,65.26884986509587,65.08644421814738,64.91735677963821,64.75867669496347,64.6296265677567,64.54196355875487,64.49800131147276,64.50952098099783,64.56669669709656,64.66270519128503,64.78019352665119,64.86545182352725,65.12581909556663,65.31027449244834,65.51374995561889,65.6996637692068,65.86785037974941,66.04055029766208,66.2210012148552,66.40765573000202,66.597413201265,66.7811737009536,66.95283548250998,67.12222245563392,67.2769203832173,67.42652011617761,67.57032801321046,67.71820876194887,67.86975385302449,68.01339065422927,68.17830637085532,68.33105968933381,68.48895760021733,68.64536584958579,68.82497721988997,69.01337539978057,69.19148284717764,69.35256076809115,69.52438077377614,69.69226493603372,69.84080254200398,69.9770712724288,70.1261195902454,70.2667167728101,70.40219628254029,70.5348140379833,70.66749036566553,70.81933408955041,70.96440108973692,71.07904332420586,71.19248986325137,71.32645479816507,71.45361940937661,71.58367739060722,71.71134764240782,71.84719159923796,71.98127175508428,72.11424903426547,72.24817890191694,72.38467472771104,72.50601855926371,72.64901821265325,72.79740309199674,72.95181381500437,73.12338074031531,73.26837186552122,73.35609585763946,73.49402261323743,73.6222312742802,73.73989531152823,73.88673578386802,73.9420966210501,74.00046521882246,74.01157424019688,73.9911660367846,73.9200752864057,73.88600133606447,73.82503007168326,73.71453659392678,73.63433035153945,73.55701563285609,73.52360132746477,73.48121415100067,73.43826169963576,73.40810034421239,73.3932020609814,73.39040142217019,73.39962702833301,73.42800939008475,73.44388489679596,73.4793390787915,73.47841917624213,73.44470805928685,73.3709519086372,73.27889467559315,73.14080283964701,72.96504692818793,72.73916263953272,72.5069425424178,72.29110863097134,72.05028458881864,71.83557175649577,71.60850165778324,71.39405548850941,71.17678184055409,70.97687238693052,70.7963177313061,70.62542962142817,70.46744881631197,70.32314182020693,70.18544515173424,70.03645419646597,69.88383076485489,69.7224306702385,69.55742262065753,69.3845419545166,69.2031515528127,69.01814638268202,68.82066447460346,68.64908660608177,68.46412048408654,68.26978685558656,68.07924514748157,67.90384863693659,67.69980997325759,67.4955062097485,67.29938155490468,67.1008002912028,66.90036529047961,66.6921854559158,66.51635799605654,66.36736849013636,66.2494331072249,66.21432031395082,66.26917551467898,66.4169759846811,66.6290301802731,66.89607276655411,67.20943074789942,67.55133022409126,67.90777367245224,68.27609363765458,68.65217816030666,69.03177795489106,69.4000573435861,69.76622803174402,70.09768425178183,70.405529707586,70.69590109361239,70.9822944365657,71.25747209035876,71.54105022491905,71.83511501044785,72.10868541375756
51.06186558828074,51.11244914745153,51.19910912259483,51.25950460408612,51.28579085182455,51.348103981993006,51.41525712106018,51.44650434360603,51.57598954804746,51.65117899873594,51.725430080393984,51.795811375862264,51.860732562746904,51.91820138629437,51.96899185644857,52.03697739218395,52.08122480758551,52.12029248853855,52.1286415676298,52.16274543142322,52.240471229850066,52.26736779015509,52.29209998245577,52.31352674175796,52.35071373340013,52.367954653787706,52.38887450770029,52.41792669885725,52.433921270281374,52.45762065913986,52.47315902482548,52.50195513399592,52.52517904213708,52.54767581614942,52.57319557101746,52.60105212212504,52.62853436336738,52.658587810978105,52.657829682958784,52.69833075597134,52.74579469603491,52.79549309031881,52.84454717307933,52.90236268335453,52.95993985500371,53.00448105526676,53.05324533066665,53.097733173013246,53.16993058387631,53.23103389503775,53.298909349246216,53.335107298416496,53.3918600612208,53.43708581611861,53.47030954939864,53.51156586507539,53.53586694360004,53.533368725528724,53.490867632782965,53.49883164206155,53.47436273099856,53.49024603168666,53.53935156951497,53.62761046799312,53.74646462902574,53.87538392871836,54.031558385730875,54.207047452637276,54.4189692537996,54.68020335353169,54.88367170487231,55.157314680236304,55.47023733959759,55.81018285438862,56.199049264044916,56.549108676053606,56.89205467642136,57.220280975384085,57.534515143262006,57.84470655537773,58.15882472882074,58.482269183945874,58.81957441301775,59.16001581467194,59.47240034377518,59.802223487931684,60.135664878508564,60.46473894494764,60.79697851729979,61.118339799925174,61.40283215914478,61.707041403091125,62.02220064857232,62.3316568654898,62.65508282120277,62.95807787297357,63.26923623404102,63.55219884245342,63.82570184912831,64.11042770895178,64.40028058318906,64.68886460389459,64.9617845316602,65.25973801492158,65.54531100619174,65.8525611748064,66.12990549672682,66.39044009366886,66.64232271797069,66.89216952699422,67.15247569793553,67.3821753254962,67.65394018587548,67.90339417129921,68.15297495703845,68.3724492232976,68.606970492918,68.8346653337634,69.05741881896665,69.28037006293263,69.51092536772923,69.78850956983689,70.00416554308256,70.18195284393529,70.3725592290359,70.5614606261323,70.74456119184326,70.93894410358381,71.15268611881793,71.36592496088082,71.58212298816392,71.79127469732164,71.98741753458494,72.19542868297876,72.37523701698836,72.51000005558197,72.71834866370354,72.863775929167,73.01615742782703,73.17841152819008,73.3723434378086,73.513245540429,73.67551909344029,73.88869961772821,74.06238053959858,74.21360423558407,74.2673956122529,74.3810226087635,74.37204882647437,74.39623845276702,74.36810567862486,74.33404493324188,74.28048082306566,74.22400967434893,74.15971286831025,74.11290952459079,74.02955974566117,73.93532862782234,73.8684709450963,73.81469910803582,73.75678639664413,73.72202458590289,73.76823199521394,73.75608318197094,73.74900381232837,73.77136985177388,73.78174195179292,73.82559677404213,73.87102484071019,73.89492682600253,73.95174326796527,73.94018549213966,73.98691418602449,74.1054569322624,74.1280805307762,74.05166705820436,74.10061403294247,74.04035318457717,73.94464138883099,73.82465401434342,73.67915213620714,73.52143535923778,73.35888412525743,73.19782006052888,73.04610662730302,72.90070953042147,72.76819577576879,72.65383190720695,72.5492946267922,72.46173850480895,72.35735562621973,72.3087199582665,72.23717374697839,72.15554548912621,72.07805965737724,71.99556255785134,71.90234899361626,71.79479777163506,71.68051447674866,71.56248159687117,71.44984980154479,71.3096269700753,71.16395496104042,71.02893053996992,70.89496208656979,70.74794820760262,70.63010741318105,70.50449541430983,70.36392185777079,70.25235596343924,70.1578969866194,70.08637436345388,70.02948413451307,69.99626882280596,70.00814759936931,70.04827733878179,70.12205677778502,70.23708805978264,70.36482505092413,70.49327333059065,70.61482906129419,70.70857297701465,70.77663756203803,70.81958401598085,70.85025201136621,70.86633638110563,70.87134079123982,70.87283346725887,70.86735142410043,70.86014715158015,70.87187359927125,70.88680926512056,70.89917277137603,70.89595111105746,70.92983310225331,70.97081083443376,71.03229068603154,71.08357887574704,71.10604655774077,71.15031591219896,71.18119499762861,71.15210631219274,71.12937127703125,71.02966392292673,70.87530140138232,70.73731640426702,70.55980863537064,70.37899720982149,70.18342150665133,70.01906656675688,69.85716098971919,69.69953354528232,69.56334055638669,69.4438585724432,69.30373748397457,69.22588158616891,69.1277109344777,69.03037538908116,68.92854404655898,68.81551021069464,68.68948041039579,68.55816171136891,68.42043628942693,68.29662014814458,68.15288747409875,67.99071355429719,67.81381890164447,67.67948431417918,67.49435730319067,67.33740634086264,67.18536927977311,67.04740344706777,66.91804401618205,66.76362932534806,66.66637543835395,66.53656407149556,66.43108759476296,66.32580472570122,66.22732287357977,66.13042021435115,66.03275508034432,65.9324443755161,65.82892331023949,65.7229048287706,65.61130804013888,65.48866317953421,65.36277434258484,65.22048177627751,65.04510786056662,64.88111839442321,64.7301722323245,64.60990717043391,64.53421544917505,64.49580911389438,64.51969694043174,64.58886372085519,64.69641099051688,64.82680634206758,64.9160741753889,65.18257016903968,65.37160564181615,65.57542390302125,65.76113268015882,65.9289121075226,66.10078451094918,66.27981186801078,66.46455011072783,66.65223648927096,66.83432900075005,67.00608451969673,67.18001480685324,67.33553875548212,67.48650647509758,67.62856005898229,67.77758843863103,67.93111386305947,68.0679446685331,68.23809691740553,68.38906787445156,68.54629169478952,68.69615812257514,68.87888009572283,69.07264014560744,69.25038663518312,69.40725271502312,69.58023107783532,69.74423886759907,69.89522321583388,70.02316286602228,70.17120076539707,70.31113599661239,70.44661829388357,70.57974491584433,70.71316557705742,70.87389084016188,71.01759892581033,71.13457300083077,71.25059261873925,71.38428504613904,71.51131370926954,71.64194479871867,71.76989607098334,71.90681638560153,72.0408548866317,72.17316268955483,72.3066799105211,72.44347160767833,72.55894082331216,72.70272148331131,72.85201690909585,73.00747551445329,73.18539718449249,73.33120692109487,73.41355521970917,73.54994579690923,73.67446025840025,73.78468745840114,73.91915514321909,73.96239023706684,74.01352326389868,74.01582499894378,73.98595024965893,73.90215284512189,73.86626963463156,73.80628052680677,73.68753502096446,73.60718317839977,73.5288102476408,73.50115466450706,73.46054829190857,73.41844519939293,73.38893786211887,73.37401149089705,73.37046583470375,73.37890876101233,73.40574836271642,73.41093848184737,73.43958703330833,73.42863989924913,73.38377061273984,73.29888176424198,73.20147305761454,73.05837786905403,72.87930001697285,72.64698508016237,72.41972757582306,72.20291937943495,71.96382016353533,71.75096869177902,71.52320827917343,71.31082467397454,71.0940988892027,70.89511729431118,70.71555175445486,70.5451151793809,70.38673348588519,70.2409364968906,70.10234338651988,69.94935046289191,69.79784604389262,69.63612439670543,69.47253107036035,69.30195050223902,69.12275969374822,68.9385766796119,68.74131522621326,68.56529076743851,68.38398117555917,68.1929169210146,68.00681316689257,67.8289609441636,67.62512020193306,67.42216079370407,67.22833027250648,67.03483355806102,66.84176794613104,66.63687993605666,66.47424992780009,66.3414387436142,66.24119356346006,66.22453628885462,66.29716902697649,66.46290908362421,66.69152602255585,66.97171670231056,67.29362691794776,67.64145825916475,67.99864179693077,68.3669183229942,68.74169656879961,69.11900433683736,69.48338522558859,69.84795808908382,70.17796514825498,70.49243090777782,70.78550193614952,71.06674228698562,71.34351936595267,71.62758096883239,71.92707330617088,72.19851624060708
51.07872574096221,51.1270863945349,51.21919449264173,51.28025647516436,51.30326828509382,51.36509747355922,51.43245310142702,51.46869658714768,51.59282535951253,51.6662883489912,51.739326126989326,51.80849337782934,51.87229645578171,51.92833540356203,51.97753251830673,52.050767086797535,52.09452163501827,52.13292632196214,52.1329954082774,52.16737111284326,52.24945637194935,52.278323802098434,52.30512323574607,52.32838366277596,52.36990559400459,52.38421032458243,52.40443877136603,52.43106249322596,52.447321598816025,52.46977385060101,52.48320045790027,52.5118108471898,52.534036015214454,52.55597251516294,52.58209190503476,52.61135583806382,52.64026914315192,52.671919179905714,52.66544084903435,52.70712832571532,52.75564743597842,52.80642773463852,52.85634618773919,52.917176741063564,52.977116915582386,53.024283963278386,53.07193780420134,53.10929894428143,53.188156114760375,53.24902021399205,53.31739037416968,53.346204665767594,53.40206572078221,53.44510493220008,53.475590043806775,53.515655737852335,53.544000935051876,53.543596486760926,53.49819673943402,53.51842027318984,53.499200103190525,53.525084266352685,53.581913764210384,53.67788420944237,53.80501731413624,53.93750488910542,54.10338656868896,54.288822373931886,54.51036522626007,54.78066419193112,54.99119728176313,55.27401848585818,55.592597924532164,55.933647121839456,56.32989737202311,56.68233816082815,57.02576398017079,57.350062105549064,57.66475084529838,57.97537976619105,58.289678076701406,58.612932533926625,58.9494471066556,59.288360235309554,59.599266138285614,59.928463389817004,60.26864802822317,60.59706514090765,60.92901383634278,61.250350324250405,61.52755354714112,61.83311385531232,62.14981402550879,62.45537238909013,62.7787482244436,63.082426892876065,63.394483021265856,63.67843031397405,63.95381613843667,64.23861291734165,64.52847931538618,64.81941030922452,65.09127197913563,65.38887229465585,65.67449039021461,65.98874935728087,66.26622356403253,66.52999342978691,66.78103842062852,67.02977012559028,67.28898748205155,67.51196852777194,67.78385432902942,68.03158383602326,68.28106964731322,68.50113475226087,68.73558577317367,68.9633135874481,69.18613851075716,69.4091148550232,69.63956799046255,69.92213676410726,70.13697563890575,70.30917999152206,70.49835032552953,70.68658124045872,70.86983392541805,71.05964087577486,71.27691190574373,71.49041845695811,71.70580979980313,71.91436941359201,72.10862500628825,72.31737732596955,72.49744100751472,72.62581163299217,72.84040618468424,72.98224025307513,73.13385805637729,73.29520473776508,73.49350500145768,73.62620148746576,73.78443434188291,73.9974077196779,74.1623569480459,74.30213684986069,74.34958001167583,74.44364875403193,74.43186923879406,74.43332999362151,74.40896868197107,74.35079358934901,74.28965399693045,74.22781058850718,74.1601865068434,74.11149261723862,74.02723520468426,73.92427298160085,73.86284734360991,73.80848997499078,73.7483820499689,73.71270086480826,73.76296149863018,73.75029520461281,73.74118215671554,73.76391735374861,73.77348310210232,73.81753404469345,73.86267368926295,73.88161628001204,73.93685340054644,73.93282838033784,73.97435516195084,74.07889405069388,74.09270885670365,74.01448955156435,74.05075614616877,73.98764124835655,73.88929025511328,73.76796090814192,73.62158735744275,73.46306546735863,73.30150981716984,73.14120380717137,72.98990599943504,72.84504636419501,72.71284840930444,72.59876598700886,72.49388818228572,72.40725670596622,72.29910431356551,72.25359238871675,72.18142414657133,72.0982042558362,72.02158379755816,71.94058517456133,71.84765774454475,71.73902847657256,71.62424762310215,71.50687841806305,71.39218768411348,71.25556160435228,71.11346033780374,70.97573571470788,70.84583892623478,70.69724007628241,70.58547818529429,70.46129350579929,70.31511749634257,70.2077119584479,70.11819433999239,70.0542780310417,70.00650999479099,69.98303030321121,70.0103645871254,70.05816991799693,70.13931267062162,70.25706900485393,70.38730340457546,70.51060272164891,70.63354307195543,70.72559548246987,70.79120319679538,70.82884527791673,70.85834362100141,70.8660416880803,70.87579816395389,70.87800083763766,70.87317201847655,70.86574609679134,70.8798258002301,70.8954710030002,70.90606400411653,70.89617463229187,70.93075708169765,70.97247454758319,71.04110293565147,71.08922855579512,71.09715159204947,71.13260920407592,71.15292823076375,71.11177422134368,71.08586682980147,70.97869017424206,70.81684775144689,70.67742014686995,70.49847547635572,70.31774388033195,70.1215917047204,69.95849554854507,69.79725925019997,69.6403203308789,69.50459958089284,69.3851979992133,69.23930711951198,69.16536293666583,69.06634115301848,68.96841794520378,68.86654326656591,68.7542807607422,68.62866066215308,68.49732422932254,68.3594625265503,68.231688077492,68.09150047151353,67.93256828605145,67.75931756865347,67.62736060678323,67.43877624521157,67.28481133278207,67.13463196454296,66.99726403594231,66.86789998285279,66.70642738443074,66.61504301415057,66.48377656221514,66.37958026185336,66.2741338600516,66.17138101567113,66.07847002071873,65.98028792283431,65.87951500518167,65.7758565670888,65.67004144627228,65.55904945257922,65.43739012847797,65.3060943566698,65.17349034082781,65.00612116036824,64.84769250149999,64.70493152021662,64.5936648288097,64.52998591542809,64.49630353389145,64.53207397929654,64.61280101953861,64.73156298941488,64.8751941834492,64.97112738128331,65.23995486568441,65.43333811463103,65.63675652116721,65.82200798441697,65.98937116432609,66.16051400814392,66.33824405238562,66.52120413251023,66.7069976054969,66.88768756976609,67.05995483555651,67.23895593444084,67.39550555617049,67.54800658791605,67.688281953194,67.8385083699102,67.99408787186937,68.12381796341681,68.29916155475303,68.44811147540237,68.60443431949987,68.74765053087872,68.93334133963931,69.13220202759489,69.30940016549287,69.46196621657872,69.63602587596834,69.79596691467957,69.94963053063103,70.06940075247923,70.21653363180148,70.35595584068756,70.49161513928043,70.62542620275794,70.75977234453053,70.92949860668229,71.07171572503007,71.1914185934489,71.31039225571108,71.44371213889994,71.57060517027338,71.70179408911964,71.83009256435132,71.96793870191442,72.10176704253732,72.23322809678844,72.36616216210554,72.5030911098678,72.6126055253991,72.75701372271662,72.90704504110731,73.06334590397742,73.24740913425283,73.39405246455374,73.47230511537896,73.60729296587112,73.72813935293973,73.83077728256123,73.9515936331995,73.98298618808882,74.02677547586647,74.02030102550685,73.98117164485507,73.88559969953836,73.8474976971108,73.7884795115473,73.66252458854353,73.58218296260453,73.50296466230733,73.48064832919772,73.44148164710184,73.4001684663441,73.37122518921036,73.35612289797318,73.3515865015405,73.35871734296202,73.38364859993588,73.37807094671679,73.39941613988955,73.3782534081691,73.32231371569837,73.2265876185114,73.12364111662588,72.9756461905696,72.79353682235683,72.55552991639955,72.33326734687158,72.11562629800541,71.87836895749773,71.66687480535624,71.43848125939301,71.22814430493627,71.01209828469743,70.81400650346606,70.63524317900841,70.46498370467155,70.30594164269542,70.15851562008385,70.01876402180345,69.86174303898319,69.71127728541131,69.5492755936861,69.38717862709399,69.21903908440514,69.04222742293948,68.8590952487397,68.6623249378154,68.48186091768191,68.3044718318313,68.11706630187824,67.935668374388,67.75510501751565,67.55168210889,67.35011093361051,67.15868946385015,66.97042015851265,66.78501708467887,66.58382643429437,66.43482080967117,66.31869622107698,66.23666245862523,66.23854716649286,66.32871240135258,66.5118636109009,66.756448937798,67.04918444477907,67.37896783290395,67.73218892951715,68.08953808625702,68.45746478233536,68.83083101315218,69.2058872223497,69.56672407880545,69.92988311973109,70.25899812688961,70.58128412416221,70.87765026714341,71.15327100139343,71.43171477445202,71.71613074042014,72.02103120624194,72.28988405439468
51.09629849349721,51.14257556068596,51.23956456913735,51.301197667114614,51.32149552429994,51.382811360498806,51.45029432706689,51.4924924110777,51.60987539474107,51.68160121074741,51.75341244888311,51.82142734188768,51.884186978789444,51.9389038552205,51.98660649827531,52.06498273404774,52.10834295754534,52.14619603067776,52.13846127184333,52.17324873462038,52.25918904233628,52.29017723045137,52.31918703171609,52.34444618054087,52.38999567200525,52.40166538039118,52.421323507655565,52.44541257709818,52.46212315187418,52.48327018459622,52.494784232673254,52.5229827433425,52.54409248464199,52.565379560160956,52.59199043633896,52.62256318415278,52.65287223267843,52.68610864181187,52.67459769543558,52.717418697858605,52.76685384715259,52.818578172457215,52.869172595764354,52.93274260387192,52.994736540783606,53.04442083528374,53.091027604518644,53.12157513510312,53.20659439994014,53.26720226109232,53.33583756171439,53.357633404973946,53.41259599794915,53.45353770249321,53.48145935821316,53.520336874092216,53.55288807458928,53.555005437479366,53.50764324654541,53.540416199798905,53.527196119818086,53.563582219476196,53.6282501054344,53.731700450032825,53.86672389341259,54.00214909144282,54.17727162590508,54.372204799513504,54.60291073395374,54.88180451354542,55.09979817419279,55.39182564342579,55.71576499651647,56.05713665862364,56.460079700900955,56.814773272845876,57.15853894933322,57.47837594725215,57.793635917558376,58.10491627101843,58.41965339241731,58.74297588620611,59.07890525240726,59.416426333748255,59.72601703963942,60.0547714833367,60.40205742161636,60.72983555092656,61.061496998600596,61.38280226452461,61.65280871783467,61.95973975111095,62.27798036229035,62.579670587487165,62.90299904168046,63.20741650425961,63.52039034916024,63.80531915768439,64.08256438556988,64.36743594613755,64.65730785794443,64.95049408125111,65.22131609759256,65.5185321457078,65.8041295378067,66.12488392137065,66.40239850247427,66.66939206076673,66.9195338575607,67.16712914567802,67.42522566246858,67.64186453875155,67.91375812847905,68.15975615873168,68.40908512120336,68.6300892855491,68.86455180194166,69.09240405545165,69.31539186352106,69.5384788897553,69.76890376642389,70.05573703583381,70.26993972328334,70.43721683109773,70.62513048413848,70.81282570814052,70.99629978127786,71.18139546425789,71.40173150438427,71.61549847307317,71.83009443075467,72.03808580434702,72.23046610898552,72.43988578353955,72.6202043185193,72.7431899764847,72.96314637648169,73.1021736264129,73.2530782298368,73.41351990357747,73.61522188965043,73.7405204229879,73.89457168852573,74.10618571558118,74.26224923001938,74.39055626862843,74.43309156379152,74.5070687239727,74.49314066947701,74.47171098506193,74.44973691239194,74.36879079174824,74.29980968555216,74.23254456142806,74.16186746674596,74.11052941866274,74.0256694770395,73.91567002585373,73.85953459409976,73.80464061463132,73.74271416820167,73.70617142207416,73.75857995829863,73.74564977520994,73.73504344335896,73.75781959967006,73.76701330888825,73.81076018366271,73.85528539793148,73.86956609619399,73.92294470709818,73.92753439436979,73.96377531692303,74.05252836457163,74.05751019734747,73.97908445801913,74.00117760035047,73.93519380376185,73.83448965736766,73.71208244743072,73.56511876997625,73.40597236165809,73.2452477340186,73.08556708272664,72.93462214188892,72.79020627682675,72.65820837298118,72.54419803196487,72.43871964145268,72.35284254696921,72.24167605868442,72.19848938000784,72.12567967628284,72.04102736812477,71.96512660728379,71.8854584859108,71.79277904992955,71.68319822337592,71.56810471751798,71.45160683741118,71.33502417414992,71.20240352359693,71.06414494284257,70.92372748172,70.79788265520598,70.64768215591081,70.54152702418149,70.41860637279122,70.26719271935649,70.16414850970752,70.07955836973312,70.02321578605239,69.98457838848951,69.97078668532296,70.01353432160259,70.06876425427886,70.15720070191186,70.2772545649522,70.40973857830744,70.52731258389947,70.6518265808953,70.74241156058815,70.80586924317822,70.83845101702474,70.86718521168982,70.86665206322245,70.88158894270678,70.88470396460865,70.88072537455609,70.87327262354977,70.88952316167025,70.90565554086815,70.91435525820539,70.8980478141358,70.93305456227505,70.97523315713501,71.05046334903491,71.09515432917955,71.08880989193997,71.11527069465424,71.12478461069395,71.07179326143847,71.04207682038755,70.9277358782153,70.75933955589626,70.61803048155953,70.4378747232131,70.25705083400146,70.06067525827727,69.89849426252485,69.73796562338103,69.58182489907428,69.44655159761739,69.32710715911297,69.17594478510983,69.10527647899012,69.00520408582389,68.9065236695637,68.80446149704936,68.69292905664682,68.56784622134325,68.43670153594307,68.29894202004931,68.16728715954474,68.03083566542954,67.87537180014796,67.70611618325987,67.57591488302124,67.38424291233959,67.23323806992308,67.08497301779401,66.94804396229209,66.81845981054498,66.65018218692855,66.5639779202886,66.4313420412377,66.32801745831071,66.22227115362739,66.11526171992173,66.02625380559643,65.92766077337815,65.82657283615063,65.72292733168887,65.61744685543165,65.50720679480187,65.38676171254203,65.25025448085479,65.12776945324562,64.96920611350721,64.81675672640458,64.68261269817538,64.58058343625945,64.52898926677578,64.499520338629,64.54673960711841,64.6386000613757,64.76821019973833,64.92527074684571,65.03060883701838,65.297907351896,65.49539239816527,65.69767893024299,65.88223318081712,66.04920542916307,66.21975644972312,66.3963628112646,66.57774879899023,66.76190393544753,66.94148817402083,67.11462040011176,67.2989307181693,67.4566403200101,67.61077026173145,67.7492882848325,67.90071647947542,68.0583812673426,68.18097381890256,68.36128769430763,68.50807762337789,68.66332953485629,68.80011764104417,68.98855903500663,69.19205152261743,69.36852967263484,69.51687410106086,69.69189191612287,69.84770334888967,70.00412358685989,70.11617440434388,70.26249348733876,70.401528784142,70.53749756150425,70.67211246697231,70.80750727163196,70.98594579341075,71.12657517406595,71.2493157417687,71.37153433129622,71.50437410732192,71.63114120122745,71.76287347975214,71.89166367826996,72.03026961209515,72.1637642395303,72.29427955553237,72.4265337071189,72.56348996862097,72.66729388177075,72.81220105172268,72.9628106354837,73.11975471202469,73.30951502048613,73.45695665715667,73.53243630885676,73.66609203495948,73.78326929970788,73.87823029585172,73.98438163270082,74.00426452121647,74.04043735495632,74.02506821461803,73.97683112764375,73.87061591640183,73.829602715836,73.77134849491134,73.6395219028313,73.55932835104976,73.47952953299355,73.46197639141474,73.42386200519462,73.38333020919603,73.35492068127154,73.33955926037036,73.33384962073532,73.33909836208949,73.36177393606803,73.34563244216761,73.35921095711443,73.32771698677952,73.26085994365249,73.15463118467974,73.04577360395503,72.8928263468248,72.70784214550328,72.46498529709557,72.24742945625572,72.02910884693206,71.79375170325771,71.58299266739907,71.35410169930401,71.14582912234421,70.93070121207766,70.73352655813476,70.55541131280674,70.38508122199194,70.22516960129778,70.07608737148314,69.93497367278617,69.77412111712721,69.6245745412393,69.46235004170515,69.30175168664263,69.13605977880748,68.96166653207369,68.77973147436693,68.58367700751752,68.39897617656457,68.22557584133222,68.04208947239376,67.86547513007615,67.68202753778108,67.47933483910785,67.27921346814173,67.09033651678493,66.9074144712467,66.72995516965814,66.53312229747921,66.39815178435136,66.29919046361496,66.23585981713218,66.25636620902132,66.36379278797885,66.5637841065964,66.82370379239671,67.12835058036043,67.46530512298314,67.82336514313434,68.18030778261115,68.54759623993189,68.91947345914664,69.29235124711002,69.6500812397504,70.01209361627198,70.34093830232885,70.67187680135376,70.97199463479215,71.2417438533981,71.52188667491468,71.80655152719989,72.11668901520257,72.38261479968381
51.11456405829973,51.15909158834952,51.260196519095395,51.322324971504024,51.3406871233002,51.40151169564883,51.46905898098077,51.517893761801105,51.62740956342745,51.697422805212796,51.76801271887925,51.83495372268174,51.896752181057266,51.95026440073612,51.99657686553781,52.07971177814352,52.12272205833024,52.160088307118144,52.14530797423353,52.18058648273734,52.269629076979065,52.30277146823291,52.33402667535143,52.3613668795795,52.41037849233845,52.419871325294075,52.43911485314221,52.46063180235489,52.47799815612324,52.49781032111287,52.507721940758344,52.53525057076978,52.555149255721474,52.575726181481386,52.60272628925579,52.63450252989172,52.66617843427753,52.70100114798666,52.68548804749194,52.72941591013934,52.77965225908476,52.8322011808071,52.8832915676153,52.94925201323938,53.01291620868121,53.06492566772774,53.1106429449069,53.13504875539975,53.22541212623078,53.285761343233425,53.35434983861411,53.36975891259631,53.4237704299919,53.46268130785385,53.488204601071075,53.52584237252406,53.56251704428143,53.56745916562996,53.51924984529833,53.564447579815194,53.557921932569634,53.6051816906867,53.67782851064295,53.78860247084529,53.931227831986284,54.06930385267225,54.25327571702517,54.4573113242352,54.696763537196084,54.98380604983186,55.209591604806036,55.51071748320447,55.83969820899494,56.180645027634625,56.589519311195474,56.946341786369956,57.29033715921481,57.60530024224349,57.92128955858494,58.23346681447451,58.5489294639425,58.87260124163029,59.20816759209722,59.544447014377646,59.852891840442425,60.181364313715434,60.53575627006556,60.862922942330876,61.19430043641788,61.51556161539405,61.77878221330922,62.087049842458924,62.406771666990295,62.704771276604404,63.028063862331315,63.333273208678996,63.64718519799609,63.93308628809858,64.21213217173378,64.49711850466339,64.78702551323643,65.0823217295365,65.35218924997125,65.64903041434096,65.93456102482487,66.26100421336267,66.53848421421823,66.80858264816028,67.05780392470803,67.30430296858431,67.56129859880286,67.7722703253261,68.04403805934207,68.28834056971814,68.53742740547666,68.75968863525011,68.99422633157431,69.22227187277382,69.44548584459984,69.66873639940638,69.89917195804577,70.18922992422527,70.40296127663818,70.56619524939897,70.75303184090528,70.94030301780872,71.1240160255318,71.30436593566323,71.52706635331407,71.74105127226527,71.95486192466751,72.16230773161487,72.35284764133166,72.56281732503535,72.74337209025853,72.86230291960446,73.08642158907577,73.2236531512516,73.37391987439891,73.53348751347819,73.73735420245139,73.85641179998035,74.00620354772866,74.2150768737331,74.36219310434677,74.47911051969007,74.51814217937255,74.57178450067559,74.55604106972442,74.51193486241208,74.49017561421661,74.3884760843183,74.31126627540465,74.23841239406308,74.16486681333016,74.10988660101108,74.02463770961221,73.90971178570841,73.8584859822959,73.80309034013713,73.73979712964426,73.70248647402383,73.75483381990612,73.74198101788782,73.73059515930241,73.75307955007185,73.76248105511996,73.80540571780384,73.84900832985288,73.85913866605463,73.91042583530268,73.9243387449535,73.95523216177834,74.02678396581156,74.02294726468993,73.94560645794807,73.95226601703315,73.8832051904935,73.78031388393146,73.65698006630456,73.50962802291731,73.35000454907764,73.18986638884164,73.03065232244771,72.88002467784393,72.73601447796366,72.604174283026,72.49009097632532,72.38381042659579,72.29856223411893,72.18548026533092,72.14365466156349,72.07025033187345,71.9844283839835,71.9090273609344,71.83038577284618,71.73781859331264,71.62737665913978,71.51211046981597,71.39661948991679,71.27837525468172,71.15003122346766,71.01573177854185,70.87272510535077,70.7508077705133,70.59906806503258,70.49784094234309,70.37604077289015,70.22011917567347,70.12175007315147,70.0421376465025,69.99334632987195,69.96387418496298,69.95975485748185,70.0176553630763,70.08008626706645,70.17574143931031,70.29777657840042,70.43223678609742,70.54380027734092,70.6698962658503,70.7591679956711,70.8207166623393,70.84850679826646,70.87676544516147,70.86837451524673,70.88858107628272,70.89271977390345,70.88976345768542,70.88252336817062,70.90068216685282,70.91707281340736,70.9238624410606,70.90173229006734,70.93690930219007,70.97928669397983,71.06026570654306,71.10129067864646,71.0813548174558,71.09867403517217,71.09716260790009,71.03260648893765,70.99808957406663,70.87682325451476,70.70288263969633,70.55901199100005,70.37781549535838,70.1966393329447,70.00047165498617,69.83882219135272,69.67912148708132,69.52400146100707,69.38924059215043,69.2696984365923,69.11405974661106,69.0459045411174,68.9446219873067,68.84503233831869,68.74260679660314,68.63168134549991,68.50719577717533,68.37640262681863,68.23894175573699,68.10360641777643,67.97091156307566,67.81900184463518,67.65401345799141,67.52478433394147,67.3306091874986,67.18250758542399,67.03625474033797,66.89964133883316,66.76966838765486,66.59517917319857,66.5132413408205,66.37946304299865,66.27652638253228,66.17035399468227,66.05929289798165,65.97391777814437,65.8750466639869,65.77380794434701,65.6703136190682,65.56525214255066,65.45584075164572,65.33676473105004,65.19546944205113,65.08321300802987,64.93408471593855,64.78798869467305,64.66287390573638,64.57034688615863,64.53093978263738,64.5054956780464,64.56379380550848,64.66639352858598,64.80647050048533,64.97693435629432,65.09400998319909,65.35648595405935,65.55779200570971,65.75838703050091,65.94204465520798,66.10868007249302,66.27878179233585,66.45443853895274,66.63445685598153,66.81722440522512,66.99598123070365,67.17025545778615,67.35982403781121,67.51876258172871,67.67454730364226,67.81137364288479,67.96396069101569,68.12369943736749,68.23937551501237,68.42426274747929,68.56885344956967,68.72292140136668,68.85383401961897,69.04473126519217,69.25217910754964,69.42778139113669,69.57214919677246,69.74795594624669,69.8997024418437,70.05880148498483,70.16387329416048,70.30945562988897,70.44820730608217,70.58457630332859,70.72005827673564,70.85656696190878,71.04302080464629,71.1820009595876,71.30800008549852,71.43366440262396,71.56590898227911,71.69256921097097,71.82483118855804,71.9543359684974,72.09352018006209,72.22660249433974,72.3561513653527,72.48770259600985,72.62462491827935,72.72328710867329,72.86858959118304,73.01963683967757,73.17703166704297,73.37181327408221,73.51996766016248,73.59403956435047,73.72637091901062,73.83985084051385,73.92711201011574,74.01784952061465,74.02660528355017,74.05472440139894,74.03019246100921,73.97292960329561,73.85740156245906,73.81250188314108,73.7546089459055,73.61854356999507,73.53861799063154,73.45855551583726,73.44503292103614,73.40753715480108,73.36782913665547,73.33998269408694,73.32434355624927,73.31734139034312,73.3200974063022,73.34018820543783,73.31397311896336,73.31935604356215,73.27748791885793,73.1999318720922,73.08357417598137,72.9682452709299,72.81013688045066,72.62230078757561,72.37553937110165,72.16208150466795,71.94324648646418,71.70978913336717,71.49902484807915,71.26985069976847,71.06369386714806,70.84982885638281,70.65366400205689,70.47607546368971,70.30545375603386,70.1445136762472,69.99385993278504,69.85123895466933,69.68697388971133,69.53818786320488,69.37581352128737,69.21663664479046,69.05326466323874,68.88118881283805,68.70051474079492,68.50535483342732,68.31681566383904,68.14727659249131,67.96784090677741,67.7958977940652,67.60947518574827,67.40791753756602,67.20932523597182,67.02314881915996,66.84567087495216,66.67642466460389,66.48486487246154,66.36432399452218,66.28297101231861,66.2388040408227,66.27799702447724,66.40240644671367,66.61861651806848,66.89319545274911,67.20908969545553,67.55249041840047,67.91482980800222,68.27079612817334,68.63717641939422,69.00753625025673,69.3784245161408,69.73363953754914,70.0948270196155,70.42396982296646,70.76398934881584,71.06818358219043,71.3320241166086,71.61386342639844,71.89869531668919,72.21374703759429,72.47653442103798
51.13350264778368,51.17680941997038,51.28106750952956,51.34363517989978,51.3610576359519,51.421464531846354,51.48902524616966,51.54490258572299,51.645697775265965,51.71405835359556,51.783450609781646,51.849412974855966,51.91034011187242,51.96277469957524,52.00780668927786,52.095041663293756,52.13769222053652,52.174589843715964,52.15380433135387,52.18959254317693,52.280736311845864,52.31594990846204,52.34937747163775,52.37879834441856,52.43044857994053,52.4383796633712,52.457398944399365,52.47637502087704,52.494618838230615,52.51309492013824,52.52182517376949,52.548394077787364,52.56700713375476,52.58684160946216,52.61413458811081,52.64700224478044,52.6800225502798,52.71644164972016,52.69829973053285,52.743334000295604,52.79428100130237,52.84755353672042,52.89896827375259,52.96689671062573,53.031773397348964,53.08583245705533,53.13091203865437,53.15020681509277,53.24477598044758,53.30487876731017,53.37302613160274,53.38294658519537,53.4359085541807,53.4728329291379,53.496112880833756,53.532405331876866,53.572876526197426,53.580821259158625,53.53305922687397,53.590142571165075,53.59094869313356,53.649324479613675,53.730116897291964,53.848133552960576,53.998172594988795,54.13895648973544,54.33146100169498,54.54425864253626,54.792083421999024,55.086862693895334,55.32074117749899,55.63072616358693,55.9644365273988,56.30440921879992,56.71837157482607,57.0771747479259,57.42129806940667,57.731188466624495,58.04804536369047,58.3613384982705,58.67778570773827,59.00206166976934,59.33747058086558,59.672657905879895,59.98012933458799,60.30845842617786,60.669607784948276,60.99620008244702,61.327296582139354,61.64849437150505,61.90565857564839,62.215174881328146,62.53625994768181,62.83089427236537,63.15417127581403,63.46022350768894,63.77509454804528,64.06195261973083,64.34270507813407,64.62788230224312,64.91789158363484,65.21509906364278,65.48416379921183,65.78067994681881,66.06611742712597,66.3971495795439,66.67453460143062,66.94751185351959,67.19584351801139,67.44134797563596,67.6973146506706,67.90359285438666,68.1750805967362,68.41776649927625,68.66650252690103,68.89030861345167,69.12496711442392,69.35325217441437,69.576727421335,69.80016161625394,70.0306118277609,70.3225349684903,70.53594377939328,70.69624713316244,70.8821865318724,71.06912215809427,71.25303992428896,71.42871035662124,71.65283789110751,71.86696311757366,72.07999732519056,72.2869190574239,72.47567640198166,72.68603521980337,72.866789462989,72.98331829589638,73.21008417244634,73.34675592966258,73.49648491625695,73.65523805531826,73.85976203992519,73.97408507142808,74.11960233385159,74.32412446242873,74.4623242898559,74.56804763084831,74.6049437691914,74.63829806623032,74.62074839073746,74.55455506099568,74.53005003177418,74.410289010938,74.32434215296183,74.24561488736374,74.16929561190827,74.1094308364315,74.02391504928765,73.9065902862924,73.85965479392836,73.80377846468785,73.73964531259833,73.7016962369805,73.7514695291395,73.73912305677194,73.72784479158959,73.74970016548757,73.76003482376672,73.80160117397071,73.84399084816418,73.85069638110025,73.89970543284211,73.92327664280701,73.94878320735407,74.00208494632957,73.98948277071317,73.91421023173066,73.9044090177624,73.83186974825199,73.72683722314208,73.6026151988582,73.45499676537563,73.29501053655882,73.13513429467692,72.97620196158762,72.82588323047929,72.68229617725272,72.55064475566579,72.43640775434056,72.3291819600177,72.2444819737164,72.13092633725947,72.08933196280746,72.01544610910385,71.92882086140385,71.85362533289019,71.77557031631397,71.6828820582362,71.57163343095891,71.45628958981578,71.34186901058106,71.22225690873657,71.09832319962285,70.96794384728655,70.82254784994464,70.70432876918672,70.55119142219253,70.45400695227949,70.33320346370064,70.17386851415445,70.08060110471318,70.00608074096144,69.96482836388643,69.94458225356571,69.95015170802871,70.02272627182195,70.09216187579855,70.19495545047153,70.31876688352148,70.45490424192278,70.5604631619718,70.6879688045567,70.77601157202051,70.83582641543137,70.85911818660334,70.88707298314654,70.8714160528679,70.89664251346592,70.9018251912537,70.90003823321089,70.89329496696905,70.91301929903895,70.9294327553007,70.93440146010012,70.90738969356467,70.94250505964717,70.98483518900822,71.07040378853702,71.10757208694191,71.0751197286404,71.08319287686788,71.07046069286294,70.99465696030178,70.95399341611585,70.82597452280889,70.64758282781307,70.5002292578557,70.318106912207,70.13623063927625,69.9407803825113,69.7792388176852,69.62056821911973,69.46680422781584,69.33271055008196,69.2130842161014,69.05406126985868,68.98752945102328,68.88491711187979,68.78428372762652,68.68128722382099,68.57076387439297,68.44686801885845,68.3165364975374,68.17952871942633,68.04083487566064,67.91174667168067,67.76333616756156,67.60280810537596,67.47360615059222,67.27772695361242,67.13244091242319,66.98833943298636,66.85195427828157,66.72147060257865,66.54170378359804,66.46289445979859,66.3283421019335,66.22523423291545,66.11851977146996,66.00380246150085,65.92160814752276,65.82261862667161,65.72141040569494,65.61819344425523,65.51358839393141,65.40501200794964,65.28738598332565,65.14195396717005,65.03971489967948,64.90047896361723,64.76106603184144,64.64537328243512,64.56263907188263,64.53555174243208,64.51426570208304,64.58333655607787,64.69631411663315,64.84646248668435,65.03008271869683,65.16077082834727,65.41577210039411,65.62058519794188,65.81914811408912,66.00176012719562,66.16812422089552,66.33790096676029,66.51276232979576,66.69160634542428,66.8732279874198,67.05141715700383,67.22703425300338,67.42152077313916,67.5816918760541,67.7390875207469,67.87433261633778,68.02798892821991,68.18974776983242,68.29898633176836,68.48787412567779,68.63032608516927,68.78315397953895,68.9090742331508,69.10205611356318,69.31257525926597,69.48716155552634,69.62796433201636,69.8043447142874,69.95221846515607,70.11376332547026,70.2128868944732,70.35779535733222,70.49634388561451,70.63316210752687,70.76951820029609,70.90714801890812,71.100512044688,71.23781676826484,71.36720726434677,71.4964280268236,71.62795479464567,71.75453660834322,71.88731543347929,72.01783599079177,72.1574014697336,72.29003782369477,72.41867782581554,72.54957687922708,72.6864526931844,72.7808664223529,72.92648546195113,73.07784680114148,73.23550649748027,73.43440232593085,73.58313363482996,73.65720564606801,73.78815753286091,73.89788471716686,73.97748793719644,74.05232767583254,74.05038852219037,74.06985211542482,74.03573965941226,73.96946797708134,73.84615670445676,73.79611239135987,73.7379823335363,73.59960619620212,73.52005052824589,73.44009326697636,73.42971198794002,73.39235488453531,73.35356395742917,73.32636958344129,73.31049876377045,73.30214800841873,73.30176006350753,73.31895524237021,73.28344312786741,73.28023595781201,73.2280234881818,73.14005207650753,73.01397830565058,72.89143086887844,72.72779633407818,72.53699754973718,72.28738028726909,72.0770910928006,71.85791867685107,71.62630198037797,71.41467391756808,71.18550936164841,70.9815532802974,70.76940240265229,70.57440537897202,70.39725493949722,70.22614733148914,70.06407018209885,69.91204148568606,69.76782648265413,69.60079054912293,69.45256730313638,69.29013181295741,69.13221989732158,68.97090581549152,68.80090605691984,68.62147443232514,68.42734181365256,68.2355584992579,68.06955747373796,67.8941750792455,67.72660072646345,67.53719464220553,67.33726934924384,67.14030307577481,66.95700375882437,66.78504374831799,66.62426803305112,66.43915150609163,66.33341858286519,66.27008740827819,66.24551353153856,66.30344214149859,66.44456570034116,66.67635266478959,66.96484320198266,67.29128128828256,67.64038043769159,68.00643649652704,68.36089116047125,68.72620269120038,69.09518884447479,69.46439258003696,69.81768190464386,70.1783334222585,70.50827683998646,70.85740217601175,71.16586565243286,71.42397506463391,71.70747338796113,71.99241409640562,72.31190557795857,72.57146886302068
51.15309447436304,51.195903997993305,51.302154707453546,51.365125083869046,51.382821616112295,51.44293592192845,51.510471305634525,51.573520829248416,51.665009939950984,51.73181307710387,51.80004979439423,51.8651455530548,51.92529882052211,51.97679241120429,52.02065903867902,52.111059833707415,52.15328672732773,52.18968733290394,52.16421915911028,52.200475101921946,52.29247058290486,52.32955594415772,52.36497472556067,52.39639315958488,52.44960045974782,52.45674189870272,52.47576191800042,52.4922970845456,52.51165742486369,52.52882464165971,52.53690552332064,52.562193012710985,52.579466924043615,52.59855507444115,52.626050457229724,52.65989069831873,52.694239383015784,52.73227509830244,52.713220569887746,52.75938700606552,52.8109784033328,52.864892017229394,52.91646788463663,52.985868437490765,53.05142558486063,53.10717519971145,53.15196309904938,53.16753632410355,53.26485264940577,53.32473584021737,53.39196536741407,53.39756181933182,53.44932990778585,53.48428974720123,53.50547130595449,53.54025885087962,53.58395520240648,53.59495530601127,53.5491140824535,53.61712933177496,53.625847553198206,53.695452385886604,53.78458318283735,53.909836977459534,54.06720164755158,54.21109431957413,54.41188963956043,54.63316344885591,54.889030174374575,55.1911683388408,55.43341049635675,55.751884968068495,56.09002469957042,56.428696747972374,56.846828014867604,57.20743273746709,57.55157990326494,57.85641136956,58.17424480784933,58.48884131418815,58.80650202685563,59.13161024019641,59.46705067385249,59.80129463693718,60.10796831596951,60.43627036594861,60.803475177641936,61.12953973860149,61.460357868109654,61.78146652750384,62.03362234693594,62.34424561969053,62.666517212438215,62.958259390693556,63.281549871546574,63.58849390284418,63.9043453795797,64.19213906709528,64.47446868597659,64.75994904820071,65.05016537151232,65.34903189313209,65.61751210825457,65.91379358940489,66.1991313205668,66.53335936620132,66.8106035662777,67.08612633839671,67.33364753341168,67.57832054815997,67.83338217768815,68.03623909282433,68.30727221577914,68.54846337769968,68.79671651224426,69.02232503224154,69.25713190284281,69.48568009537306,69.70942356106795,69.93302877257547,70.16346263800176,70.45557170783755,70.66879071197157,70.82750436912478,71.0127266930824,71.19939211762822,71.38342874365847,71.55458679376231,71.77896755633913,71.99312027203769,72.20538567597283,72.41180364380227,72.59885918959041,72.80940273719013,72.9903015769672,73.10640393890533,73.33398647657326,73.4715590637171,73.62087528160421,73.77890201694866,73.98230550213638,74.09374969031609,74.23504046125447,74.43337174996313,74.5627785053745,74.65761562990593,74.69370824402054,74.70711140272664,74.6874405837173,74.60012501613654,74.56912540939383,74.43466911548616,74.3393557046977,74.2543528422816,74.17526492779243,74.1090287970718,74.02327664295115,73.90649755273314,73.86299431472722,73.80664430146315,73.74227309536569,73.70385092726735,73.7482335316856,73.73691001598779,73.72679982726422,73.74768440645092,73.75982309779778,73.79947707901727,73.84038131600235,73.84460163283704,73.89119214739864,73.92438329864832,73.94448596448747,73.97885539804157,73.95757942739935,73.88505045974631,73.85799422408365,73.78138181673772,73.67413396333687,73.54894927918639,73.40110664646086,73.24083883104306,73.08081996456242,72.92195843539943,72.77196742297414,72.6288765843409,72.49751840712759,72.38311130026096,72.27485566402106,72.19066797206266,72.07842367822447,72.03576501316346,71.96157700373455,71.87461835837746,71.79925979753146,71.72121539726058,71.62807512824223,71.516038185928,71.40066678733724,71.28730803440524,71.16668511934208,71.04715794772093,70.92050415146164,70.77301497984612,70.65816014825613,70.50384584593536,70.40961206649119,70.28970120282723,70.12841238366035,70.04078606032606,69.97153622377081,69.93782058948183,69.92688746365205,69.94219412530421,70.02874560811495,70.10501699991413,70.21486330305014,70.34035731863837,70.4778471597608,70.57769859779063,70.706260874751,70.79308907393798,70.85127946360717,70.87039074699693,70.89809648737516,70.87598368480072,70.90564120304057,70.91179714239102,70.91130166647889,70.90538405626019,70.92625104148975,70.9424453012311,70.94578822274187,70.91518165810584,70.95002559285095,70.99207867311084,71.08077137537802,71.11393303681206,71.07043798553725,71.06920087097959,71.04507733606326,70.95838773199145,70.90987667181233,70.77521190276607,70.59354594521243,70.44154686479071,70.25855809317451,70.07554601511073,69.88140092851688,69.71950362417881,69.5621471973152,69.41018741063918,69.2770054570021,69.15737688209036,68.99635862069557,68.93043353668341,68.82641171395596,68.72461761364498,68.62081083729667,68.51040289041738,68.38702163560171,68.25721214368748,68.12076989693036,67.97916155667097,67.85335949847348,67.70825251697555,67.55229883794128,67.42201752402171,67.22544809360492,67.08285908405897,66.94108939655091,66.80488089335326,66.67381134371257,66.4900414584841,66.41299846127532,66.27818175247765,66.17426820785751,66.06690587224416,65.94911832212941,65.86947112289177,65.77054969344337,65.66957029611842,65.5667448222785,65.46258669587588,65.35478124855243,65.2386122686925,65.08992278312292,64.9971690226933,64.86811085249825,64.73566636344583,64.62976896780721,64.55714388680693,64.54253942557916,64.52586656067834,64.60546784043764,64.72849452098083,64.8883047533639,65.08461354095499,65.23033138098474,65.47584721911984,65.68382023553927,65.88022947421769,66.06169731955038,66.22786700095017,66.3974249037747,66.57162527813941,66.74947530925861,66.93018365462169,67.1080463701107,67.2851310301872,67.4839058039257,67.64524773771396,67.80414072014385,67.93795979417838,68.09254911477717,68.25623165262573,68.35976954919262,68.55190924031302,68.69238266136828,68.843971329881,68.96611284818722,69.16073166348698,69.37323045464089,69.54667640033162,69.68449233509547,69.86118496819272,70.0055056904412,70.16910820878059,70.26360467782628,70.40788796754862,70.54629100184543,70.68356571687261,70.8207468059019,70.95944704617703,71.15820791783497,71.29384628676735,71.42667291802185,71.55947076102449,71.69014957529578,71.81669080218344,71.94997443245782,72.0818903009112,72.22162454502818,72.35382624432457,72.48169323648703,72.61206460721925,72.74893002767762,72.84031303905576,72.98619478488052,73.13776366732789,73.29550893178455,73.4973806069219,73.646502742418,73.72202531821733,73.85147979134672,73.95737167147615,74.02942358893705,74.08814647724611,74.07599428423751,74.08603599726464,74.04177570455917,73.96644715427156,73.83708140914169,73.78035143282625,73.7211901268103,73.58272638761977,73.50362461078888,73.42419344254863,73.41590766200444,73.37816298301149,73.34043338022389,73.31403970511913,73.29804786109456,73.28835567301704,73.28413192161298,73.2981388811901,73.25439261964328,73.24223525844319,73.17978097852867,73.08174313238858,72.94640528692172,72.81570514912856,72.64602325033847,72.45201723315144,72.20069619444916,71.99232582134603,71.77300487834201,71.54311097684203,71.32964244603751,71.10085878580584,70.8992221027419,70.6893430359255,70.49573723261965,70.31896904806923,70.14720797304955,69.98393543340771,69.83084021188276,69.68500287194182,69.51606028774945,69.36816291286205,69.20577069724,69.0488878400202,68.88923531335847,68.72093005600627,68.54263993325895,68.34962134630095,68.15538380257378,67.99240187350149,67.8209464640143,67.65724828737912,67.46493258794126,67.26722941912078,67.07200382622467,66.89177872362738,66.72538747003324,66.57332773853486,66.39607954521978,66.30551669206189,66.26058919258408,66.25600669112153,66.33270408872329,66.4902845084185,66.7370392954464,67.03866625691981,67.3749059803172,67.72897036744777,68.09821877802612,68.45078246533254,68.81498556908217,69.18277671726084,69.55058035644029,69.90249244048677,70.26286291669787,70.59404350457302,70.95189569240482,71.26468938861413,71.51745997108303,71.80254491866062,72.08755985386682,72.41086494083693,72.66724407019541
51.17331975045174,51.21655026486312,51.32343527988106,51.386791474979,51.406193617638685,51.46619191873219,51.5336753423764,51.60375043878243,51.68561596717681,51.75099219694591,51.8181339455209,51.882491911922706,51.9419763562935,51.99267519508962,52.035496982924855,52.12785373359345,52.169538861867416,52.20536746711475,52.17682127340869,52.21344234495516,52.304791726124265,52.34343296833895,52.38055374210582,52.41380390960521,52.46722865669663,52.4745095353687,52.49378991051872,52.50805284524149,52.52878614268991,52.54470014566458,52.552774581025716,52.57642712385639,52.592329431889844,52.61069580675632,52.63830902093814,52.67299626000642,52.708663734816135,52.74834644502357,52.73043839088607,52.77778896518722,52.82998279470343,52.88447339936622,52.936055570727994,53.00635893529429,53.07199024929007,53.12898789214103,53.17392433938023,53.18752429235357,53.28580881992058,53.34551386884986,53.41126647278195,53.41397001156638,53.46435402807761,53.49734894289971,53.51656698488652,53.54963602826134,53.5957417549777,53.60972489413381,53.5674571032181,53.64503601957126,53.66218966445203,53.74300720913501,53.84069528473505,53.97325602542294,54.137958454806125,54.28570465913004,54.49462379026729,54.72414243763345,54.987763580334686,55.296916877773135,55.547763165464445,55.87422718014455,56.21650747335222,56.55377513100477,56.97508015439492,57.33727633494685,57.68134088414583,57.981339700214896,58.30022936603569,58.61628525400927,58.93535832434573,59.26150002248466,59.59714432619804,59.93059283623169,60.23664757848038,60.56501667825236,60.93722165952396,61.262814678120755,61.59335672667345,61.91434407803673,62.16285806925558,62.47439280951797,62.79761546933274,63.08708644751246,63.41042823894684,63.718310895699496,64.03516467287123,64.32386654470609,64.60760857646706,64.89354045186012,65.18410617924151,65.4843260275665,65.75250654003958,66.04868418836267,66.33393528100423,66.6696729196219,66.94674501092567,67.22437276434361,67.47121086684967,67.71527706748307,67.9696095394717,68.17061600753013,68.44099939158858,68.68086063528202,68.9284753882742,69.15611370370759,69.39107844918334,69.61989077064968,69.84388123114017,70.06761210064836,70.29796365120106,70.58825968147573,70.801405554796,70.96009884402265,71.14478446057774,71.33122188504161,71.51523974974936,71.68215331371668,71.90537678758335,72.11940899869658,72.3309120206633,72.53684535277829,72.72230280281289,72.93278314654208,73.1137535724497,73.23172768217619,73.45798085143632,73.59813965548645,73.74719289663403,73.90460988622036,74.10484468914957,74.21561510962928,74.35279034429718,74.54286200463127,74.66369146973032,74.74806254466563,74.78464751463251,74.77872649225434,74.75629559986514,74.6491981631584,74.60716699140471,74.46205594184154,74.35662531708611,74.2648270597682,74.1828858262949,74.10854715507995,74.02249763748796,73.90962561015807,73.86845783042251,73.81162716364271,73.747694856248,73.70900076120763,73.74487227323125,73.73517601966084,73.72746775337005,73.74703523349544,73.7619943601824,73.7991639597974,73.83832809650455,73.84121681277135,73.88529462665443,73.92769392319542,73.94239794401581,73.9575194128635,73.92769994673078,73.85828182237447,73.8134092575425,73.73193573565118,73.62227839285323,73.4959437413839,73.34783931528271,73.18733793947185,73.0266919115361,72.8676641791361,72.71804687850779,72.57558090887518,72.44469385363831,72.33016454833681,72.22085296090853,72.13718643545876,72.02838169198041,71.98319754205521,71.90895301152622,71.82223443289583,71.74627002923843,71.6675242966325,71.57350348687291,71.46066057114177,71.34526677220009,71.23288919639052,71.11167586952595,70.99641396342031,70.87313569345206,70.72394575939971,70.61201640475159,70.45682495480585,70.36424329747861,70.24514074787447,70.08372243305212,70.0023893959235,69.93865266559152,69.91248170804428,69.9109746845763,69.93609899764914,70.03571193223077,70.11867755885203,70.23548556470074,70.36267972207398,70.50117175358885,70.59590394479596,70.72498915416952,70.81054728572516,70.86715676801954,70.88243004440872,70.9098246195774,70.88228441975988,70.91544509379086,70.92241255304701,70.92330572283579,70.91858727235918,70.94009387746635,70.95582038588141,70.95783863640378,70.9252698171691,70.95965466000591,71.00121717717816,71.0912622474272,71.1203080110029,71.0676429481898,71.05707166874541,71.02141100798188,70.92424186046718,70.86582766643323,70.72455761405469,70.54087781686033,70.38282939446928,70.19897815767646,70.01430672256276,69.82213278066705,69.65937609349005,69.50369979948674,69.35410522061562,69.22216929850083,69.10268881900932,68.94136106496474,68.87489912607343,68.76942804794801,68.66637377253186,68.56148569562393,68.4508246406646,68.32781531661423,68.19853856085699,68.06273227406207,67.91877548428106,67.79576855068285,67.65362864092558,67.50228436821524,67.36965564527829,67.17362449039997,67.03358313346975,66.89436693184321,66.75831929676434,66.62663549945287,66.44047763821395,66.36361452930306,66.22918452906659,66.12375550575581,66.0156496852586,65.8955683915174,65.81765291341154,65.71901289631325,65.61847769154159,65.51614576816647,65.41237813468615,65.30520915829302,65.1904303864743,65.03959061682099,64.95546927157025,64.83670237853657,64.71146731502225,64.61571910138817,64.55354522430692,64.55161711149783,64.54033440377165,64.63028764019897,64.76306743709264,64.93211589555246,65.14042452997062,65.3021316496334,65.5367927384562,65.7475453791794,65.9418984040965,66.12217395504258,66.28823753923656,66.45766453415732,66.6313184783294,66.80834178942472,66.98836037942093,67.16611928721356,67.34472003376129,67.54686400994342,67.7092497014361,67.86945670893155,68.00204976539355,68.15738917437643,68.32285647363577,68.42168844730726,68.61615550279483,68.75491030935827,68.90531751290075,69.02522443127576,69.22095599833088,69.434135170549,69.60633216008034,69.74190603431265,69.91860345591041,70.05981838931343,70.22493523538022,70.3164161167639,70.46010875841824,70.59840113388144,70.73609787413925,70.87399866180121,71.0136606472626,71.21589682838625,71.34991320176483,71.48613268623218,71.62243816235589,71.75213135510353,71.87867920133097,72.01245640343558,72.14622545461384,72.28590046986415,72.41772377295824,72.54503189693322,72.67507383043504,72.81201365610048,72.90190817502807,73.04802368082467,73.19971058568942,73.3573686984037,73.56084654794513,73.71012314418537,73.78858934500633,73.9163656093044,74.01831244525086,74.08298447718072,74.12563630374696,74.103802616792,74.10349154714895,74.04836649118178,73.963868040137,73.83037574326059,73.76513619987404,73.70395379473403,73.56792075041531,73.48933888515657,73.41090669869199,73.4035140131074,73.36480923884373,73.32833611374643,73.30295141490508,73.28701382638218,73.27605058219292,73.26725856852596,73.27780295622242,73.22717174505436,73.20573850403497,73.133217673676,73.02552761522529,72.88141683302909,72.74144286300822,72.5650361718625,72.36744463898177,72.11567524149314,71.9076532909967,71.68838455118633,71.46003685531124,71.2436330036591,71.01568007310277,70.81651507543121,70.6095719412419,70.41764610673953,70.24123709724569,70.06868170540687,69.90420574472884,69.75046429307167,69.60303473773361,69.43327229797832,69.28542474421032,69.12319595465986,68.96702686867044,68.80850523463216,68.64137260178457,68.46404062789783,68.27217682948019,68.07647069353926,67.91579318021128,67.7480095353001,67.58750483692046,67.39243570374377,67.19763689217619,67.0042843259955,66.82735110141812,66.66655641878681,66.52344624459018,66.35574633669621,66.28069946479384,66.25452590632666,66.27030192141338,66.36578539478927,66.53957683050291,66.80072639587435,67.11472616141158,67.4600393414127,67.81840693530107,68.19036003495003,68.54078922508042,68.90388035692959,69.27064876870263,69.63731276299251,69.98835524452996,70.34866559543053,70.6814539679102,71.0472503074584,71.36430333382891,71.61234210956495,71.89890637755471,72.18398457659028,72.51032543077095,72.76368598712563
51.194158688463745,51.2389231630246,51.3448863938258,51.40863114479682,51.43138819438836,51.491498575094674,51.558915539396246,51.63559336073011,51.7077857666378,51.77190093432988,51.838026735965556,51.90179250610412,51.96072076847386,52.010780710697546,52.052683591198914,52.14551080716074,52.18648190731915,52.2216169387811,52.191879490154996,52.22870245825935,52.31765957747224,52.35742437402473,52.39584982625884,52.43068317900631,52.4827276957233,52.49123407744928,52.51106905852768,52.52329715484569,52.54567721837663,52.56042209214019,52.56924393849867,52.59087615953932,52.605395462595254,52.623093036745566,52.65074540356172,52.6861472993433,52.723130408011386,52.76450064117365,52.75014101885725,52.79875391539883,52.851532504941694,52.906554460163164,52.95799650248715,53.0285599454961,53.09358486871102,53.15130453078902,53.19692397293518,53.2106577297642,53.30781117880724,53.36739416010246,53.431028374440224,53.43253655845972,53.48130045232626,53.51230769708926,53.52968702608312,53.56076996275097,53.60822486598026,53.62499361147214,53.58813098034896,53.673490792480344,53.69954617858337,53.79143074898836,53.897921120440984,54.03793397793163,54.21008648188392,54.3627748253449,54.57972561346147,54.817312303308135,55.088443425891356,55.40430220379726,55.663962788907156,55.99778608331051,56.34392959658652,56.67991188374986,57.103319516482834,57.46686612031858,57.81073923540546,58.10634420775402,58.42634051322384,58.743980309515685,59.06463450325961,59.391984086207195,59.72798799304237,60.06078813244557,60.36640591601399,60.69491390831376,61.07071044197185,61.39589766833129,61.72616559017544,62.046993017750005,62.29355028469096,62.60574720278242,62.929626726438606,63.217595258745604,63.5410349674328,63.84990098780958,64.1677794081918,64.45735596707742,64.74231033081128,65.02887822254529,65.319973309195,65.62118727650818,65.88941945750709,66.18566458995566,66.4708618842951,66.80612958609262,67.08301283754072,67.36219779291237,67.60852841426633,67.85227391493227,68.10610509563749,68.30713056539516,68.57664859928227,68.81538770231695,69.06218518175868,69.29205043993753,69.52716450579774,69.75621933524396,69.9804073988931,70.2041858327501,70.43435412979132,70.72051842861352,70.93369178828951,71.09416244459273,71.27849197040094,71.4647204489654,71.64853020867076,71.8115679831148,72.03198702341466,72.24571556058972,72.45646140291093,72.66192804638018,72.84591404030405,73.05603971720572,73.23699058969297,73.35945735925387,73.58191964701545,73.72657480704196,73.87553968753977,74.03249215098437,74.22723970102936,74.33989078235268,74.47312439733963,74.65263849472828,74.7651989017512,74.83963640293014,74.87797349179979,74.85364531690315,74.82749139038214,74.70232793738501,74.643940022136,74.49288903388288,74.37646937660102,74.27723834077497,74.1922693727279,74.10785258260375,74.02135317978338,73.91616648369468,73.8759986267443,73.81866636440618,73.75592497354711,73.71719595512451,73.74113219946327,73.7337551919166,73.72985605695077,73.7477556071548,73.76669709388985,73.80079234316499,73.83797955280772,73.84090431240945,73.88242151829165,73.93324372716634,73.9425766567764,73.93850108271124,73.90030704068953,73.83405899999455,73.77104173968446,73.68372584469279,73.57134480002848,73.44356001954549,73.2950764209509,73.13435636878667,72.97251864863594,72.81306162805068,72.66389122025937,72.52223436050252,72.39206971142494,72.27753043281848,72.16719527298274,72.0841035702057,71.98120978228172,71.93187327890647,71.85788412823942,71.77208264295047,71.69499530239135,71.61470029537614,71.5192728176703,71.40557023369487,71.29011425422402,71.17856513153811,71.0572451423159,70.94596974237939,70.82556147564281,70.67515945294991,70.56561203570296,70.40992236734876,70.31748765774213,70.19912885644693,70.03977031119064,69.96549556743892,69.90757863708448,69.88897042095972,69.89702878569274,69.93208321340421,70.04362380444483,70.13316947205114,70.25684280307787,70.38586593215129,70.52498423738425,70.6154765629863,70.74437032054865,70.82853299168379,70.88353928982116,70.89534164380026,70.92224604148343,70.89052526646017,70.92592213450102,70.93344834895326,70.93580236762794,70.93270125158118,70.95426429022994,70.96926794393457,70.97036860850388,70.93781580423249,70.97157601931656,71.01245073210089,71.10177018504577,71.12663149226059,71.0670679766415,71.04717892140366,70.99986017909963,70.89266240218957,70.82193472525566,70.67403387634315,70.4896842677227,70.32394142955569,70.13917622512835,69.95223402374693,69.76277542662608,69.59861570827546,69.44506740345322,69.29851186888378,69.16824606016826,69.04913241130834,68.88947786850916,68.82120854716896,68.7142883682688,68.60989198044494,68.50361985739656,68.39225537222612,68.26940775110508,68.14062474463412,68.00548283663451,67.85986568196446,67.73899233553766,67.59934228746012,67.4525634087256,67.31615770541016,67.1221080269214,66.98443409379382,66.8480343396749,66.71216760123082,66.5798879581957,66.39329776314473,66.31480384793419,66.18155296613578,66.07382332500768,65.96488859876695,65.8434805813148,65.76629972824226,65.66818126729231,65.56832266788845,65.46657429694763,65.36309379666424,65.25635642201024,65.14282713599464,64.99117219517554,64.91450954080926,64.80597553768723,64.68814651210677,64.6028818227136,64.55152697775804,64.56249907960735,64.55770538130245,64.65789593697296,64.80016556043228,64.97801450827855,65.19741339264542,65.37561164281502,65.59869008662271,65.81180888953983,66.00442219693555,66.18350775644257,66.34956496233426,66.51893078868632,66.69213302471148,66.8684838278627,67.04802713440763,67.22588632550173,67.40597550814937,67.61028027096492,67.7735173019482,67.93478529420844,68.06639711897022,68.2222570307067,68.38932762075086,68.48470630613433,68.68040032453304,68.8177961603308,68.96713658910608,69.08668354896405,69.28292720146216,69.49527988386473,69.66613506930034,69.80037825797083,69.9767269253881,70.11541083338719,70.28134350573356,70.37171068383032,70.51483302782124,70.6530267608289,70.79106932210021,70.92952833624226,71.06998542571193,71.27336718064089,71.40584119992707,71.54532220868614,71.68497578794718,71.81353816494305,71.94014921462504,72.0744095643545,72.21056800765781,72.34994030815999,72.48148642632493,72.60852810672024,72.73851259932313,72.87566031279442,72.96593304651599,73.1122782706371,73.26401070367858,73.42141552578568,73.62489857989037,73.7740430013909,73.85698849064292,73.98284290157028,74.08070778030024,74.13823611377057,74.16512753422666,74.13419356695424,74.12243426530836,74.05557791401205,73.96173153994823,73.82623977356019,73.75038388483708,73.68599480631407,73.55520589075603,73.477191998245,73.40028369154427,73.39242511112694,73.35214144064621,73.31717086670348,73.29306306858385,73.27741963779395,73.26531893400129,73.25118559215389,73.25801130179211,73.2021306548641,73.17113025316654,73.08879085740134,72.97192810050774,72.81957465720704,72.66901876184528,72.48505364128133,72.28336456839153,72.03250557725225,71.82294110244494,71.60393715563337,71.37690034833746,71.1563481606045,70.92975432440129,70.73324693931495,70.53001030364085,70.34011854507109,70.16407839486646,69.99061455325301,69.82497743061727,69.67112191094931,69.5221886952308,69.35291577219685,69.20480284900941,69.04287336574171,68.88702337905644,68.72896765710527,68.56234548594193,68.38570590054317,68.19499166129798,67.99899829190693,67.8397147822967,67.67521876731915,67.5170347351957,67.31945067040145,67.12833091338949,66.93700141376127,66.76359828004577,66.60840497326775,66.47446601475202,66.31824922737133,66.25904804374254,66.25194709059625,66.2884176242559,66.40268858833448,66.59245662615157,66.86746395190903,67.19308461151057,67.54676061672664,67.90884457847402,68.28304821358645,68.63123112324857,68.99324235863271,69.35915389888794,69.72491471733541,70.07555441622561,70.43599155095335,70.77069238118213,71.14324643063583,71.4643560311718,71.70848475368861,71.9963861237012,72.28154025209366,72.60998735230206,72.8606205583748
51.215591500813005,51.26319763492254,51.366485216301456,51.43064088488965,51.458619900218594,51.519121943852944,51.58647007969504,51.6690515414965,51.731789248028264,51.79484451046398,51.86005183853212,51.9233877902435,51.98188010635034,52.03146661749449,52.07258193268479,52.164118498618265,52.20414914684645,52.23842244033567,52.209662625255085,52.24646362781728,52.331033972916956,52.37137355423402,52.41059828300536,52.44668355231496,52.49549210176418,52.506467029024556,52.52718549860065,52.53768486523915,52.56200287859129,52.575691141073875,52.586125187353424,52.6053198680755,52.61846582146166,52.63557599474682,52.6631947294261,52.699172185829184,52.73747420493215,52.78058263804275,52.77251627913075,52.82249589443844,52.875865863574944,52.93139197665241,52.98255585037462,53.05266320955596,53.11632692119729,53.17415911210036,53.22109021300257,53.2374236462569,53.33102641288102,53.39055802086998,53.451349999122705,53.453626856572576,53.50048871780205,53.52946319062573,53.545118537997546,53.573893753077535,53.62139321748328,53.64062504597219,53.61117840502727,53.70212180842865,53.73748824728064,53.840164805076164,53.95572860741108,54.10341411606645,54.28322919391641,54.442292135160436,54.66725726878878,54.91278974031919,55.19122949705658,55.5135182100181,55.78217297077002,56.122594961061694,56.472335817115706,56.80737452206049,57.231737624206275,57.59636267353572,57.939933180400004,58.231795641342224,58.55291972438805,58.872236472489156,59.194610466648385,59.523315500937194,59.85981812952558,60.19211615426104,60.49748212246371,60.82617860135745,61.20380473636303,61.528661476559535,61.85865689096029,62.17927934128995,62.42588353532587,62.73843955145574,63.06262299182906,63.35000564031648,63.67359864642237,63.983490680729226,64.30241656581327,64.59282824872346,64.87875953021504,65.16618406958017,65.45802606374552,65.75982144951925,66.0285232235973,66.32504764044737,66.61024370629625,66.94276871190038,67.21946094828908,67.49954808565498,67.74559507160248,67.98936747183433,68.24297720580184,68.44618973331045,68.7146063139779,68.9524740090981,69.19825191946556,69.43051105301919,69.66574782503837,69.89500092415565,70.11930903166825,70.34302420115819,70.57287333620516,70.85226748845957,71.06555289287503,71.22982705757161,71.4139813585945,71.59999679803057,71.7833573865318,71.94298886858698,72.15871970240754,72.37192622075634,72.58191886636469,72.7869355866362,72.96959970071879,73.1790357185276,73.35985776895355,73.48976080368325,73.70565521329048,73.85694162045489,74.00601758051475,74.16267929909166,74.34935063784033,74.46678616147122,74.59631503474178,74.76274448854922,74.86743652026487,74.93258523250219,74.97389808629494,74.93236985876283,74.90120577091965,74.76005180601926,74.67931982239038,74.52759907627353,74.39920763000421,74.29178798753172,74.20352694560944,74.10681415442299,74.01962700178399,73.92631311765075,73.88557180682007,73.8277013092522,73.76697782556467,73.72848672534123,73.73675975606852,73.73248165688058,73.73397222505015,73.74984848796267,73.77407978188937,73.804492755974,73.83948404804897,73.84402652325757,73.88298146999247,73.94106792127909,73.94507961360652,73.92222449950073,73.87586342125785,73.81253667298601,73.73127929205506,73.63694648356301,73.52140747320004,73.39175954776589,73.24269961257508,73.08174262592905,72.9180686888999,72.7578932173962,72.60927007140813,72.46866214886994,72.33954459671443,72.2251718879563,72.11390402254636,72.0314855826045,71.93731735288289,71.88203595314091,71.80868034963474,71.72457654653296,71.6457748913705,71.562946674438,71.46548880417649,71.35083682068208,71.23523394322883,71.12428847484924,71.00340892073955,70.89570378025658,70.77750450041884,70.62647532484115,70.51866153814026,70.36293170210887,70.26893215978224,70.15127228614914,69.99652766693687,69.93018903080572,69.87846270891058,69.86744542961425,69.88523463635576,69.93036366091015,70.05247978503249,70.14851865895037,70.27895558583619,70.41004778719322,70.54939082512435,70.6368138123602,70.76462105162484,70.84719297611547,70.90050799016483,70.90923111013304,70.93534941482336,70.90091323361631,70.9369402739552,70.94468145584143,70.94854356620174,70.94752263024131,70.96847876304156,70.98249791007346,70.98319404646001,70.95298125277418,70.98597342898744,71.02597936876955,71.11218896859486,71.13283796333123,71.0690464309358,71.03989628019248,70.98082331989728,70.86409241361918,70.77828617355675,70.6236629092998,70.44007112276549,70.26474755271411,70.07896141494568,69.88904918077785,69.70312835405814,69.5369819511915,69.38609138703362,69.24336156658224,69.11527972759438,68.99682004343748,68.84111829717176,68.76964412794565,68.6613149293311,68.55551201354203,68.4475213812083,68.3349213321933,68.2119576282833,68.083579690607,67.94908857046069,67.80262117319481,67.68304936026672,67.54527120462762,67.40293467200017,67.26116089546562,67.07075058609304,66.9352329981696,66.8019539208576,66.66632391946871,66.5335136083373,66.34878727363365,66.26662760122107,66.13548959812073,66.0245988640104,65.91476000102288,65.79318280317169,65.71555777654412,65.6182278383916,65.5192953010831,65.4182084236505,65.31486476811214,65.20828372454292,65.09578931657717,64.9448822450979,64.87418372490922,64.77565232590516,64.66538158023543,64.59091527131902,64.55077304053574,64.57489960932686,64.57801564321005,64.68839271237073,64.83992158646335,65.02611918657065,65.25547783588121,65.45021136905147,65.66162069183906,65.87665902729802,66.0680681459448,66.24601644652066,66.41217839682284,66.58153459813998,66.75436001163132,66.93017946651273,67.1094528921719,67.2875979021645,67.46907169777516,67.67403946676276,67.83787007397804,67.99987628307298,68.13079644389533,68.28690060745697,68.45535048185943,68.54878640569595,68.74443111693758,68.88092734547745,69.0293726190049,69.15076476779963,69.34684335624813,69.55665507146264,69.72609136251945,69.86008183437285,70.03568212457353,70.17253729427685,70.338432120305,70.42987785156969,70.57243607363766,70.7105203617943,70.84879080352907,70.98759039747324,71.1286179850721,71.330407378898,71.46145396792379,71.60397712509211,71.74672919492762,71.87400803568856,72.00074825090496,72.13548213315651,72.27464451580128,72.41345512383404,72.54487022115379,72.67201616541419,72.80228896433216,72.93982673210104,73.0326688697657,73.17926467517132,73.33098716874794,73.48797914237844,73.68963513364746,73.83831047529343,73.92731351933504,74.0509395829807,74.14455841843346,74.19524401054983,74.20695054757681,74.16754718182469,74.14307965197347,74.06347586778185,73.960038558976,73.8248735667872,73.73601168004932,73.66703463055693,73.54459841480924,73.46718259695025,73.39237507724329,73.38253502594111,73.34000737703303,73.30683634780185,73.28433302193997,73.26928827349046,73.25624692649697,73.23595858040419,73.23882775222414,73.179619499836,73.13879506441717,73.04695781348222,72.92146716372592,72.76144047268987,72.59880759696767,72.40629420122598,72.19986182254415,71.95137535057779,71.73805685638315,71.51954215193238,71.29352218847261,71.06749048704528,70.84286264056335,70.64923243534278,70.45057930816174,70.26314109135397,70.08751224877147,69.91305254127967,69.74634680562804,69.5930212472122,69.44273135963459,69.2754799027925,69.12674727908765,68.96526871101027,68.8092637669624,68.65087465857039,68.48396050016561,68.30766513549636,68.11804923986206,67.92314571742932,67.76415006818709,67.60242863428778,67.4455023423131,67.24572416870267,67.05915062774011,66.87001192819602,66.7003976473595,66.55078751216506,66.42622951255555,66.28368556409534,66.24064357158953,66.25290228648319,66.31037220149085,66.4434161979969,66.64893785492161,66.93730194938594,67.2738033032692,67.63514905141678,68.00043773418916,68.37647126022298,68.72242784337074,69.08342687808168,69.4486410079045,69.8137111371107,70.1643740550259,70.52509087576324,70.86194289557287,71.23966447140039,71.56449602373752,71.80575117706303,72.09481251615796,72.38007886789455,72.70955100997183,72.95787372850646
51.23759839991346,51.28954862300176,51.388208914321744,51.45281748682468,51.48810328898667,51.54932807784407,51.61661714627381,51.704126927486676,51.75789632104255,51.82012814655638,51.8845329260245,51.94761821898532,52.0058024192102,52.05509057494677,52.095555076566036,52.18376425217495,52.22257386361287,52.255770664211184,52.23043949461491,52.26693403961177,52.344874748426626,52.385123901985835,52.424534417331024,52.46145761405794,52.50491639975558,52.519759894174655,52.54172536731101,52.55087082830282,52.57743535000127,52.59020795245297,52.60322991920392,52.619537997780654,52.63134131379085,52.64797391109799,52.67549212285694,52.71189928896388,52.751529927909,52.79643738692095,52.79775199703598,52.84922894004417,52.90322120013058,52.959242725866176,53.00999878485087,53.0788604689337,53.140333884822695,53.19758563251996,53.24655127287068,53.268309051753086,53.355621208957125,53.415186758047284,53.47233027356323,53.47760630246563,53.52223836177529,53.549112604365,53.563148629083045,53.58924049797005,53.63523549155594,53.656482785579904,53.63664206843415,53.730557225342565,53.77558702223221,53.888651177027924,54.01358566310125,54.16923972090818,54.35703005603511,54.52424390551836,54.75728091589504,55.01069144310592,55.2962815798423,55.624758789540536,55.90255731513811,56.24868709689353,56.60177088278217,56.93643056178942,57.360526000640036,57.72592657455159,58.06908094248562,58.358064750144365,58.680308474502574,59.00136373471151,59.32556611756316,59.65574733624777,59.99287119078783,60.3248125303603,60.63011499172295,60.959027302608106,61.336367754075,61.660978870132006,61.990703061372685,62.3110690433028,62.560042363243944,62.87260060750986,63.196676273577395,63.48453740814861,63.80834786533345,64.11930647601318,64.43930312600753,64.73050430415837,65.01714175588407,65.30567970228876,65.59852374526565,65.90043435616178,66.1700902012504,66.4671461861013,66.7524133228645,67.07962964333225,67.35614324533701,67.63637030412346,67.88240573479897,68.12661411951616,68.38033422958094,68.58820047816711,68.85525901079312,69.09254898591912,69.33708162816265,69.57187135504036,69.80718615925753,70.0365706723846,70.26089309680707,70.48440143815004,70.71376053287518,70.9834264002226,71.19689234897554,71.36722456969599,71.55138476120096,71.7371599208682,71.91977854944156,72.07657403676359,72.28549626313645,72.49792724223569,72.70716945467355,72.91175183557458,73.09326658271208,73.30163441985412,73.48220025048796,73.62280584900923,73.82903990024126,73.98931719779658,74.13872850175224,74.29530181839321,74.47103759964705,74.59651069996988,74.72263467086348,74.87322325438907,74.97054004409912,75.02715706118452,75.0726310808577,75.01534285380718,74.97760870228264,74.82263934184299,74.71460465539244,74.56641882872856,74.4252843261437,74.30887562177273,74.21695124141748,74.10592543692107,74.01792004936257,73.9403176723627,73.89733500818372,73.83881585220388,73.78091672453854,73.74294303517335,73.73155849042334,73.73120428621166,73.73982410652954,73.75331683645258,73.78429090715022,73.81039572507832,73.8429899453653,73.85094583682199,73.88738312943906,73.95120171625166,73.94996432534346,73.90911375514783,73.85483180041797,73.7938695217283,73.69450953619985,73.59179199196228,73.47254070070524,73.34050376013988,73.19059053926493,73.0293452178404,72.86311054536593,72.70190138242572,72.55395305513329,72.41468948362436,72.28701712573377,72.17305184800058,72.06100063190203,71.97939867895623,71.8971138075383,71.83392929418234,71.76165167147283,71.68012970163483,71.59894807055608,71.5124667147645,71.41225712993354,71.29652997919804,71.18065054903428,71.07001186132509,70.95018318782454,70.84549457271032,70.7286877701651,70.577712639418,70.4708794090934,70.31564657763093,70.21816381609933,70.10117779458564,69.95396614915174,69.8965542419573,69.8514534517307,69.84806543539389,69.87577710591962,69.9311572285077,70.06227843426926,70.1647510389886,70.30184448063022,70.43535712552271,70.57449773078652,70.66031305291624,70.78595802513445,70.86667402332192,70.91814383020329,70.92420400836855,70.94912340132733,70.91365532994297,70.94836746093762,70.9558887994431,70.96128128390356,70.9628480446547,70.9824537791624,70.99522021898096,70.9961308576902,70.97092779627225,71.00303064722308,71.0420031180748,71.12241237843568,71.13886190696088,71.07391167111619,71.03559739635011,70.96469890085562,70.83897495121653,70.73497033661367,70.57346693259308,70.39214420695464,70.20511234660879,70.01814284654398,69.82447345577013,69.6429910506274,69.47423430489475,69.32661312804689,69.18860852484951,69.06331428636928,68.94586409984694,68.79669161679556,68.72048819637914,68.6108299855478,68.50357364798089,68.39349832565293,68.27904876765766,68.15562363735808,68.02751239436373,67.89361646135364,67.74723098144572,67.6279581320989,67.4912931404765,67.3531968705668,67.20430240649293,67.01940405083879,66.88580087973536,66.75598797620292,66.62068636419404,66.48745733827393,66.30723161003786,66.21914697321618,66.0911969594568,65.97620932116133,65.86540128028015,65.74500296873806,65.66557326747727,65.56932564162221,65.47158566704958,65.37122616330352,65.26782213533188,65.16105175073,65.04930372754558,64.90093549349936,64.83438571836896,64.74545473914539,64.64285014494432,64.57947758674004,64.55096730601542,64.58853298007567,64.60130133943393,64.72187794800337,64.8824682106495,65.07654852545728,65.31451556657971,65.52537083686457,65.7256659823248,65.94214405313153,66.13310354433423,66.31001774804723,66.47640696928188,66.64578689329656,66.81829053343475,66.9937067473149,67.17290662530391,67.35150443439119,67.53418284706237,67.73802647710949,67.90212755225338,68.06447948262358,68.1950423291558,68.35106782831623,68.52063044484976,68.6138920260142,68.80803529141825,68.94419099598981,69.09196966310515,69.21774265433011,69.41290254605606,69.61825121021722,69.78620727426551,69.92118959182163,70.09559580141439,70.23145204359679,70.39630017955899,70.49130709252621,70.6332931937476,70.77123441588408,70.90957306119921,71.0484394137423,71.18975492889021,71.38680582745666,71.51657519242467,71.6618330751585,71.80734394042656,71.93317899821416,72.06012371900997,72.19532232778357,72.33818153480237,72.47615598080479,72.60763117417392,72.73533037258116,72.86631097591085,73.00446964836173,73.10239686102341,73.24928901528084,73.40096312834999,73.55738927662989,73.75515464010613,73.90297372715176,73.99965519529057,74.12068356837207,74.20986510145977,74.25407367936164,74.251435722689,74.20424350850377,74.16564320737487,74.07212624722314,73.95879000249093,73.8264771896884,73.72193677784452,73.64679473646916,73.53611492874225,73.45930932816835,73.38723151192697,73.37373782742795,73.32825483661834,73.29723126574831,73.27671963075807,73.26264271163234,73.24892075773488,73.22162312118435,73.22031614184338,73.15998843073345,73.10911749636608,73.0081758256961,72.87466738036991,72.70757599271192,72.53118411970334,72.32897639432747,72.11702120260303,71.872472710321,71.65286815350372,71.43507900033266,71.20972310826852,70.97676255315314,70.75478612245102,70.56428630446432,70.37120013984405,70.18670028932776,70.01155796680071,69.8360416941787,69.66841018431623,69.51637048355691,69.36492934614624,69.20145388215263,69.0517080862734,68.89084777099019,68.73413442817247,68.57447831682016,68.40632943614283,68.22994771705886,68.04133296328013,67.84909208985911,67.68908242631178,67.52949361042221,67.3725720183809,67.17100287943572,66.9899351802074,66.80317270797379,66.63762659120844,66.49355841416768,66.37857920153567,66.25215269371859,66.22556719101638,66.25744103507789,66.33618405496,66.4879707524144,66.70903447637029,67.01029037414061,67.35694393274004,67.72528389064068,68.09334083966907,68.47081712114719,68.81469906898064,69.1747892191665,69.53945899584008,69.9040269399601,70.25509826038294,70.61621366235704,70.95538966226655,71.33628483921545,71.66437185462067,71.90400465329716,72.19401391398276,72.47945241151048,72.80871670832168,73.05527144208408
51.26015959817908,51.31815106970701,51.41003465490036,51.47515774216909,51.52005291454987,51.58238302990514,51.64963492213352,51.740821465105675,51.786376895374985,51.84805706381528,51.91179367124663,51.974824246973995,52.03283575634061,52.0820102425208,52.12196609202625,52.20453551203969,52.24178934078196,52.273648302840314,52.25447891414036,52.29032187962559,52.35914173996941,52.39851881029915,52.43739353422145,52.474657948761994,52.51039511463384,52.53066417697968,52.55427480123215,52.56250989591768,52.591646859273986,52.60367318626479,52.620369725664084,52.633310296970556,52.64382274488462,52.660116016136996,52.687472708179854,52.72415697824718,52.76513237927252,52.81190983909831,52.82603599790238,52.87916708995416,52.933836844136025,52.9903634848367,53.04059047637643,53.1073434650891,53.165723237661005,53.221618088492775,53.273435365827815,53.30380095617418,53.3817622538508,53.44146167852917,53.49406812449565,53.50484029269962,53.5468689215162,53.57155311916294,53.584064407792894,53.607043296157464,53.64974037026738,53.67243041824111,53.664564661750845,53.758425201148476,53.81341365512647,53.93633166447312,54.07096020496741,54.23495407353768,54.431132533371446,54.60861745336044,54.849858714426105,55.11113410610756,55.40375946026054,55.73821783546955,56.02527942609659,56.376095774301334,56.73227954142829,57.06734751878947,57.48987616885901,57.855718403319614,58.19834074501852,58.48552228332536,58.808848238541685,59.13167208796453,59.45778135905502,59.78953266171205,60.1273836319692,60.45911288942548,60.764543317685096,61.093676557290344,61.46826270648515,61.79272261637518,62.122176533757276,62.44222811843489,62.69621131052895,63.008361122916696,63.33185857975681,63.62141037816547,63.945511213584,64.25757487521616,64.5786660690465,64.87060504789632,65.15764258902415,65.447586829995,65.74172565612808,66.04323180599795,66.31439275340657,66.61227307318096,66.8977033098567,67.21675172667513,67.49311363085066,67.77261110986981,68.01895529979666,68.26407023930464,68.51828452659107,68.7335697668562,68.99899316484569,69.23604206307367,69.47908033461782,69.71650715808883,69.95183726080754,70.1812637149305,70.40546656165097,70.62859177600316,70.85725498223404,71.11391470311128,71.32761363701395,71.50648686770255,71.69083431426277,71.87631880610927,72.0578509635091,72.21248155427494,72.41223814417583,72.62360488806713,72.83209821148647,73.03626065522359,73.21682148493888,73.42369909053184,73.60386317455277,73.75876032877669,73.95192605784766,74.12377864113832,74.27377437744568,74.43049019674002,74.59216068651415,74.72927385083364,74.85235572006468,74.98411825615938,75.07465702650107,75.12368321533098,75.17427793988927,75.102650525466,75.05685812755891,74.89013799569777,74.7520837829948,74.60938631549162,74.45536648844033,74.32940046380243,74.23332023589586,74.10713461822574,74.01831333701827,73.95852651010684,73.91183020726312,73.85253045243614,73.79807608899314,73.76084412912203,73.7264877010609,73.73045035176838,73.74755121413293,73.75826485185202,73.79746209910542,73.81863215770873,73.84864560789377,73.86202464460898,73.89603514431357,73.96368032280206,73.95728830282451,73.89959294156849,73.837674890152,73.7782122266008,73.66112009366435,73.54845670959106,73.42481877088146,73.2897540907622,73.13863085013014,72.97701265146225,72.80741273107198,72.64482855839219,72.49770979461405,72.36014157441278,72.23438591470986,72.12113324720175,72.00850652335244,71.92790906556189,71.86100855000245,71.78779703145446,71.71710808951424,71.63915566624765,71.55485411432836,71.46346369730215,71.35968347848357,71.24271935633752,71.12638878146005,71.0156879259669,70.89758392659856,70.79522061539899,70.67883428726658,70.52869066102491,70.42198014559239,70.26786061245967,70.16476963919385,70.04845213936099,69.91205740669619,69.86467565682709,69.8266994362058,69.83098913968466,69.86884106373866,69.93468080453762,70.07301831243052,70.18189253160469,70.32553005511458,70.46192578546271,70.60041116834803,70.6863716446529,70.80859791881386,70.8871229176048,70.93652777108933,70.94036590346836,70.96355666272544,70.92895856415495,70.96007164423253,70.9668473054899,70.97376748607975,70.97847413113658,70.99590582185357,71.00714480533999,71.00899494961234,70.99181706820494,71.02293143222802,71.06072201090717,71.1323341949294,71.14463780589564,71.08199705722616,71.03465592111469,70.95188539245548,70.81775307144223,70.69207553970354,70.52346816589137,70.34600934525608,70.14490039390392,69.95652963933877,69.75822811112735,69.58216300399812,69.41013225204169,69.26647400431196,69.13420695482425,69.01239372208302,68.89637696498676,68.75660709322345,68.67402308044502,68.56315579133167,68.45441665991929,68.34185874932417,68.2248639257106,68.10056446753843,67.97253185149248,67.83913349512635,67.69388413019077,67.57373715826296,67.43728584305524,67.30314871695327,67.1452194295404,66.96792030408244,66.8359587716295,66.70999880652252,66.57515304812281,66.44166403640176,66.26891621271456,66.17242314797183,66.04887758457954,65.92878189485778,65.81694982479246,65.69926898966402,65.61649241020187,65.52164770899519,65.425383841712,65.32580553093517,65.22209698462554,65.11472118541025,65.0033571682235,64.8595466672912,64.79500941568746,64.71510477336291,64.62022983176949,64.56822690851217,64.55179366757254,64.60311347127299,64.62759861991344,64.75845162548207,64.9279381284544,65.1294211199669,65.37442429164275,65.60053005477621,65.79090738629955,66.00831222771784,66.19979568531379,66.37582938379258,66.542579806291,66.71199860493424,66.88421568446743,67.05934371220941,67.23865730639375,67.4178563393711,67.6014832004347,67.80212618177771,67.96610927150195,68.12834469995875,68.25892936373859,68.41450661697347,68.58487289761025,68.67998644711116,68.87100025938496,69.00747424305945,69.1548717819147,69.28789177510308,69.48130285425329,69.68005877700297,69.84648903906634,69.98387435862006,70.15659470385835,70.29240935296141,70.45504678395987,70.55638787924417,70.69777968603123,70.83552140220465,70.97372683788414,71.11232995329766,71.25359286071335,71.44235093061587,71.57102856009946,71.7186256985937,71.86646558157331,71.99068908339402,72.11792302777931,72.25357836617758,72.40090562041924,72.53775394299062,72.6695253021145,72.79830502778726,72.93048668450781,73.06954579591805,73.17539823653529,73.3226574118191,73.47426172993733,73.62997565698801,73.82155553015627,73.96808091822476,74.07410428271749,74.19210277258071,74.2766285711883,74.3147906320492,74.29891343845476,74.2446625940919,74.19034043174317,74.08159494706779,73.9579867757637,73.8312507090105,73.70807637161025,73.62499860222445,73.52977461876866,73.45357454364245,73.38490488613955,73.3659279035503,73.31673161179037,73.28825432924957,73.27018125082279,73.25750593038019,73.24342662576991,73.20822480240173,73.20254030497483,73.14358759831991,73.08248210759248,72.9729021841939,72.83205132877491,72.65854250637264,72.46652495034093,72.2533228363334,72.03493210064637,71.79598625463292,71.56724655511182,71.35043667630683,71.12534165949717,70.88390301420819,70.66532034294858,70.47822430999172,70.29179398372713,70.11078268273204,69.93623485679403,69.75962803664189,69.59126388123686,69.44137780167999,69.28904926996695,69.13132690266467,68.9801353223949,68.82007632620629,68.66202175847077,68.50003070964718,68.32956408556083,68.15258302953207,67.9648262296599,67.77701652894885,67.61449524510017,67.45626816993877,67.29790812350734,67.095033483389,66.92052371577078,66.7363405917686,66.57516249944179,66.43657205796464,66.33135754522748,66.22374796309137,66.21390004470457,66.26561287747066,66.36587158650516,66.53635478022498,66.77276045005476,67.08647921200857,67.44256819597555,67.817244379556,68.18770833213627,68.56627374264671,68.90836448361203,69.26768468577725,69.63195676278242,69.99618704352544,70.34801113174886,70.70961000323173,71.05121683244731,71.43288794354436,71.76363206691595,72.003108456,72.29381867623351,72.57951287045906,72.9071847518933,73.15263964367117
51.28325530802379,51.3491799174831,51.431939605051014,51.49765844248999,51.55468333076549,51.618552852873215,51.68580159027516,51.7791371007586,51.81750088071991,51.87893648344888,51.94215774700238,52.005346328853975,52.06332816702878,52.11258327968292,52.15217804824898,52.22651972242147,52.26182886151729,52.29204204865577,52.282049699737335,52.316835333841496,52.373794783513475,52.411401672192966,52.44891093866232,52.48593714095395,52.5113227713353,52.53873138151974,52.564419936937426,52.57225691996464,52.604309633076845,52.615787502496694,52.63735619834789,52.64641651396093,52.655710920044804,52.671831540201744,52.69897160972052,52.7357736231789,52.77811636135331,52.82684494586493,52.85755610705942,52.91252438190649,52.96795112511864,53.02501103059621,53.0745960954118,53.13830393948194,53.192612457785984,53.24629047646375,53.30187070516227,53.34438636944159,53.40961623437732,53.469564089210444,53.51666247865379,53.53569422383521,53.5746999342951,53.597081915875464,53.608152982580364,53.627535246368794,53.66489653568675,53.68833153190181,53.69498887615852,53.785353893772786,53.850539297651814,53.982648067041254,54.1273201504655,54.30010045503573,54.505180091056914,54.695400095628344,54.94505282402784,55.21423442376337,55.51382292432325,55.85408924090997,56.150502907730505,56.50485427678052,56.86390654089642,57.20039290891338,57.619979651938024,57.98589873979314,58.327870811354806,58.61453899004995,58.93888049147965,59.26347152403004,59.59153609417501,59.92492454690316,60.26359190820983,60.59525286013875,60.901005894243525,61.230342910628835,61.59935280497101,61.923765482615494,62.25294974045877,62.5726225613325,62.83457491926455,63.14585184964816,63.46824191844058,63.7608443662906,64.08531728059192,64.39852237989292,64.72073237520205,65.01335139445145,65.30044761084109,65.5921271620228,65.88789109870544,66.18841960858984,66.461703243006,66.76074114794984,67.04644624312971,67.354174308216,67.63042600699626,67.9082171644461,68.15523866253642,68.40179221252666,68.65693645644852,68.88270456626881,69.14619525125332,69.38338267085533,69.6246540655989,69.8647942742524,70.10005888204071,70.32941518679313,70.55333639354149,70.77586944699499,71.0035959467142,71.24365193633426,71.45762023741325,71.64774583832788,71.83246215382249,72.01758244238474,72.19763189484358,72.3508694877514,72.53886678410018,72.74884542128996,72.95659018045245,73.1603463731579,73.3401811941935,73.54513377949928,73.724768128807,73.89776151898609,74.07426169695427,74.26037672324979,74.41123053261359,74.56834636774863,74.71269702815903,74.8652160096638,74.98565012310088,75.09572020007737,75.18032671497986,75.22298730192635,75.27879460408012,75.19424637974834,75.13911097422232,74.96258850566363,74.79406659479453,74.656531339539,74.49014426605451,74.35433917589783,74.2534922321879,74.1125965709588,74.02304388050094,73.98129438579132,73.92964230615867,73.86944773861985,73.81888369649975,73.78259522797407,73.72358112803008,73.73169452114898,73.75761994714436,73.76536612965833,73.81344811987499,73.82937445608707,73.85666303449617,73.87762089795856,73.90934427841924,73.97853947889286,73.96710905688695,73.8940861506786,73.82485539402788,73.76572056111289,73.6314988649533,73.50714273882834,73.37832680866296,73.23948882848543,73.08673068376626,72.92463637057837,72.75085248652252,72.5865689785991,72.44042921935514,72.30497098863201,72.18165603672415,72.06942844059374,71.956468996415,71.8770861428016,71.82941098402976,71.74388289438097,71.6753595995196,71.60206799836291,71.51383229706761,71.41614090299736,71.30787353336869,71.1894745991952,71.07247335032594,70.96126930377586,70.8456271200893,70.74476040398102,70.62766705410823,70.47922865400636,70.37167824466711,70.2193674251399,70.10833664156624,69.99270207807974,69.87077308843111,69.83463773134851,69.80434923299669,69.81637524387263,69.86461137916719,69.94115127734062,70.0846979797917,70.19996905623758,70.35003287694386,70.48988560533611,70.62723735178629,70.71538694756872,70.83275741039948,70.90868644326578,70.95574077397569,70.95782236039398,70.9786378607478,70.94702994496696,70.97192077262406,70.97733389971344,70.9857541380767,70.99419752600201,71.00855137437621,71.01798160383346,71.02160222964442,71.01581070205022,71.04585954220676,71.08233607815727,71.14184819843717,71.15010014288164,71.0936359493091,71.03744550572446,70.9427812688815,70.80086959393998,70.64972200772729,70.47377560351582,70.30177620344773,70.08416105836218,69.89417113080206,69.69043980019013,69.52068608205504,69.34471386386772,69.205660715148,69.08015277752529,68.96257004294843,68.84847138735655,68.72127399229844,68.63053110811897,68.51861460109555,68.40838082551504,68.29291071081583,68.17259305344353,68.04693880803353,67.91874705758138,67.78570665759183,67.64276964290359,67.52040494598779,67.38312706041229,67.25258892368738,67.08354915565627,66.91615122874786,66.78552770699038,66.663848712628,66.52962208397112,66.39607859111699,66.23412652202089,66.12651730954043,66.00873400792437,65.8824437834971,65.76954302281355,65.65630877759953,65.56846141387814,65.47536707252159,65.38087990099439,65.282124541574,65.17782040229513,65.06935271342257,64.95793643793458,64.82093049338475,64.75594871136362,64.6843244245127,64.59719826624693,64.55682137617103,64.55293601858254,64.61835536233804,64.65694363458799,64.79821372641786,64.97646403534168,65.18485556512805,65.43510171797206,65.67512903130817,65.8574263319829,66.07521181173446,66.26841186209346,66.44376907652705,66.61102603442974,66.78048066383123,66.95242655907509,67.1273684031364,67.30697390803157,67.48690403429356,67.67114700231589,67.86622346054004,68.02963476645147,68.19122174217691,68.32225213663062,68.47696489711767,68.64778322802921,68.74703294900893,68.93311343224751,69.07066421787793,69.21802303594147,69.36148669666608,69.55224236420712,69.7420682486944,69.90694289144977,70.04830896307101,70.21880557985311,70.35566349398512,70.5147710339721,70.62550968426773,70.76627084836856,70.90373379986247,71.04156287635733,71.17951658438756,71.32032838408858,71.4968310926748,71.6246377576179,71.77409063510616,71.92373967549717,72.04617632210223,72.17379358605231,72.30989846628047,72.46254332841,72.59796007430994,72.73030862170461,72.86077443059858,72.99472414057178,73.13501190911141,73.25195421254752,73.39967598563969,73.55120612096248,73.70606801190074,73.88893623468762,74.03368020977119,74.15075154582364,74.26522511044296,74.34484956942836,74.37746038045559,74.3497140737658,74.28918430164406,74.21738848325408,74.09198868709429,73.9577320083033,73.83942146931217,73.69473040786272,73.60209794855484,73.52581046153693,73.45021608512931,73.38559328694764,73.35919234762154,73.3055942125478,73.27999691823926,73.26476417898019,73.25392637339135,73.23986627453908,73.19589609472955,73.1856334811355,73.13077800888472,73.05930070630691,72.94162350716141,72.79414218076555,72.61486305995201,72.4053991622316,72.18003086677665,71.95426282711952,71.72220697766684,71.48170163402575,71.26599180530793,71.04074684698438,70.789832410532,70.5752472498051,70.39142116549922,70.21251071772541,70.03546941382555,69.86159376771614,69.68386422526947,69.51500435195534,69.3682513832779,69.21535774629801,69.06558815671596,68.91247903928053,68.75342015718319,68.59331215364149,68.42778391484408,68.25377624010682,68.07560045721739,67.8885124371091,67.70709815445109,67.54037191298163,67.3826067870537,67.22117501780066,67.01756266135088,66.85075537940963,66.66937241825445,66.51288275990873,66.37968282224487,66.28440700716597,66.19856871906393,66.20572327533566,66.2774673547518,66.39945319796804,66.58857081006653,66.84012973553222,67.16591844882532,67.53073778902825,67.9111097633204,68.28369464881332,68.66302907100912,69.00374377079864,69.36246858180404,69.72648320881929,70.09051636544842,70.44339676857585,70.80552999088412,71.14960855729917,71.5292541938504,71.86192520371799,72.10292585878055,72.39405516196797,72.68011223225788,73.00465544522801,73.24980427783115
51.306912901355986,51.38281822734593,51.45396528114566,51.520386585762914,51.592212202945404,51.6581033181793,51.72539520968953,51.81907638009394,51.85153836252239,51.913071621684104,51.97594882369784,52.03952491926973,52.09762770056196,52.14716734589953,52.18655401441779,52.2498043275292,52.28272570898236,52.31093859409024,52.31342066731176,52.346682588242295,52.38879371502705,52.42361588068623,52.458821935639186,52.49494786888266,52.507098186728285,52.54351902784511,52.57175137682303,52.579770150055026,52.61509783401739,52.62625298533415,52.65400158918288,52.65863783368415,52.66681006830344,52.68295849133281,52.709845885132886,52.746618938835205,52.79035293957349,52.84110875999844,52.892500663084704,52.94951493859658,53.005801894970666,53.06344084163086,53.112280372182646,53.17193520253527,53.22112072773542,53.271637397921964,53.33198551891906,53.390552104322914,53.43934990007537,53.49967534240403,53.54021229231336,53.57053349243313,53.606050937382236,53.62599617535842,53.63570146189869,53.65094944733303,53.6806926698832,53.704049714507846,53.72795740283835,53.810971461141904,53.886535101496634,54.02704218436182,54.18213341705143,54.36422214648317,54.57881619422299,54.78457914926385,55.04292540434607,55.32010909051263,55.62663175804242,55.9725668989668,56.27839136412497,56.634995887826435,56.99669662902891,57.335834248013995,57.75102797295196,58.116628163925576,58.457829364850674,58.74548561948313,59.07074670829072,59.397072034689806,59.72711022597427,60.062176061394325,60.40173247464983,60.73346807118234,61.03974151529161,61.36924290784826,61.72950126090996,62.05398023617941,62.382895113821796,62.70211836664188,62.975317731534474,63.28520353967615,63.60589829770195,63.90305918844748,64.22799446757621,64.54237051351704,64.865718750135,65.15895589700007,65.44573844145711,65.73951925927375,66.03727630508642,66.33620150578574,66.61229186204963,66.9128613910305,67.19897171723817,67.4919437441747,67.76815191912395,68.04317937379447,68.29128716834848,68.53985473888511,68.79640669900802,69.0359995908405,69.29724152088131,69.53498692005913,69.77419450136388,70.0170907982241,70.25218797058871,70.48133699984248,70.70478510203372,70.9264836106856,71.15299689962107,71.37261092000752,71.58686392692235,71.79112177356026,71.97638882987425,72.1610456928221,72.33916949581868,72.491883438368,72.66533966851756,72.87360512901351,73.08067631050115,73.2841439595356,73.46374475236938,73.66657517946862,73.84568656818307,74.03958292788738,74.19685734047519,74.39894112528268,74.55090735466334,74.70867075026744,74.83349475045202,75.00406359715352,75.1222026235461,75.20905058533671,75.28856082446069,75.32607312151221,75.38612547607768,75.29008369908044,75.22452416974663,75.04003160982056,74.84286248038863,74.70788370384695,74.53030780814673,74.38466842033603,74.27832553343686,74.12446616774207,74.0343486955604,74.00897605432434,73.95135620697079,73.89017033942596,73.84376741110165,73.80860328079868,73.72491332400774,73.73648189680631,73.77054657105305,73.77549317351489,73.83187722094821,73.84287328320947,73.86754334823759,73.89804292317561,73.92765410935988,73.99594554025873,73.97955672862274,73.89302100143472,73.81683011355491,73.75666738950521,73.60605207444479,73.46856480624308,73.33380628668829,73.1904229524264,73.03560955394732,72.87285432090606,72.69449280614845,72.52846142775309,72.3833785191575,72.25039381094042,72.1298914638301,72.01882211022945,71.90584869599057,71.82755847143144,71.80256936133216,71.70246262242306,71.63672020101907,71.56927885422475,71.4762218328888,71.37070170475397,71.25693314096898,71.13686551819542,71.01892900060668,70.90670862975318,70.7943287513244,70.6939924341148,70.57490907307503,70.42914588270685,70.31968820334757,70.16996063421634,70.04845183571692,69.9335349033369,69.83008545274748,69.80652492145492,69.78455141276433,69.80438244934383,69.86327292155954,69.95078553525745,70.09731599662825,70.21900653232615,70.37537351377262,70.51936842346595,70.65508249507859,70.74775632166227,70.85865317762769,70.93151138460655,70.97586380001513,70.97667894410687,70.99435565712456,70.96807648109375,70.98378279489643,70.98712550784533,70.99699320524077,71.00981486556616,71.02010691999143,71.02744054914425,71.03376860520436,71.04307033128639,71.07199873536385,71.10704535071568,71.15084817087568,71.1551862187468,71.10916120199725,71.04433752566686,70.93779743840518,70.78874893149447,70.60890094874716,70.42550262751186,70.25958407953398,70.0241191697949,69.83223873231834,69.62281348389624,69.459603896155,69.27962032366565,69.14553309482771,69.02731262927847,68.91444810524398,68.8025928179355,68.69109920802515,68.59033430247027,68.47754047008162,68.36580758131747,68.24696278273619,68.12246248202429,67.9949053480524,67.86626700821859,67.73340293456314,67.59407654305774,67.46798000250222,67.32869454059605,67.20131620329697,67.01892877588881,66.86394870775892,66.7343287189563,66.61739999533103,66.48399158445491,66.3506458908159,66.203147978314,66.08149064197438,65.97096876392676,65.83732218547658,65.72331826259706,65.61645024419468,65.5216264876662,65.43065676421251,65.33826392082082,65.24036121024842,65.13512347464265,65.02500701960584,64.91302833600248,64.78530169869127,64.71709749989628,64.65283568854973,64.5734330739128,64.54491912925211,64.55407825242078,64.63397293269004,64.68937253339696,64.8412642324219,65.02817862677499,65.24297045596917,65.49644555246941,65.74860777498232,65.92530424759447,66.14289106585893,66.3392193678832,66.51415454902099,66.68207478027769,66.85154400076583,67.02321425160348,67.198058862036,67.37812540280748,67.55889793634786,67.74334849712965,67.930203193169,68.09252357182973,68.25286041637649,68.38480523681882,68.53819059243787,68.70906682399504,68.8149948117296,68.99416222141578,69.13364805163683,69.28136748569332,69.4388019855667,69.6259191592848,69.80427010437478,69.96757507065483,70.11466623347735,70.28235517734642,70.42146873828227,70.57557203006006,70.6990619801411,70.83914197644174,70.9762240805834,71.11339191842478,71.25025387526013,71.39015810256302,71.5500347179324,71.67722647164972,71.8279635244042,71.97881177932746,72.09927874521303,72.22738280266825,72.36393084603422,72.5228212145328,72.6564854386811,72.78973714967343,72.92257288058123,73.0589313945514,73.20082472228333,73.33234600530626,73.48065085759603,73.63211944887796,73.785996069816,73.95739518459006,74.09981976521622,74.22968780780727,74.34008028287954,74.4145367542621,74.44216108454441,74.40414874141058,74.33811573796879,74.24707786965813,74.10417921954632,73.95924774711638,73.8513722081496,73.68366594708522,73.58035126294953,73.52482608724607,73.44984460278583,73.38977704935853,73.354137446327,73.29614973745178,73.27352922214796,73.26117256190302,73.25228863381707,73.23857262273273,73.1858447622113,73.17051156777504,73.12201869625,73.04014204901347,72.91492332386213,72.76146442759253,72.57699258961263,72.34873272573519,72.11071021901364,71.87681885867154,71.65165794500389,71.3980782597247,71.18283252540964,70.95691529166835,70.69688976838285,70.48694971758053,70.30573485434462,70.13456156904131,69.96169701850255,69.78842626218444,69.60940784524448,69.44010457149228,69.29732045679505,69.14416622424137,69.00471060784679,68.8491868669313,68.69134462185498,68.52839200918582,68.35799001020351,68.17907769146805,67.99902938441623,67.81237498373542,67.63951608611846,67.46669581838546,67.3083639359833,67.14203706136914,66.93833709410967,66.7804693161034,66.60212502610538,66.45066476045838,66.3227450856974,66.23757005088619,66.17671230848663,66.20111802559119,66.29305400801178,66.43694729119048,66.64462137057706,66.91115629235988,67.24865807042639,67.62151440795066,68.0069592870915,68.38145422692277,68.76127105252202,69.10115661407413,69.45949621113692,69.82338723403848,70.18733982337078,70.54153927031604,70.90422371781115,71.2507489880063,71.62516399959694,71.95889980812144,72.20332013524775,72.494551730244,72.78110248442448,73.10082909286743,73.3465912891276
51.332096485134926,51.41937731997133,51.47706388736837,51.54432137565022,51.63291533095987,51.70128809609685,51.76867804530275,51.860776065136825,51.888789554438674,51.950766646084524,52.01347972998245,52.077683619149,52.136069271666756,52.18610992190461,52.22545221166753,52.274492659306624,52.30452885807463,52.330339241854766,52.34885964661242,52.380072358598554,52.40415774937958,52.43515764847395,52.46718501633163,52.50187696843255,52.49840594611854,52.54548654750008,52.57661208880336,52.58547122883396,52.62430157686529,52.6354194572816,52.670471695761094,52.67032089304515,52.67761178079143,52.694130222521885,52.7209046424001,52.75767568252345,52.80280035740176,52.85552868997276,52.93108482225834,52.99035582739238,53.047613591512025,53.105884816202106,53.153894938954444,53.20853184525842,53.25161572189823,53.298072942531235,53.36405424034094,53.44233471079933,53.47131232794558,53.532106818431245,53.56514863861261,53.609690015137275,53.641233203173734,53.65859235419826,53.66699569007053,53.67753162957944,53.697160683563546,53.719466675370164,53.76351296908635,53.83490606118224,53.920972218349306,54.0689558160643,54.23486792218116,54.42686242896084,54.651684308001144,54.87614193120866,55.14353861502663,55.42887480079461,55.74234574743003,56.09384470274489,56.40910839936517,56.766553890934496,57.13069455366819,57.47393905194409,57.883212654975665,58.2480672556703,58.58837462886229,58.87873292078967,59.20478836394918,59.532783611725634,59.86478365750389,60.20154027475858,60.54204178642934,60.873994151238406,61.18098897472279,61.51059309417326,61.8585712856795,62.183239644393446,62.51188508619107,62.83058208523792,63.118622230788034,63.426540966862326,63.74488822796833,64.04818567301179,64.37360220746496,64.68905987258887,65.01351280160422,65.30731970873259,65.59345840446923,65.88972219122607,66.18984972489517,66.48656647449405,66.7661531626596,67.06864860064668,67.3552765466509,67.63043393627855,67.90674061807458,68.178146599611,68.4277068024233,68.67872689971047,68.93707622794999,69.19336895080102,69.45207543077913,69.69077618911045,69.92762807135402,70.17325172852844,70.40805458594737,70.63684012426432,70.85961241205406,71.08022759561665,71.30524792197858,71.50158147168469,71.71608491055014,71.93649902830641,72.12248154950534,72.30655834604006,72.4823474041743,72.63540571519354,72.79227724456133,72.99856500524639,73.20514935564384,73.40845196278929,73.58859820041157,73.78929400359021,73.96792035540224,74.18375925685918,74.3209806180039,74.53919102247905,74.69246322957135,74.85108277439754,74.95579475177513,75.14538947075269,75.26155049865747,75.32526528397106,75.40039923713829,75.43394474433786,75.49621495852925,75.39011576588855,75.31325464160574,75.12250804624858,74.90078082937417,74.76347321139183,74.57654726387744,74.42136485939403,74.30867844278605,74.14489828119736,74.05446479794657,74.04192627061403,73.97755681179991,73.91530088352539,73.87315509684211,73.83927523666506,73.73255884167087,73.74635758119327,73.78684735134813,73.78951869497251,73.85237099901533,73.8593879770447,73.88186974173443,73.92356795154579,73.9512315159008,74.01636613451299,73.99506122260279,73.8968396770515,73.8140396173575,73.75154524552035,73.5852153002722,73.43426039223603,73.29301956972937,73.14427841826952,72.98689253558071,72.82293744843138,72.64012611934182,72.47264421667879,72.3287099816978,72.19834883715001,72.08076307065971,71.97094562984188,71.85874176587146,71.78114868102918,71.77982811379815,71.66428503115982,71.60167049104841,71.54094933324025,71.44230671357892,71.32754379705739,71.20733859603538,71.08538190265972,70.966186571392,70.8523129171356,70.74386116674135,70.64292241690663,70.52042280367742,70.37837531278885,70.26587933097194,70.11967474671773,69.98534322721659,69.87145149321896,69.79042589454059,69.78052432498066,69.76748146267909,69.79517299549676,69.86501056027004,69.96380046662885,70.11087092321557,70.23903087930925,70.40157253325543,70.55050607817508,70.68405281220227,70.78387712693205,70.88650189823485,70.95574452592875,70.99697781036038,70.99704121956859,71.01069871358582,70.99230518125002,70.99552565983385,70.99599941238597,71.00726379666102,71.02516134777176,71.03039493007606,71.03544241718323,71.04551890344882,71.0737677128248,71.10154410245865,71.13506828534413,71.15959811316507,71.16039764523805,71.12888980669533,71.05568225034749,70.93738498343758,70.78178424826041,70.5715584314231,70.38040854410399,70.219586056595,69.96646021795924,69.77223121420052,69.55743817300072,69.40021881510799,69.217065090414,69.08820668765038,68.97737730501451,68.86953352950431,68.76013378369196,68.66647744826237,68.55414370635395,68.44052788164952,68.32714838721778,68.20448057922982,68.07494630995085,67.94484945545581,67.81532149630604,67.68236458757394,67.54801571329715,67.4165131227788,67.27394478947794,67.14928040528682,66.95145145565233,66.81139447432403,66.68233460483822,66.57059766471232,66.43826392770214,66.30547413999004,66.17628803451991,66.03763781383618,65.93583072810833,65.79372538310868,65.6786234785851,65.58002631715998,65.47633429885309,65.38778200460033,65.29775436517758,65.20070131344312,65.09414144410071,64.9817493453848,64.86862375229938,64.75287515454862,64.67834967578437,64.62036056142902,64.54861188030308,64.53217830729103,64.5549042624628,64.64968046174828,64.72492146627978,64.8877031251053,65.08321459821798,65.30388438751882,65.55835350203658,65.82040629432049,65.99462256135382,66.21139825076877,66.41248549589298,66.58730352404473,66.75605517041446,66.92549954651622,67.09686985639833,67.27169313084833,67.45238076331162,67.63408846272331,67.81826192929962,67.99395025943718,68.15459522236443,68.31301052965597,68.44638382733483,68.59794114359369,68.76845350551055,68.88386415943485,69.05399725615635,69.19638867494953,69.34495147765577,69.52007937801903,69.70252273845509,69.86688257074827,70.02866708868049,70.18326228584063,70.34748140424983,70.49009120166876,70.63771251309285,70.77734552597187,70.91667439119443,71.05325324493425,71.18945351467315,71.32475713777566,71.46326049676489,71.60197747414641,71.72883562184155,71.88017785789833,72.03150987616398,72.14983960829213,72.27852297827305,72.41548693378438,72.58153523773962,72.71311835354834,72.84763594691626,72.98359266302549,73.12306775039879,73.26699251071805,73.41683916697507,73.56586587872096,73.71729421971953,73.87005099777421,74.0271077457979,74.16671939407144,74.31102155933365,74.41679878227184,74.48588034680627,74.50910888911974,74.46243088915422,74.39158074993317,74.27979987492087,74.1197176043485,73.96444626095006,73.86754060887242,73.67700151496173,73.56229244073131,73.52746208850945,73.45310374546347,73.39796870259573,73.35145604208483,73.28997328150983,73.27023149455557,73.26040852057467,73.25321487943557,73.24005581536636,73.1800046178606,73.15858415471433,73.11782071080115,73.0256309674589,72.89340515300044,72.73454273830323,72.54537900273768,72.29749035541793,72.04707412845606,71.80453813232951,71.58489419060811,71.31838905355644,71.10210327537473,70.87485695560615,70.60749801380166,70.40295711387145,70.22326664123065,70.05946543466511,69.8908564281903,69.71827319918927,69.5379977477256,69.36823229314692,69.22967923384863,69.076367972284,68.94871981332167,68.79052373027154,68.63413289915235,68.46759007281904,68.29096887129677,68.10575442530705,67.92307878217412,67.73662425584119,67.57447329151327,67.39359322351092,67.23357930909312,67.06042598303432,66.8573813406426,66.70965725296098,66.53464112585543,66.38850552358875,66.2656648817298,66.19068924776293,66.15827607820971,66.2001654381527,66.31242237834088,66.4783722680142,66.70450899039443,66.98585408009488,67.33474806264734,67.7149597487953,68.10487219602699,68.48114150368718,68.86118763347308,69.20092269697228,69.55912287766597,69.92301773852768,70.28698233493427,70.64272273642155,71.00594127650972,71.35482227575275,71.72039777024729,72.05420442322101,72.30415455901064,72.59513674011939,72.8823356144765,73.19540599935306,73.44282662212395
51.360631416020276,51.459270838284155,51.50286291803643,51.571079610652305,51.67712004281564,51.748344430033264,51.815881253916174,51.90467597597731,51.929618686071535,51.99232338811027,52.055027511619976,52.120070409195485,52.178893290329775,52.22964420651757,52.269117259165796,52.3012076693833,52.32793353225777,52.350967243285275,52.38858995419196,52.417228695754346,52.42086273879178,52.44740059310387,52.475773495586594,52.50870090721055,52.48901052983827,52.54694739877904,52.58093697656418,52.59150668522604,52.63370330863127,52.64530685574209,52.687867546660435,52.68323553809785,52.690122769777616,52.707398760682075,52.7342545209139,52.771137928618145,52.81766658372756,52.872269310967866,52.973563169700604,53.035267745765076,53.09359573216879,53.15255431209352,53.199676428835026,53.24854969452597,53.28497230387599,53.32703874296266,53.39885662626278,53.49836073196852,53.50643514881165,53.56758484475344,53.59305770266299,53.65336102617519,53.68051908074168,53.695162925423304,53.70231303204791,53.707643845900314,53.7150201267608,53.73529938752963,53.80176998507202,53.85695238290077,53.953429596516074,54.1078307617782,54.28499158331056,54.48756458354951,54.72342789752285,54.97007575840449,55.24695461571539,55.54064824904852,55.86112467849808,56.21811654534915,56.542817617536116,56.89956156960001,57.265945062656584,57.61497483655646,58.01672522108398,58.380376594980675,58.71966482674582,59.01465164313447,59.341346933429264,59.67091624691937,60.004836291814925,60.34327025656915,60.684756298688455,61.01706672898912,61.3249870664304,61.65460806015998,61.98645756234801,62.31150821678345,62.63998755802546,62.95820788676121,63.26447047280206,63.56980488754469,63.885143574507154,64.19587032886655,64.52172000162146,64.8381055317805,65.16361137264828,65.45794718581234,65.74318110028042,66.04224592357119,66.34506106461164,66.63910420090629,66.92273924930714,67.2274999224536,67.51472575394403,67.77047917540939,68.04700408505558,68.3142721249585,68.56556136231632,68.81925774714034,69.07963857478333,69.35409994128567,69.61005688783895,69.85004221448494,70.08432546577339,70.33256932075749,70.566965613037,70.79525236193652,71.01717580452845,71.23649737382826,71.45979284908165,71.63199259562364,71.84666582937848,72.08354193216945,72.2703612667733,72.45376264927235,72.62690647301703,72.78106772093017,72.92088197169049,73.12483440509648,73.33104988584918,73.53417749717313,73.71588013034764,73.91458189060113,74.09277942308023,74.32982103799613,74.44790334270185,74.68084477172808,74.83555473898548,74.9951994075147,75.0808398349978,75.2887662354474,75.40323099355945,75.44552016801411,75.51688183520733,75.54760624065267,75.60900745408216,75.49429586259895,75.4054593172734,75.2100585530277,74.97013103134815,74.82332966514991,74.62955278240707,74.46540515534886,74.34540926337877,74.17604778394649,74.08562920340921,74.08049978956856,74.00882902274645,73.94544199958897,73.90747461776442,73.8750180446424,73.74859223369631,73.76286667676268,73.80703855351877,73.80831540558209,73.87455105076658,73.87917787556152,73.90022541313444,73.95447273596024,73.98033875854178,74.04031122433902,74.01412976791912,73.90598811949427,73.81692170754901,73.75087085408809,73.56942676023355,73.40584115176637,73.25781725783986,73.10284975443338,72.94225250632407,72.77617674191023,72.5895555102261,72.42126412171731,72.27859046306735,72.15078336117256,72.03594891342782,71.92745447623439,71.81731531898474,71.7398329886376,71.76021678325661,71.630460122548,71.57091404013082,71.51670150530899,71.41221368274253,71.28766923230536,71.16072586642572,71.03684207416497,70.91609116225717,70.79991061497313,70.69533041722778,70.59266650771548,70.46572428224064,70.32830921373112,70.21177115659924,70.07022945114022,69.9220390599001,69.8096712143863,69.75350081045404,69.75727440918777,69.7535945017608,69.78907190499167,69.87004732398832,69.98041442703226,70.12536131982912,70.26006801662582,70.42865050304694,70.58343040778647,70.71425451713472,70.82414672337663,70.91652024995743,70.98153265153407,71.01916376616427,71.01901475174064,71.02765647173197,71.0199250039534,71.00716231803254,71.0042478329584,71.01716683017659,71.04062238244295,71.04036605645884,71.04352344109229,71.05834901119154,71.10815050232887,71.13477418141072,71.166729923653,71.16977182474236,71.16747919629199,71.15312010370396,71.07181850560816,70.94200308499948,70.78036567548301,70.53968924399342,70.34026333239406,70.18193529429213,69.91287077172494,69.71564738549242,69.49640287825854,69.34383320804827,69.15926233398265,69.03580489274373,68.93206998938881,68.82941478315907,68.72265421039566,68.6477995180371,68.52289074524634,68.40842578369504,68.29303150425925,68.16630729891395,68.03131113788918,67.89822387956539,67.76724098559414,67.63378850733311,67.50519895871072,67.36684231206127,67.22006339880069,67.09756964072304,66.88381397240867,66.76014538767558,66.63108039719907,66.524510336773,66.3936379099147,66.26196743958701,66.15398415050905,65.99650557367859,65.90382429496248,65.75295577437295,65.63679666879979,65.54739073197486,65.43389540460822,65.34777881103139,65.26013129293702,65.16377147166031,65.05546480808734,64.94019992988038,64.82533847675724,64.7239726308805,64.63983035703318,64.58671041934646,64.52241748065491,64.51825704982332,64.55509794208392,64.66519222893191,64.76362658317584,64.93763038607919,65.14170464513425,65.36771595480545,65.62072327357535,65.88996459784452,66.06546270148063,66.28078162714144,66.48847753933276,66.6635337243686,66.83329633141956,67.00265823186068,67.17368446780537,67.34854925151355,67.53000896213409,67.71272603060925,67.89606154324962,68.05736016504467,68.21575524410255,68.37168875211201,68.50728286891926,68.65678045287167,68.8265615024987,68.9543127225219,69.11359776932059,69.25985912611557,69.40984142128383,69.60532128576138,69.782200644907,69.93097724975358,70.09151761352682,70.25499972545222,70.41492812118481,70.56185287139927,70.7021874135052,70.86030247320711,70.9988052594296,71.13476267071796,71.26972257463306,71.40305794871318,71.53971127130548,71.65407595688252,71.78090609920008,71.93200205106814,72.08297539634603,72.19932203920943,72.32870993140926,72.46612855840263,72.6393701408021,72.7688052988521,72.90499586456785,73.04477805990645,73.18802909201935,73.33440421508662,73.50546560625064,73.65533211388991,73.80672765920055,73.95823944864765,74.09866588981141,74.23523813642385,74.39490360907914,74.49566376915475,74.55925184763949,74.57860484465128,74.524743091554,74.44967478176596,74.31595310038986,74.14017850556903,73.9752499799543,73.88836441818046,73.67685563717619,73.5504553772229,73.53435905794043,73.46063716201365,73.41068077588284,73.35184097731333,73.28863993972938,73.27148411264052,73.2634756497808,73.25733228104905,73.24483051422462,73.18032311364335,73.15126856907133,73.11869558104996,73.01639236351023,72.8776725132808,72.71390178194505,72.52047020671029,72.25263676584608,71.99083583051559,71.7393585851205,71.52247074844362,71.2446466368687,71.02494849396602,70.7955818008549,70.52408007282943,70.32579880627466,70.14611779086016,69.98874124382742,69.82434276681829,69.65270869546134,69.47148487753932,69.30129171051247,69.16671991695546,69.01326257501462,68.89714839073088,68.73644746732177,68.58160254383301,68.41101615187063,68.22736938101751,68.03506640108533,67.84925940594036,67.6629014187206,67.51233320560976,67.32228884706096,67.15960392452354,66.97817266963732,66.77659040527102,66.63915777387368,66.46778628616953,66.32721572108255,66.20926889044655,66.14403142214078,66.14336080180324,66.2029466557017,66.33562200682945,66.52374653028102,66.76823619815661,67.06423705829444,67.42423841132363,67.81113550761465,68.20492773528449,68.5829109163291,68.96296676014981,69.30336170302681,69.66170388528126,70.02572362237467,70.38976881778066,70.74723126634458,71.11093275947667,71.46201257172267,71.81473591526479,72.14748759267526,72.40529830931035,72.69567010310459,72.98372989865607,73.28825184955014,73.53851246108084
51.394375079681986,51.5029152731509,51.53300581340589,51.60229115533597,51.72515545065928,51.79950839143784,51.86723235692443,51.951257502816965,51.97439817303845,52.038043363689056,52.100861842497935,52.16691207003253,52.22629879359045,52.27793154503047,52.31767899684132,52.331195522764936,52.35449603872547,52.3745839825909,52.432773231623074,52.45839297121294,52.440657448268354,52.46244811438537,52.48692725969357,52.5177705226135,52.48312797270395,52.55044307600987,52.586863517880516,52.60025983010604,52.64530706235219,52.65820064705915,52.707443042339946,52.699372011362314,52.706551920370416,52.724962819936046,52.75209527247666,52.78926079615797,52.83722855799545,52.893594036564366,53.020193444061846,53.0844716151138,53.143957054397454,53.203660000124266,53.24986065226678,53.29245895598439,53.32212719388169,53.36014865319496,53.43728152901356,53.556981448458025,53.54576609365488,53.60691834270762,53.62577663718863,53.70170989739815,53.72416947131501,53.73599899975676,53.74192736566446,53.74171085855393,53.735541576893844,53.7534322470077,53.84306453714306,53.87859720575903,53.98437933961292,54.14347036851293,54.33208968885329,54.54590910316684,54.793697353890636,55.06636794569847,55.35323556605815,55.655546129713684,55.983128337258506,56.34557631988453,56.67968262272298,57.0340522073184,57.40249290383649,57.75920911770392,58.15175719435175,58.5137167618101,58.85185818185742,59.153612535682356,59.48076389170524,59.81177993205275,60.14754803195848,60.487618986525426,60.83010641575039,61.16288170480567,61.47186085556231,61.80128360730391,62.113745365345274,62.43957080536117,62.76815939750728,63.08606900852497,63.41247901683955,63.71472175124943,64.02651552657552,64.3455956940453,64.67184271843364,64.98898709653535,65.31548858417204,65.61031692858907,65.89444828261576,66.19655573624503,66.50230567902298,66.79336088748262,67.08143889822918,67.38873523522682,67.6766137585908,67.9129483002069,68.18976894789678,68.45272208912078,68.70592735044916,68.96231176827229,69.2248053292635,69.51743771458037,69.77050457664743,70.01203593847937,70.24362475125335,70.49430613679164,70.72820387374803,70.95588184773658,71.17681643028047,71.39467560868886,71.61606535237394,71.76529034193572,71.98000803803184,72.23190640722407,72.41963876802086,72.60229429595837,72.772582815077,72.92849087177572,73.05237608044094,73.2535282521497,73.45941860420702,73.66222767694141,73.846729134205,74.04373047923859,74.22157370383275,74.47729880339301,74.57889732773049,74.82362072991896,74.97983846455365,75.14063761699484,75.2098728029895,75.43376649622363,75.54678135337653,75.57097110949954,75.6390485008625,75.66806168070602,75.72444736538377,75.60257727163788,75.50129512422349,75.30272386823788,75.05322231781987,74.88748286809748,74.69001451289616,74.51776597047758,74.3893762983583,74.22006954861126,74.13007892769826,74.12505136609609,74.04575774191086,73.98119631628762,73.94715383791187,73.91623865379987,73.77508805276102,73.78755428596745,73.83163644305412,73.83275601689444,73.89803897289217,73.90250231672869,73.92319356058528,73.99103402931007,74.01523809778256,74.06829077242014,74.0372695937488,73.92091227073266,73.82591418624284,73.7551609401382,73.55912467212687,73.38491873979342,73.23004995107334,73.06793148933663,72.90336234383503,72.73386319009852,72.5445840629248,72.37646791920982,72.23518681935741,72.10964467691986,71.99712704834924,71.89000412621037,71.78373646825754,71.70558761129934,71.74276458960445,71.60210701851909,71.54516999888929,71.49608766967596,71.38604168025458,71.25219721397765,71.11895723307836,70.99332642223276,70.8707955522351,70.75173838883501,70.65018765379703,70.54491398126434,70.41341195192226,70.28135104577639,70.15988093738503,70.02406405515362,69.86233204687544,69.75192850888077,69.72123612522124,69.73753767788095,69.74351141941588,69.7866315478778,69.87878837796417,70.00089532186722,70.1409085597269,70.2821595949759,70.45662834016157,70.61827325062302,70.74579382385323,70.86896210445515,70.94892615602855,71.00903787281699,71.04256764958491,71.04287609666618,71.0456670645186,71.05121251285088,71.02002215397859,71.01370665331469,71.02825251551026,71.05699363961187,71.05165231703937,71.0539669147178,71.0743866332438,71.14650080085995,71.17200479141489,71.20239354347407,71.18337863033285,71.17834141841662,71.18214936575171,71.0930850040983,70.95211092411147,70.78488334440749,70.51528817469654,70.30683697148393,70.1467849522867,69.86503739996165,69.66398605523787,69.44179661042469,69.29174944410998,69.10842622424155,68.99045110923532,68.89311386705664,68.79568033363779,68.69171402381642,68.63545622060954,68.49750935894019,68.38209373202636,68.26410115874457,68.13334173090402,67.99298168464269,67.85679525404656,67.72394426145283,67.58964825536083,67.46658946404315,67.32061838634824,67.16920869817746,67.04779063432463,66.81963575698134,66.71251865743054,66.5830207110661,66.48101676312528,66.35207683500941,66.22214741750489,66.13672134498411,65.96005859680514,65.87554145071726,65.71665511876918,65.59946658670833,65.51890261877948,65.3959097175803,65.31206707779005,65.2266898667433,65.13086769909462,65.02054370758799,64.90205886948976,64.78507900233704,64.69921205562564,64.60283982606717,64.55294304341601,64.49537942437964,64.50303238565311,64.5543581331265,64.68022251366021,64.80552403402451,64.99114599695469,65.20378146298754,65.43458375285756,65.68345257398747,65.95672269407626,66.1379060961944,66.3510894556545,66.56746279141254,66.74316287276294,66.91412738987266,67.08333098757738,67.25394918017031,67.42890526597184,67.61127801593338,67.79504755086236,67.97690103992781,68.12100863053914,68.27705352731479,68.43037298412686,68.5692114888504,68.71668073917023,68.88512881161422,69.02770095622647,69.17491586788091,69.32575108419212,69.477689560954,69.69442413710006,69.86508762380903,69.997825583467,70.15766019548363,70.3309311917885,70.48558306159069,70.63709219375363,70.77019636381951,70.94778437299371,71.08539298574554,71.22062396516604,71.3541125276721,71.48513417551959,71.6195499448148,71.70828009120433,71.83543399701718,71.98525640940464,72.1349251162855,72.24995761378591,72.38031957905609,72.51848077697643,72.69762556253916,72.82538544753335,72.96377828595949,73.10798922204685,73.25553029578704,73.4046874574377,73.59807774913686,73.74887780385818,73.90025192277037,74.05044074230601,74.17280195033167,74.30638380756008,74.48149096976243,74.57697112951695,74.63503061689902,74.65095124273304,74.59126791116479,74.51249327769595,74.35593614741265,74.16713658727616,73.9935813342792,73.91428138277371,73.68534683941253,73.54737396774705,73.54615758815234,73.47308850128779,73.42842579844333,73.35598509443075,73.29372480711791,73.27866745358122,73.27137754430707,73.26526800945975,73.25341138109215,73.18874770152546,73.1499821379641,73.12515483550821,73.01305113903447,72.8683289234076,72.70006622756536,72.50271410891365,72.21513667158588,71.94370856060392,71.68321815407158,71.46494265247452,71.1788636310093,70.95251261994632,70.72009978947166,70.44905887150716,70.25800416238678,70.07638956793582,69.92390792575873,69.76355115831606,69.59330686773137,69.41172017951216,69.24118701718218,69.10983538163791,68.95615792574083,68.84950359531317,68.68688649544794,68.53349778525198,68.35872808551754,68.16794008312269,67.96861192202225,67.779655653745,67.5934036514814,67.45352544261294,67.25451688816798,67.08835475206156,66.89793004275217,66.69863093634592,66.57010158669502,66.40265370644721,66.26794482714753,66.15517659300986,66.09925017831375,66.13222565867905,66.20955058477327,66.36270243456786,66.57308847983266,66.83580552250159,67.14631918651575,67.51717910229081,67.91010338046118,68.30720515002163,68.68691690207108,69.06679637883987,69.40879331577143,69.76759453787287,70.13185378566723,70.4960241895517,70.85534895953725,71.21944825920895,71.57250397160581,71.90801559383199,72.23875375608817,72.50710310265818,72.7967524711829,73.08602993108063,73.38049516870781,73.63477893668191
51.43518486178998,51.550727115438,51.569136013732944,51.63958587426803,51.77735066663733,51.85501605175997,51.922958875722166,52.00100203585736,52.02350043095695,52.088228088748615,52.15125239650383,52.21843538122298,52.27848464352317,52.33113216673939,52.371262181111845,52.36573920581013,52.38583245600276,52.40303131813461,52.48156658714051,52.50380748522889,52.46531275214836,52.48241028487531,52.502986552178406,52.53143665203815,52.48497430953205,52.55851507352047,52.59652919052739,52.61411397434869,52.66111687106492,52.67638629757625,52.73045208325869,52.720720555358675,52.729108117678315,52.74902111440653,52.77662664889076,52.81429940418168,52.863763219650046,52.9217662803429,53.0712333839924,53.138188356837674,53.19890629565458,53.25941255111353,53.30468341969222,53.34072983528005,53.3640171121284,53.39901652720687,53.480217800922325,53.616548140895354,53.59035289345657,53.65091623363089,53.66514259491365,53.754900000657216,53.77244527455487,53.78139168673435,53.78611255800569,53.78015803825742,53.76001109680438,53.7758365462371,53.88777543074457,53.90231334969141,54.0160018082623,54.17762293959819,54.37722135252827,54.602584897806196,54.862853011312815,55.164999886598004,55.46241625271147,55.77366438976535,56.108503032529306,56.47641160561147,56.819866695868924,57.17005908758503,57.54038282505028,57.9069094112392,58.28850009785387,58.64824833611196,58.985112987864376,59.295977867699236,59.623355567432746,59.95563602504671,60.293112820886186,60.63468332297496,60.97804262949513,61.31121634079792,61.62123775600465,61.9501998313259,62.24169257429807,62.568644093620705,62.89761005719207,63.215384595484174,63.56222556579904,63.861005927407774,64.16885402935841,64.49684417600776,64.82346522628949,65.14118417229685,65.46861855708033,65.76390753741248,66.04680170520042,66.35211690918355,66.66097892291613,66.94888273668316,67.24164088566273,67.55167441774171,67.84023498006444,68.05871014931066,68.33586183442793,68.59466263138151,68.84988126924338,69.10875345020392,69.3732880811461,69.68262742297112,69.93273718179114,70.17600830339053,70.40486399442526,70.65772473851138,70.89105218997085,71.11803671654198,71.33787544013367,71.55414496356694,71.77349910329914,71.90292076073234,72.11751289113467,72.38124837554491,72.56992483959085,72.75178897953758,72.91911254308427,73.07729658392803,73.18798180134868,73.38576146999206,73.59129621380724,73.7935096163484,73.98228380401132,74.17803140823976,74.35561313027556,74.62572308514441,74.71523438625125,74.9672372539409,75.12497098792367,75.28701437021374,75.34413645861964,75.5799628580674,75.69173882323325,75.70277398046098,75.76793911629852,75.79631513474722,75.8424790950814,75.71491327543163,75.60091898992981,75.40054472995917,75.15188634059184,74.95674381237285,74.75877859850362,74.57948709510504,74.44149195528772,74.27908780642595,74.18992910098657,74.17593575510473,74.08892787139351,74.02316646229228,73.99262062132769,73.96334401320674,73.81412085154189,73.82196551126043,73.86115728544337,73.86371324046046,73.92245636208234,73.92962063851498,73.95135738223468,74.03352858448648,74.05619179412285,74.10081474143972,74.06498792926912,73.94205807273633,73.84145485555237,73.76493222860051,73.55474725375008,73.37310481127642,73.2115682494834,73.04131815139782,72.87189492577122,72.69728778175218,72.5070148615614,72.34040238549737,72.20066590665924,72.07688007830366,71.96597553163879,71.86025005657316,71.76017232661688,71.68038876605719,71.72650075273873,71.58034484100446,71.52515751794685,71.47866012558613,71.36388964599001,71.22224694555392,71.08389497693162,70.95691533638465,70.83245252035864,70.71003290927884,70.60988458067658,70.50135888949728,70.36610300920306,70.23992455007973,70.1127397953204,69.98362056263838,69.81001491900443,69.70195781874436,69.69555776357556,69.72207663841854,69.73785527892075,69.78842119846823,69.89169316834983,70.02557139795414,70.15841857603972,70.30588830244106,70.48580256063762,70.6552325963078,70.77894463450167,70.91830973302235,70.98406340656997,71.03887632594542,71.06813591282112,71.06988419528695,71.06636840647822,71.08652762681302,71.03613613885565,71.02649979955197,71.04212386908523,71.07508060251782,71.06589516857035,71.06906017790568,71.09576191035256,71.18910088132894,71.21355192496492,71.24242247196169,71.20242785466189,71.19489485811987,71.21627486556707,71.11982045846737,70.96816768179421,70.795727386279,70.50035001177088,70.28189944047551,70.11428819024006,69.82464667153909,69.61874603248071,69.39570838025428,69.24526989242734,69.06677093106073,68.95426873625277,68.8622321226734,68.7699186483702,68.66887314972399,68.62983835923994,68.47893348722828,68.36239128245177,68.24100157697642,68.1064826643154,67.96138266901474,67.8223302554392,67.68735565412611,67.55193544109814,67.43316231058051,67.27952957112262,67.1235656244751,67.00155274354896,66.76253732273204,66.6708337463727,66.54062196762209,66.44201360027434,66.31555642142166,66.18803949345045,66.12498470752476,65.93026184979477,65.85157425957959,65.68646546697047,65.56826202455647,65.49492110772327,65.3639772060289,65.28206950351252,65.19874431730936,65.10334199605933,64.99092371174568,64.86915060458585,64.74991146732195,64.67926222204183,64.5690507846858,64.52103119427233,64.46980668484117,64.48813686746831,64.55334935160677,64.694770507834,64.8506589969624,65.04834995437953,65.26957719501947,65.50460648829969,65.74644418775753,66.0201278058717,66.21203419704631,66.42237220094836,66.6497016846851,66.82650525742355,66.99886784484558,67.16781177442255,67.33792864579371,67.5129891520814,67.69634236611763,67.88110396074647,68.06084830262965,68.18655099874259,68.3403533466961,68.49103871126141,68.63412718477475,68.77975596589458,68.94596491134702,69.10541998374592,69.23993551536032,69.39577160794991,69.55015511729994,69.7872838872969,69.9513184172082,70.06869901396492,70.22862838484065,70.41210932439199,70.56033396900011,70.7161476173305,70.84293900609829,71.03964277647472,71.17629597474067,71.31070873550995,71.44253680315771,71.57096367905216,71.70281599560163,71.76654084498381,71.89441680416995,72.04176298830244,72.18907825227089,72.30398254029171,72.43573584511907,72.5751836222141,72.75761342618257,72.88472100148043,73.02597417516424,73.17511689643759,73.3273138413106,73.47949272852829,73.69452342641486,73.84632782007081,73.99769736070225,74.14653360199009,74.25024836793231,74.3811642227667,74.57094065410213,74.6610167493471,74.71359601472207,74.72645037495907,74.66218791054145,74.58013168195185,74.40014761733681,74.20216651353816,74.02136275407473,73.94572924935197,73.70459364735474,73.55558210762652,73.56349827175856,73.49110141213728,73.45171629950076,73.36458123585531,73.30680297868295,73.29316189455604,73.28511779893917,73.27764923546992,73.26631307775362,73.20722583347279,73.15614218851063,73.13771000268763,73.0162321958987,72.8659779020853,72.69356074421152,72.49255861673099,72.18595478720356,71.90740555413272,71.63805477620987,71.4128649366648,71.12305265732597,70.88594009207841,70.64942088351363,70.3848573358758,70.20210254980454,70.0161832371604,69.86648440968955,69.7098767266132,69.54164183273004,69.36055459847061,69.18982240674919,69.06041850341838,68.9063619177702,68.80529268230735,68.64176923201597,68.48956285276424,68.31078371293657,68.11342954333203,67.90798962892269,67.71635442555335,67.53032937073677,67.39847982384237,67.19201434043009,67.02175099604275,66.82235431577567,66.62617200124372,66.50361967385516,66.34033659403659,66.211843431783,66.10503337688405,66.05828202066901,66.12535149354075,66.22022144366294,66.39371821432634,66.62641651851096,66.90721949206723,67.23211442431598,67.61362012138443,68.0119250633875,68.41178368539606,68.79331389813565,69.17286443583085,69.51753721873986,69.87715013933084,70.2417571284931,70.60607336788914,70.96735991545171,71.33172204056248,71.68638361897746,72.00105286812997,72.32938144754736,72.61075343368223,72.89973368660617,73.19054111885275,73.47384676785677,73.73320067782608
51.48491814801423,51.60312285601196,51.6128969592737,51.68459363201528,51.83403480289639,51.91510348244898,51.98328833170403,52.054390965300065,52.077297875444515,52.14317907921663,52.20646884752516,52.27486712232962,52.3356497022023,52.38940630094032,52.42999156839513,52.4061217048775,52.42355886261469,52.438151108279364,52.53512712897896,52.553714538056845,52.49659952477085,52.509397177130474,52.52629161656694,52.552050132881305,52.49876557513905,52.573704885638755,52.61207147227981,52.63545242882874,52.68313676780638,52.702149273636955,52.758148569875694,52.749271412607015,52.76000024680975,52.78177235821618,52.81004840195859,52.84850887172795,52.899547508135925,52.95904945588409,53.12694072814261,53.196638892335805,53.25865219339671,53.32002263588042,53.36438054155372,53.39383253805939,53.41157877882913,53.44525621897716,53.52855429431809,53.67541208990801,53.64124327919801,53.70038743886026,53.71299272856219,53.813094707803465,53.82560739012245,53.831632095891734,53.83514247615714,53.82341075572793,53.78971474933415,53.804483577650615,53.93628147132169,53.93058591407964,54.05066999822094,54.2126879485985,54.42245120158769,54.659550916341324,54.93256998779025,55.2659340975465,55.57436908427294,55.89486694794417,56.23713715187001,56.61056107227434,56.963362209317545,57.30766786947075,57.67969757678117,58.05827684771672,58.427117594731136,58.784139871811725,59.11961573797185,59.44175183250485,59.769015553143944,60.10228478583283,60.44123781691025,60.784083351073654,61.12812361835708,61.461597002858056,61.772609099789214,62.10089032744853,62.37158494250587,62.69994862552378,63.02954900703871,63.347373792593665,63.71328782257904,64.00837178545093,64.31200902804092,64.6490981822137,64.97608239357696,65.29417636450829,65.62247541227804,65.91819761263233,66.1997831217595,66.50839472232276,66.82047615107815,67.10521595096805,67.40273398784477,67.71563734877381,68.00488383783822,68.20863356136029,68.48610937247891,68.7412598910244,68.99849962112062,69.25944728003283,69.52579842018659,69.84891421874386,70.09607338785669,70.34121025151522,70.56738126192043,70.82208768779711,71.05479338359588,71.28102510323029,71.4996939849117,71.71428810183093,71.93152777330086,72.04632990212481,72.26058174331133,72.5312237592066,72.72083026782603,72.90188239344938,73.06623176976889,73.22710627358494,73.32892136494968,73.5226489822095,73.72772341773981,73.92893042964832,74.12368273179402,74.31877631634175,74.49620763502432,74.77462441534504,74.8581863314256,75.11141270068303,75.27060889074342,75.43394663454725,75.48487360475774,75.72692792596473,75.83764064825405,75.84208465293216,75.9045935637101,75.93336141716775,75.96304704582239,75.83125715640644,75.70448784186618,75.50356187627156,75.26642418505654,75.03590488546541,74.83852536747992,74.65295039267443,74.50396306383595,74.35470670574061,74.26605034339738,74.2335077115027,74.13892431329486,74.07195506627383,74.04430283205521,74.01674107193212,73.86777181016153,73.86772080763691,73.89630341072747,73.90212468799633,73.94745279917264,73.96079217888915,73.98530007623036,74.08223315438053,74.10346210806243,74.13839309408112,74.0977920036572,73.96987146747493,73.86398151759087,73.78070144440483,73.5567327229012,73.37201102117459,73.20422275312369,73.02480426903557,72.8495231297903,72.66774150562713,72.47865099025942,72.31521429692108,72.17719458106411,72.05443685923575,71.94417241951125,71.83984774412615,71.74879000698989,71.66621266995384,71.71045449255642,71.56629271193552,71.51159574792656,71.46397117228459,71.3458565198238,71.1989376305139,71.0574013789239,70.92968920614227,70.80321484566078,70.67703084686224,70.57587290209386,70.46369528435838,70.32641465056386,70.20645346779622,70.07287885239637,69.95134097747513,69.76888040714884,69.66349358601893,69.6783916502504,69.71165379815879,69.73724914355195,69.79501013107597,69.90922115059183,70.05477455397198,70.17910595639724,70.3325013807974,70.51723968139632,70.69477135905979,70.8146583318812,70.97097888600058,71.02250790794311,71.07218294106485,71.09735343906158,71.10164815091275,71.09159681519101,71.1262354079053,71.05754179003809,71.04475119776748,71.06038390732465,71.0956887544,71.08473606780446,71.09109057050183,71.12460498326493,71.2362330166468,71.25973157455455,71.28718003627003,71.2289288224548,71.21905006190958,71.25579387587851,71.15236358136487,70.9906325390684,70.81328793234279,70.49686954345475,70.26722071847061,70.08459816781348,69.7933851553269,69.58142612626476,69.36022719850224,69.20569692213458,69.03651062431003,68.92938117292368,68.84114794089437,68.75371819478579,68.6556915138881,68.63133673718845,68.46809706990332,68.35017799077947,68.22437698525749,68.0866288882636,67.93793880980867,67.79659556028324,67.65939949385802,67.52264167398612,67.40589257960892,67.24526409186738,67.08531911456056,66.96046532585335,66.71613918302232,66.63741011728585,66.50635058804963,66.40939750472532,66.2860523875868,66.16166908713055,66.11925932771072,65.90908029922645,65.83251478575629,65.66402886964984,65.54481177458989,65.4758053289557,65.33969783821352,65.2592087868351,65.17760887534813,65.08254636286779,64.96815038970341,64.8432995755415,64.72190200999503,64.66479192338684,64.54013608387656,64.4929687358479,64.44823285703434,64.47604723104806,64.5542738480243,64.71014318985644,64.89918623043502,65.10934271273052,65.33919464108067,65.5779109121043,65.81007274103705,66.08058902316318,66.28793213431736,66.4948991767507,66.73498919914759,66.91372028436732,67.08761865511822,67.25616350887219,67.4256579696087,67.60079223629488,67.78513699064644,67.97081085632442,68.14794880926735,68.25573850315577,68.40753534417333,68.55566183665329,68.70398745433882,68.84812009644992,69.01087928018697,69.18886092827765,69.31064067528176,69.47162775615969,69.62889731095518,69.88379649161371,70.04102776715146,70.1448689833237,70.30595573188764,70.49958676280515,70.6400685869459,70.79935759072842,70.92161498240395,71.13572923479319,71.27137263101328,71.40488858898117,71.53490883045751,71.66052432016805,71.7895489019746,71.83080918609286,71.95985200953551,72.1033438431561,72.2471540205908,72.36363302699714,72.49734265350365,72.638877126824,72.82064565496411,72.94867416258154,73.09357449625526,73.24805183006956,73.4051222081988,73.56047051911533,73.79465046886571,73.9475070339727,74.09889432326932,74.24639675094075,74.33173758318699,74.46058719733034,74.66340967481689,74.74809651463387,74.79532740124591,74.80540453292339,74.73768565223887,74.6526854387625,74.44898611150987,74.24684294842332,74.06051666949088,73.98314576461522,73.73671458668674,73.57761369218407,73.58702170137248,73.51531954341361,73.48106480827866,73.37832224400528,73.32944954943194,73.31634781274336,73.30570000846275,73.29510312988178,73.28405026599366,73.2377049614512,73.17116604782896,73.15687261110001,73.02656043596988,72.87122296801827,72.69491000093092,72.49045163754542,72.16605582726532,71.88364004651369,71.60580638856241,71.36679263497858,71.07922633716646,70.82637534912516,70.58455504503783,70.33389839197635,70.16062333612463,69.96760006323677,69.81798962485044,69.66471459563924,69.49928770718803,69.31983907924118,69.14910207280671,69.01986215781925,68.86518244441032,68.76402290695228,68.60102409439182,68.44954197572477,68.26724087330469,68.06458632736535,67.85479816259156,67.66144262133085,67.47587699309992,67.3476261706175,67.13651819744538,66.96171186080261,66.75410170210459,66.56188266734068,66.44084301778425,66.28192815628574,66.1600621249884,66.06048462953348,66.02306345359376,66.12323567918317,66.23534684536136,66.42881637015955,66.68375008484078,66.98248063549153,67.32163673125234,67.71361145443994,68.11666225244605,68.51874258656545,68.90225634174539,69.28135887741037,69.62991309546587,69.9907259935453,70.35578255090807,70.72022695669814,71.083436964119,71.44769751093841,71.80344241585553,72.09548978210275,72.42108077963353,72.71751635869532,73.00599683410601,73.29857954336202,73.57002057208,73.83535338979276
51.54543232402467,51.66051898573925,51.66593209028429,51.738944293144556,51.89553697158302,51.98000675495421,52.04844824626463,52.11190568134662,52.136162922118665,52.20319785102085,52.266780869449384,52.3364340729153,52.397992831702254,52.45291417692937,52.49399191510897,52.45362600632565,52.46929133708626,52.481785211388114,52.59361196537316,52.60835642995132,52.53628864047491,52.5455188637077,52.55918269638499,52.581961802539745,52.528717804341426,52.59855400669265,52.635627840912775,52.66665850442096,52.71337078561343,52.73777504158478,52.79178640264997,52.78701482562743,52.801437192873166,52.82541526548771,52.85456028348251,52.89414431783548,52.94685836289771,53.00770697676853,53.187573215162786,53.260044143007356,53.32340348508038,53.38570092524412,53.42918782829378,53.45223726996881,53.465748914196915,53.50048158248461,53.58317986152983,53.73192457612348,53.69948498186045,53.756140879732776,53.7711641908584,53.87645739068796,53.88391671767893,53.887011336764616,53.889290987204305,53.87189438168257,53.825938597324864,53.841344633680905,53.9889614643195,53.965899998305424,54.09075690524567,54.25106533628201,54.4698632579385,54.71883583169547,55.004665892914986,55.36912934148509,55.68890682350761,56.01887226559077,56.36868714131393,56.747638032022635,57.10971027638859,57.44723375681178,57.82080908487952,58.21294560822857,58.56757100963749,58.921597889626476,59.25562413050076,59.59045632650186,59.91728648119742,60.25127202074405,60.591459021460636,60.93534846304231,61.27987883322615,61.613546658763866,61.92546621561306,62.25288869089441,62.50470822326809,62.834704945032186,63.16518571700621,63.48325574480834,63.86524349007817,64.15653369481007,64.45583046780803,64.80184012012295,65.12918908868402,65.4474432786131,65.77653327066999,66.07266575459839,66.35293428601815,66.6648544555986,66.98019271829612,67.26190673279744,67.56410698101227,67.87994390709852,68.1698547513854,68.3635873749954,68.64133818987949,68.89368000733315,69.15285890850242,69.41525774485663,69.6830479361405,70.01554325418448,70.25983187943076,70.5068927251502,70.73051462037023,70.98665754652926,71.21871027651356,71.444155142679,71.66161321543814,71.87448768684932,72.08958503382273,72.19696381622451,72.41061594918637,72.68148848028378,72.8719658390692,73.05221023113322,73.213676607861,73.3775413569443,73.47641700177992,73.665305712388,73.86974091909455,74.06939723109532,74.27206450958062,74.46725684228177,74.64466632069549,74.92353332608964,75.0090148578869,75.25586542703459,75.41640875466078,75.58105137737128,75.6333166885757,75.87423430490165,75.98402407356343,75.99001827583105,76.04999954412988,76.0793067488477,76.08609562025408,75.95156219698858,75.81215860750643,75.61181604525505,75.39683094840862,75.13102364144642,74.93312842364527,74.74182145700439,74.5803192902781,74.44809598893744,74.35858530809057,74.29812199019811,74.19633196971533,74.12816475690319,74.10262833413765,74.07683677904528,73.93821971080553,73.92737617911378,73.94025533589266,73.95041674400632,73.97536970133578,73.99720961489922,74.02577817335032,74.13742449188344,74.15731130010101,74.1815357930277,74.1361890460903,74.00479839691808,73.8939319744718,73.80298531248094,73.5655192973782,73.38324902444722,73.20986406204774,73.02018437066852,72.83791983354988,72.64651535047932,72.46129553314233,72.30305042982214,72.16693969866334,72.0442623136279,71.93339576818144,71.83045266567265,71.75175662230359,71.665035540032,71.69365502895454,71.56106975324376,71.50520383945138,71.45157310901632,71.33204124163085,71.18338847233733,71.04133871999348,70.91372842102714,70.78523530717435,70.65496887214283,70.54960432227638,70.4336172177917,70.2969640724855,70.18336154008094,70.04282923060406,69.92966730354442,69.74272124217049,69.6402702527464,69.67166370997917,69.70703166446009,69.742316076586,69.80696762001403,69.93183178013669,70.0888366885998,70.20418602836808,70.36328683423886,70.55213965659546,70.7374187641925,70.8540573677919,71.02554179329431,71.06486059055592,71.11012100151198,71.13171512754602,71.1397774968,71.1231886082371,71.17070091819315,71.08627662490022,71.0705847740584,71.08463564665179,71.11962357849767,71.10981647149438,71.12234543235219,71.1630459927278,71.28817947972452,71.31085973267754,71.33702956355339,71.26489085843691,71.25271757629375,71.30100366941457,71.1910530854402,71.01996467695469,70.83795511384405,70.50684155798655,70.26457078457113,70.05786804466837,69.77294147995224,69.55352730628168,69.33744355447435,69.17434310539718,69.01985949726611,68.91791181837566,68.83158450637492,68.74866744031424,68.65372904207855,68.64034215771532,68.46593404675816,68.34631341281768,68.21487160989047,68.07467919186394,67.92407482582786,67.78135784511849,67.64200011089264,67.50375856346584,67.3857553524144,67.2195101740654,67.05665410530065,66.92613773869516,66.68406185121381,66.6145672329538,66.48267299353144,66.38506513298348,66.26554045194025,66.145061618252,66.12003029512161,65.89847891167908,65.81895509345424,65.65098737748036,65.5307446290543,65.46191441262614,65.32467158239369,65.24490762639404,65.16459777157259,65.0698327998333,64.95376931060417,64.8263302227296,64.70311676863945,64.6564699529184,64.51776857462696,64.47074953207522,64.43319153595401,64.46924558991027,64.5594710544895,64.72802254114049,64.9513334510849,65.17422525653862,65.41269317363104,65.65463708825591,65.87556111974763,66.14043337730045,66.36569269681047,66.56934116788648,66.82236609169853,67.00475284915221,67.18026383408345,67.3482822685076,67.51705431638422,67.69223598816022,67.87757180766707,68.06408077551204,68.2382480376883,68.33032237727944,68.48048016167333,68.62621826344031,68.78074979518914,68.92388709424144,69.08168139662396,69.27941491301898,69.38901531116817,69.55502658759228,69.71557536255338,69.98385790531236,70.13435041568584,70.22760693361975,70.39117578691442,70.59441614657048,70.72567465896088,70.88706056254594,71.00742393479904,71.23589529909212,71.37048135916179,71.50303513281119,71.631142038939,71.7537939597246,71.87978814224239,71.90303608240346,72.03373710199087,72.1718210293602,72.3108716375337,72.43114528217237,72.56752392811535,72.71220132351448,72.88803417211561,73.01910713272494,73.16857021330561,73.32868476993367,73.4906978760605,73.64927131995579,73.89830670727042,74.05224031700887,74.20367316074477,74.34990891239882,74.41800203666938,74.54566054653759,74.75905504462534,74.83850631136602,74.88060413660773,74.88811600822012,74.8179436988119,74.73024999235658,74.5028502312794,74.30274055599983,74.11296551067768,74.02696867526333,73.78380593363354,73.61593901530094,73.6173684696074,73.54638654396817,73.51698385400054,73.39790131319688,73.3632396148332,73.34960635450703,73.3341374253895,73.31825861897947,73.30713760759694,73.2821325374266,73.19647129812614,73.18315418925717,73.04466076111511,72.88466763991099,72.70463866677095,72.49684107874013,72.15640469983676,71.87412528273808,71.58841010221687,71.32729708308445,71.04938484299043,70.77520807835337,70.52683942467439,70.2985951751597,70.13604121603976,69.9327429921118,69.7799425266122,69.62945988932371,69.46781860783608,69.29142456665035,69.12093020894794,68.98955922036289,68.83392739896881,68.72520152448675,68.56457949994146,68.41317938348858,68.22815740579874,68.02215900094244,67.81063616383378,67.61700714104283,67.43224493518403,67.30139430425788,67.08976545281195,66.91015655067659,66.69582841513576,66.50843200201325,66.38290260091246,66.22852160054283,66.11375149676307,66.02317573842252,65.99553098147526,66.1263755884011,66.2553197785367,66.46822526667194,66.745129461235,67.06158931493813,67.41490006688201,67.81720308729295,68.22437664368934,68.62816109868744,69.01389867012284,69.39246764986599,69.74624032989797,70.1086560295922,70.47414852242646,70.8384595860602,71.20330685364102,71.56706286191563,71.92341488032785,72.19299426827891,72.51556186492743,72.82865893401029,73.11692499841415,73.41146128599812,73.6707305064605,73.94281277786138
51.61857913012962,51.72333199548635,51.72986744574292,51.80425416663936,51.962186284843746,52.04996194072502,52.11866614079864,52.17402757419864,52.20046798659688,52.268585920088974,52.33245813616405,52.403363012542826,52.465712894097386,52.521816024002526,52.563387977671084,52.5095350965132,52.52464595794257,52.535775485823855,52.657178204557795,52.667975461166954,52.58615097359959,52.59288541716383,52.60400003515839,52.62352249841026,52.57904703195563,52.63560393101002,52.669335774201336,52.71011551200006,52.753822957522964,52.785549067763235,52.83261948204059,52.83594103694,52.85562784097699,52.8821485503438,52.91236204485945,52.95345951063787,53.00796894787311,53.06999952561057,53.25338858370329,53.3286250302514,53.393368908162074,53.45665809002375,53.49934109035481,53.51641423665475,53.527464242176855,53.56630647170794,53.6449833548866,53.784436880169295,53.76612573242522,53.81898547758551,53.841494134526414,53.945151421161746,53.94763415688543,53.94782051888869,53.94883195823272,53.926034286838515,53.86996870361821,53.88839100676072,54.04619421518317,54.010740701750414,54.13863552509328,54.29515504341685,54.52154154348771,54.78246831679186,55.08095833627901,55.47454438135491,55.805842141636504,56.145396563249186,56.50280118401358,56.88723384889454,57.2583783965175,57.58919841909526,57.964222209990716,58.37026249070009,58.70973235452661,59.06084019792168,59.39340692940042,59.74157922918942,60.06770034881197,60.402140867804206,60.743312247331666,61.08800805110174,61.43283772499219,61.76658827629314,62.07930043217322,62.40572851688618,62.64234816988422,62.97413359610764,63.30572965705346,63.624249597083086,64.01767027119493,64.30520602491649,64.60016829384477,64.95455239719517,65.28228017999858,65.60046452005459,65.930266253161,66.22679056366039,66.50579695170147,66.82096138894704,67.13952397935704,67.41850128463149,67.72514864140224,68.04391397149134,68.33444214017919,68.52443808583985,68.80235777535339,69.05307350053747,69.31401710019084,69.57704456071642,69.84574821876335,70.181759681579,70.42333134109992,70.67230666659222,70.893602136406,71.15069687658831,71.38208569061433,71.60673496976564,71.82297428253649,72.03412638199053,72.24710455630847,72.35615052186022,72.56893451674861,72.83169846085111,73.02294233966316,73.2024081860285,73.36118317009061,73.52822325020395,73.63168364380334,73.81484136214691,74.01838330801645,74.21581232857349,74.4284860523534,74.6245918248918,74.80173440790489,75.07198034947281,75.16817495215956,75.40031378988478,75.5620271613236,75.72794556606158,75.78993698091338,76.02145459986419,76.13042634428588,76.14683376657277,76.20458959694642,76.23264382004733,76.21156922102384,76.0757816796043,75.92408821432439,75.72534797498966,75.54308289283597,75.24815694715738,75.0464817096895,74.84981733418658,74.67415008904885,74.56041206663753,74.46766747789962,74.37013334609914,74.26173574275538,74.19239816285123,74.16802499161832,74.14403808361537,74.02771767788349,74.00412075840131,73.9979560289214,74.01250238515446,74.01343930652999,74.04419119387342,74.07632015974289,74.19937934988631,74.21800163073833,74.2307528009628,74.18068628574558,74.04728480303544,73.9317440283085,73.83230055775864,73.58167112218517,73.4084330354142,73.23034037519518,73.02925706345113,72.83876864689171,72.63502932734218,72.45684465249325,72.30606569535513,72.17206405482376,72.04837568805455,71.93549939117067,71.83376434988224,71.77121468747525,71.67883300698226,71.67513158183014,71.56579508686053,71.50670094314438,71.44101823502635,71.32254275128612,71.17671867450393,71.03756928107872,70.91111337056087,70.78066668393234,70.64608365567823,70.53253054545156,70.41281874174138,70.28036847144875,70.17307250808892,70.0251220519345,69.92104154472678,69.73533015493122,69.63602226096864,69.67729986749522,69.70897274468072,69.75367914129936,69.82486293959546,69.95998451243086,70.12808970051661,70.2348741195208,70.39953266695942,70.59170244039262,70.78370403701928,70.89826419404012,71.08057068480804,71.11172238481632,71.15385379062357,71.17271587751421,71.18588176620511,71.16298010319656,71.22028921974201,71.12437816081642,71.10612445452198,71.11648210348983,71.14769055805013,71.14277783639281,71.16511210330273,71.21321507948824,71.34522254347296,71.36725239182765,71.39233438096596,71.31232328733356,71.29780794778026,71.35220151890375,71.23622768334286,71.05662327647369,70.87011906202797,70.53221950278856,70.27592244707711,70.0354023649197,69.7657515833596,69.5375282590275,69.32981395595138,69.15398426033582,69.01908723708219,68.9219747656438,68.83535328220015,68.75637182447367,68.66454593812723,68.65724542408078,68.47337835758552,68.35165710437468,68.21312967717807,68.07153236423193,67.9212154358757,67.7783837864849,67.63708183547394,67.49727771897834,67.37372571028313,67.2039560431997,67.03975553356231,66.9001793395317,66.66992584066806,66.60462455616037,66.47205560525022,66.37091314155396,66.25599633291736,66.1402425065216,66.12778269933719,65.90042265373164,65.81148724688025,65.64898304113508,65.52768938019541,65.4536074888841,65.32049840682899,65.24058872082558,65.16102523669565,65.06655330726923,64.949326043591,64.82006698652297,64.69562188153826,64.65496510389436,64.5036211079246,64.45636744688674,64.42721631659495,64.4702140575729,64.57128040311272,64.75009057463936,65.0073296972743,65.24309859995456,65.49012865969674,65.73492633064103,65.94422078975218,66.20221537960263,66.44540962947589,66.646411958401,66.9108042523943,67.09953208913055,67.27667808661272,67.44406043019053,67.61203388368162,67.78724186703027,67.97355673532694,68.16082625622515,68.3317914657398,68.41205385461441,68.56106844112297,68.70468389476022,68.86637170497218,69.00917092267433,69.1601807391479,69.37847306116736,69.47704338654256,69.64767516101841,69.81184849272812,70.08736408365462,70.23142110485827,70.31818430692942,70.4858221002107,70.69765011523052,70.81803992857776,70.97959498138165,71.10156550534599,71.33999252051453,71.47348056378449,71.60501997423145,71.73114985796974,71.85075045857901,71.97357319471378,71.98517250178757,72.11806957041317,72.24901660230933,72.38195031938808,72.50875551408762,72.64866359285966,72.79779624499393,72.96109090086888,73.09788211379887,73.25295229038836,73.41890646302078,73.58578332450436,73.7475456218066,74.0053399724102,74.16035254062423,74.3118642234018,74.45694880960514,74.50977416895304,74.63739208567505,74.85803377624607,74.93254202553217,74.96980558094481,74.97488709244324,74.9031446128155,74.81292078696292,74.56277408714426,74.3714511863654,74.18054370635419,74.0776357279962,73.84711908196759,73.67204567832451,73.65517916907673,73.58494606265236,73.55998596588998,73.42520809647387,73.40999468880734,73.39487785418534,73.37273358057611,73.34909581191266,73.33681235983036,73.34212314146238,73.23401405602363,73.2170662656708,73.07115807320137,72.90691543646786,72.72327141077895,72.51217484769836,72.15862716916318,71.88058591396685,71.58770324158354,71.29660064889171,71.03511710174793,70.73682043120499,70.48127314827214,70.28121400753233,70.1292941987687,69.91391013777026,69.7544207334359,69.60576600842508,69.44884281697624,69.2771620748428,69.10721100876606,68.97090256657172,68.81390467475322,68.6883357901496,68.53236386603075,68.38021930541065,68.19359114959566,67.98689612978309,67.77710227345428,67.5851348846547,67.40163161360225,67.26021404608298,67.05349310012792,66.86900427000027,66.65019066826599,66.46848907263774,66.3309294056699,66.18121013415596,66.0740621371064,65.99475209101551,65.97762110870065,66.1352685939894,66.28053323185712,66.51217604251578,66.81061423223578,67.14451064000174,67.51189944643676,67.92444225234952,68.33512946829947,68.74011767669285,69.12838832818642,69.50635547780655,69.86666597978689,70.23087195865682,70.59656155168473,70.96040611440712,71.32658456000996,71.68949762396629,72.04603553048217,72.29523425918704,72.61453481600972,72.94544821593999,73.23390126426219,73.53050242815064,73.77769049608129,74.05715454731141
51.70522996611262,51.7919783761197,51.8054641524108,51.88129606707877,52.034311854825184,52.125205111210775,52.194169536700656,52.241238034057645,52.270585484496664,52.33964480234871,52.40377032155665,52.47588072077501,52.539008751462084,52.59627207145588,52.63830451249925,52.57513196179877,52.59123880370858,52.60196378994953,52.725982954767616,52.73281393195829,52.64795075811328,52.65357518868967,52.66299951230419,52.678938497656766,52.653459364207784,52.687409045245595,52.7155054751663,52.76811882074549,52.806608126567085,52.8477199833156,52.88204610924873,52.898042931733244,52.92468112853398,52.95397486582909,52.98533151109617,53.02821416304226,53.08458794197757,53.14769891882049,53.3246445724144,53.40260247546709,53.468757200098366,53.53310480103851,53.57507613817926,53.586833643763605,53.598034505916665,53.6443587459858,53.71498451044038,53.83144866276609,53.84222913248136,53.889777056606064,53.92572463079502,54.019340171075896,54.01702060740319,54.014350751799604,54.014039256327884,53.98625584191287,53.92309275645778,53.947593989322804,54.1083585293578,54.06759312379636,54.19667885352053,54.347357010771134,54.57957008014229,54.852477044553744,55.16326492747434,55.58213798009703,55.924987709880675,56.274156061463415,56.639127463121476,57.02893988692832,57.40883406913968,57.73400356566945,58.11044251446818,58.52957205006061,58.85347324872767,59.20208460692054,59.533232898620035,59.894608420066795,60.2197891532065,60.55443446503713,60.89633330731763,61.24159150747272,61.586529744545174,61.92024482322369,62.233603078166745,62.558943400646406,62.78579053565371,63.11945512271188,63.45239029713943,63.771574494372835,64.17014586882789,64.45410314520137,64.74487245133622,65.1067174208902,65.43485053590865,65.75271969427624,66.08314848065591,66.380050640168,66.65791287253461,66.97618080230401,67.29786528904798,67.57454580893031,67.88524774525163,68.20686742072775,68.4979404236929,68.69153247979895,68.96920554142474,69.21976888645908,69.48220027811581,69.74505101637124,70.01438513144726,70.34680865321329,70.5858904574508,70.83670301813812,71.0559818766591,71.31346823985464,71.54420244778858,71.76807271936771,71.98311833703042,72.19258685062307,72.40352001220167,72.52330172966613,72.73509277889379,72.98150962298321,73.17337055595065,73.35211195157466,73.50848756918785,73.67877336956171,73.7952336041357,73.97198236069474,74.17436712442557,74.36893144721688,74.59276541657344,74.79042737490045,74.96661303263383,75.21949601758926,75.33474051610592,75.54447614612272,75.70712069237972,75.87424616799403,75.95393761540267,76.16816141583837,76.27638470554588,76.3119762302646,76.36846109784202,76.39169469785038,76.33941225077893,76.20386888667989,76.04043358979388,75.84419840355538,75.7037202580513,75.39084645275268,75.1821387606258,74.98040544731656,74.78849202939625,74.69224408873575,74.59326322125816,74.44989653411395,74.33572053451532,74.26525791278887,74.24092066854051,74.21875193471163,74.13852070295104,74.10115564100978,74.07438614225322,74.09235905214412,74.0694114203972,74.10819469603865,74.1426834595192,74.26837448128036,74.28579536047417,74.28655408056979,74.2317909518002,74.09777662779665,73.97785548121435,73.86916390516775,73.60835726609089,73.44927301301898,73.2673210549876,73.05406404090657,72.85407702844196,72.63682438070015,72.46827670889262,72.32651111567269,72.1946760749338,72.06936171692267,71.95355610058617,71.85226857664404,71.80798373401386,71.70937756921808,71.65545159383473,71.5816477843697,71.51689309958178,71.43199837903815,71.31751428481076,71.18006620032125,71.04795546263094,70.92391847433038,70.79165738041833,70.65260978237679,70.52610539193239,70.40299400420056,70.2792450439344,70.17801011297527,70.02228843837875,69.92790498422507,69.75049668613258,69.65446020403861,69.69714890178462,69.71823954617903,69.7719614009686,69.84926536413327,69.99413880292093,70.17286548840143,70.27238555742402,70.44252688315304,70.63712798694554,70.8341564028536,70.94840126243218,71.13463779044623,71.1636942211322,71.20454459173625,71.22185058820588,71.24157049238458,71.21280761764953,71.27536537461737,71.17388391516094,71.15349416525537,71.15752629426197,71.18069638008782,71.18526325735033,71.22167259872248,71.27723026441447,71.40764448080314,71.42922554449859,71.45345781566206,71.37322320335907,71.3562651406029,71.40968469707454,71.28822608772228,71.10106751864616,70.91016990813972,70.57473438090707,70.30410488353118,70.02435673116373,69.77610579612605,69.53842652392376,69.34063900796956,69.15037018998716,69.0366378744327,68.94360910863712,68.85519280603988,68.77904228535122,68.68991058185134,68.68243733954502,68.49141906020186,68.36707672762847,68.21979568806286,68.07808722255538,67.93078846221945,67.78944024775733,67.646568997846,67.5051907499647,67.37077873450113,67.20028992475311,67.03680833621242,66.88419948582036,66.67735166474668,66.60990154968935,66.4769648443886,66.36883818694197,66.25939574895351,66.14923717164619,66.14300162993706,65.91687649196307,65.81070331024125,65.65965791128707,65.53727482026699,65.45124373507782,65.32877827987278,65.247674768766,65.16820550143026,65.07405988548886,64.95636615780691,64.82633430729453,64.70148348697467,64.66094616957238,64.49936653475697,64.45181634421499,64.43284079395198,64.48143474755389,64.59204132600425,64.77802930330631,65.0674040073656,65.31606375712907,65.5715569663041,65.8189199531461,66.01736321691361,66.2684895413888,66.52717667726388,66.72682533233971,66.99927557129125,67.19798714165468,67.37673611757745,67.54339037078263,67.71051286906223,67.8857313322579,68.07300169177334,68.26095983637963,68.4286245712692,68.50268416866142,68.65118082444914,68.79303463375078,68.96281068133442,69.10608554515382,69.2481867862487,69.48742649591468,69.57670884380927,69.75128009801362,69.91937576116699,70.1942109819024,70.33237457671574,70.41789387679769,70.59141150100231,70.81029927960414,70.91809859911696,71.07736674719192,71.20525726255036,71.44787245020348,71.58022864947976,71.71071472047346,71.83484571691727,71.9513716775885,72.0709435376974,72.07916727056583,72.21484376402506,72.33675193888362,72.46211087564167,72.59869691232748,72.7431401617793,72.89828760696227,73.04113681128437,73.186860926175,73.34870941000798,73.52060728658117,73.69212103313924,73.85694391542472,74.11559809506603,74.2716685762638,74.42329786151359,74.56739516580052,74.60789736926974,74.73692429902293,74.9605028823978,75.03049954312105,75.06331109439436,75.06602007718676,74.99347095680447,74.90079326681027,74.63325650883347,74.45475167716994,74.2642309508018,74.13558466951373,73.92681936227943,73.74664861468013,73.7010943923938,73.63164174831766,73.61058367317048,73.46600167048395,73.47248576269881,73.45564811830765,73.42636619321539,73.39335773397018,73.37832804979196,73.4170959993,73.28742518666346,73.25912036885273,73.10667727409572,72.9385698763933,72.75133290200235,72.53690085180318,72.1764869696037,71.90478008431677,71.60532941219482,71.27997243055282,71.03751644159892,70.71759454144707,70.45515236581214,70.2839080324886,70.13961034667535,69.91377429487304,69.7454998130472,69.59732676381516,69.4448976756015,69.27893223795219,69.10979482684628,68.96530344093411,68.806433638897,68.65315518211916,68.50430561498563,68.35040597084597,68.1635999438723,67.95954627960704,67.75579518163387,67.567912751746,67.3862354445898,67.22451521741233,67.02943813299144,66.84017422310913,66.6198446748921,66.44472285201978,66.28607502768135,66.14110124180941,66.04214463601774,65.97685907477681,65.97127033965715,66.15041206874285,66.31138019399086,66.56089983634338,66.88026471014584,67.23118105516677,67.61251116229212,68.03525426434612,68.44891133738659,68.85463512082174,69.2457255585548,69.62301269114586,69.99087632476862,70.35694744484017,70.72260255193399,71.08568632683901,71.452885059218,71.81468132756258,72.17103888440624,72.4038776873556,72.71970974546122,73.0691512607972,73.35830871638187,73.65701905120926,73.89261446602536,74.17995440342226
51.804166770126436,51.86687461850583,51.892236697049796,51.96951774972593,52.11224279367385,52.2059723378608,52.27518595536535,52.31401845112524,52.346887831435524,52.4166760137278,52.48098709951466,52.55421397717469,52.61807926587074,52.67644254858544,52.718866276011255,52.65185584721578,52.67069700779365,52.68209914064261,52.80018332423734,52.803114142579965,52.7226159737233,52.72835547749497,52.736714969799976,52.74860905052491,52.751115131620715,52.75661814236291,52.777600940599775,52.842415628509926,52.87474293299241,52.92609551120336,52.943420424918386,52.97534397323966,53.00985498610524,53.04173381456208,53.07410028797393,53.11894029290611,53.17726443303628,53.24152748692022,53.401598919946515,53.48219740005354,53.549777098345764,53.61525172910751,53.656628782209594,53.663965696941794,53.68016618686515,53.736466125371706,53.79618131456623,53.877185542340186,53.92956562787621,53.970641013061005,54.02383324980535,54.09918701228149,54.09233696889332,54.08689314503306,54.08518674857531,54.052984417622774,53.98722935700954,54.020833758837526,54.17583321228852,54.138939789837615,54.26725988628426,54.41007117911301,54.64603288980923,54.930890687904345,55.25340327609297,55.69186890065262,56.0461561994611,56.404866980777506,56.77731416179019,57.17234751016227,57.5605447936906,57.88209090588248,58.25997556066543,58.69021884123948,58.998665311569965,59.34554892684634,59.67537080210891,60.04903177863319,60.37308489159983,60.70769595046669,61.05005801421286,61.395628224376054,61.740484342774955,62.07403926733332,62.387865482290664,62.71206693739772,62.93631961708773,63.271877014010215,63.60630184143861,63.92627301023925,64.32224798587562,64.60293942509591,64.88979288546733,65.25781759866777,65.58639502480221,65.90368840672136,66.2346540740596,66.53192458447103,66.80882380224266,67.12997797560553,67.45461200215595,67.72958650815406,68.04379306879743,68.36812413358315,68.65964402139979,68.86404630275078,69.14085005206519,69.39288270637849,69.65648461496578,69.91830156195321,70.188176759716,70.50993532137338,70.74682791307,70.99933272208466,71.21699190776083,71.47423419820872,71.70434336992675,71.92747652636272,72.14138652974349,72.34925175611534,72.55826507294597,72.69627316320748,72.90695188043847,73.13057788875476,73.32286127427446,73.50095722121114,73.65532591788279,73.82881313121545,73.96630229250513,74.13681691347072,74.33794207630314,74.52934038001831,74.76375835443281,74.96366435878384,75.13824140841166,75.36561086253371,75.507649941817,75.68807085263765,75.85134592947703,76.01957015054445,76.12440162111194,76.31392735781019,76.42143640246795,76.48485853960406,76.54170678464897,76.55478144934057,76.46956911216674,76.3357771006416,76.16135166138871,75.96840806903221,75.87486105706927,75.55482313592051,75.33867101337974,75.13248378718066,74.92177559237244,74.84072059689642,74.73326548222126,74.53776630915068,74.41887124709571,74.34734663538698,74.32174322894748,74.3013852814032,74.27227253488478,74.22166100386795,74.17452632832759,74.19396418567878,74.15103584857933,74.1956779396921,74.23068860502062,74.34468663895662,74.36095474980823,74.34944959453203,74.29001027343143,74.15671981317134,74.03270413530271,73.91409207963808,73.6511994333403,73.50760116460056,73.32217617769204,73.09702284170844,72.88622590600163,72.65717735224202,72.49926833358107,72.36670046103447,72.23684537536084,72.11007240838273,71.99115527626988,71.88912878596913,71.86091606294868,71.75794181805605,71.64338201902072,71.61040698019264,71.53799908478965,71.42867331015944,71.32010819137523,71.19579316956897,71.07436726718377,70.95378864634601,70.81989047682505,70.67641084120413,70.5324761748355,70.4062800085352,70.29604823245472,70.20051004074028,70.03672354707457,69.95222739850539,69.79040670487512,69.69715664534384,69.73161472506568,69.73559457631328,69.79778591887019,69.88074416794055,70.0347541070533,70.22349595093323,70.31793566964626,70.49355748701369,70.68961625041187,70.88930508700886,71.00559102477442,71.18631534011334,71.22137702991157,71.26335668818679,71.28061415886079,71.30845320859484,71.27450746917617,71.33629444488464,71.23683140530817,71.21479597060264,71.20968959102544,71.22081254468281,71.23955733563571,71.29386703104943,71.3565017390372,71.47572756462597,71.49709518318414,71.52076319479592,71.44941020115786,71.43027707858768,71.47375047665547,71.34738701122792,71.15375658449268,70.95849778342458,70.63604270504504,70.35217324537093,70.03374077679025,69.80857717027898,69.56161975114044,69.37333790843805,69.16961158383477,69.0749895890525,68.98481772768491,68.89439577871985,68.81964628323072,68.73216897751864,68.71630870736826,68.52183706872738,68.39402519619968,68.23647665250478,68.09592286065181,67.95466883704191,67.81630987565586,67.67227623952894,67.52941482653671,67.37804049243249,67.21022954193398,67.04996222228935,66.88000262604474,66.70934340034958,66.63249728437002,66.49965945276176,66.38088913331264,66.27776879045715,66.17402044277355,66.16617217650096,65.94965592963716,65.81792120527516,65.68476406066328,65.56129737334584,65.45637380225801,65.35130276061042,65.26781724464603,65.18761215125633,65.09378220557637,64.97646586565932,64.84695784324587,64.7227486903019,64.67508194321033,64.50669078310489,64.45909008928905,64.45259856301993,64.50538977337118,64.62409325527447,64.81352074009455,65.13178541972104,65.39322174221287,65.6570339604794,65.90675926965763,66.09629986709491,66.34181037397808,66.61108758512468,66.81129507374794,67.08675193844577,67.30004714407697,67.48031263184912,67.64616446714564,67.81240747008738,67.98762584319593,68.17581659515363,68.36439405389127,68.52879283212386,68.60396455292121,68.75269745700324,68.89322146533048,69.07187940313798,69.21646267507437,69.34754280564287,69.60714573859352,69.68960559050176,69.86706372151706,70.03936757548378,70.30429455531748,70.43734557330527,70.52841548681792,70.70920665617979,70.93261241927671,71.027911108165,71.18262877420004,71.32009977909506,71.55938663930198,71.690584020846,71.81999097876869,71.94214304514912,72.05563547761032,72.17193864950195,72.18650357266839,72.32506426612132,72.43664905821966,72.55342478135114,72.70271304479606,72.85262844747412,73.01469418967008,73.1303844728069,73.28786504372688,73.45740880414338,73.63523188777427,73.81109612397574,73.97879397040676,74.22892890601905,74.38601329537254,74.53780442535329,74.68112670422582,74.71494273992178,74.84685839901347,75.06661937579906,75.1326747501213,75.16150003709363,75.16181725404479,75.08910529333374,74.99396287612736,74.71997126293871,74.55453154151726,74.36452613515927,74.20125324651585,74.02300066402263,73.84044192402358,73.75575473217198,73.68711724981543,73.66928950506556,73.52682190441318,73.55371247804503,73.5356677089167,73.50021849725327,73.45743727361969,73.43832550982353,73.50558120287425,73.36066016638156,73.30982802731477,73.15184326566514,72.98023447839172,72.78934780948849,72.57146699843786,72.2141793948327,71.94847205413527,71.64290997391802,71.28301025657919,71.05764668684664,70.72394913532612,70.45580867128862,70.30882747272464,70.16612827291274,69.93505070354394,69.7577017948805,69.60880463672025,69.4595369086953,69.29869128371396,69.1301883581107,68.97442192498555,68.81298059708784,68.62394884637048,68.4817885617185,68.3241901957907,68.13893353442924,67.94158424041302,67.74861790917394,67.56732985826946,67.38804261888562,67.19552075201682,67.01930950646239,66.82558151961967,66.60738986206198,66.43950299331671,66.25125598821889,66.11093057659788,66.0196697840841,65.97116324763446,65.97841517873198,66.17230338545629,66.34825365360606,66.61462778680693,66.95414120726791,67.32153617363292,67.71656561516734,68.14939687387319,68.56556720513665,68.97164486130904,69.36577059308418,69.74235035756524,70.11848145008705,70.48644364908347,70.8518524364255,71.2139200084559,71.5818233272573,71.94229350317659,72.29815946018788,72.52059248531329,72.83279676586248,73.20103512489484,73.49152990768017,73.79231537388002,74.0171965248725,74.31275222317656
51.91390332506675,51.94843721351116,51.98960260655541,52.068250898952215,52.196308213536355,52.29249969212442,52.36194291818736,52.392850215602984,52.42974744303096,52.49998107015395,52.56437814392562,52.638589561304656,52.70312329939774,52.76248768468727,52.80519802462486,52.742200022186495,52.76472830537595,52.777361713811494,52.879936421201656,52.879118393286525,52.80943253958616,52.81624400092362,52.824071427636376,52.831704554617254,52.868787707367964,52.84592198812829,52.85955889131827,52.9345422875838,52.96168306211776,53.0221927690669,53.02150384982985,53.06988728478272,53.11197705392292,53.14583777754981,53.17899846601195,53.22598245181496,53.286405001503496,53.35207173716879,53.48450936494994,53.567630725409884,53.63663734036081,53.70330954504994,53.744234832888225,53.74828060183576,53.7768926211053,53.8446053677552,53.893104827046216,53.93328696921717,54.030879546956825,54.06508834158472,54.13424000184814,54.18485531662957,54.173844141017014,54.16573880812478,54.16254830206051,54.12664538468538,54.065881275644756,54.1094822921529,54.24899706942043,54.226695727928615,54.35259425854165,54.48568820997205,54.723013920016115,55.019737919766925,55.353190991726905,55.80369590596279,56.16916028159885,56.53724554173544,56.91700946317224,57.317048082634564,57.71297806960565,58.03390214908263,58.413326910935865,58.851547419166,59.14518016238272,59.49145096792228,59.82008940381628,60.20433718438779,60.527119561210846,60.861468462116754,61.20402218081163,61.54964759403254,61.89423097057147,62.22749457639977,62.54157897324203,62.86463272236269,63.09473962176258,63.431916637625875,63.76767495299135,64.08852133979524,64.47355432523663,64.75142923403135,65.03477954142323,65.40733533798765,65.73640851506718,66.05285026283333,66.38425715427692,66.68189099691918,66.95807149455077,67.28181818878751,67.60915947346803,67.88316958476287,68.20017338827657,68.52700398883309,68.81884735277308,69.04099505359162,69.31618140229662,69.57143418394871,69.83586204822596,70.09567754191393,70.36589890184784,70.67038483834516,70.90546239254418,71.15944672072861,71.37597029634257,71.63225731353099,71.86179127891921,72.08425452562822,72.29712001149925,72.50350376183586,72.71077340998508,72.87287556049569,73.08230452400602,73.27855918024038,73.4710252809774,73.64857968837735,73.80143432890547,73.977963951363,74.1439899502389,74.30937281933087,74.50932062172423,74.69761541171619,74.94029536074471,75.14319766657475,75.3155587487676,75.5098554164008,75.68581632733657,75.83081626631873,75.9943594542634,76.16353448108876,76.30040464695857,76.45832503076568,76.56511868017655,76.66475669205296,76.72376717019321,76.72022614160156,76.60198420783462,76.47145960391568,76.2869993565827,76.09801770950017,76.05239016498113,75.73430629585992,75.51087086915962,75.30095034670339,75.07014421121404,75.00166532852523,74.88416470557044,74.63409742611748,74.51177278259688,74.43926695931653,74.41092053688247,74.39234507275933,74.42604746079168,74.36611769022906,74.30196355155188,74.32044096283174,74.26468371644326,74.31186474594105,74.34542081392132,74.42859257580628,74.44374205924025,74.41994930553282,74.35585147981637,74.22456030112919,74.09672779268692,73.9676018060994,73.71591476307422,73.5852576570403,73.39624730763735,73.1605832258293,72.93761692690148,72.70141612858048,72.5535077991579,72.42894858130356,72.30064073526746,72.17336135749302,72.05188816029688,71.94753060100487,71.9287041361668,71.82572282049541,71.6504109509651,71.65419742510466,71.5733858326532,71.4405072482297,71.33798252105576,71.2282181012543,71.11868673542735,71.00165846335013,70.8661778497519,70.71855516418698,70.55547966925457,70.4262773153391,70.33216242762542,70.24173491213445,70.0702562905142,69.99469420075701,69.85304488757409,69.76188318679516,69.77981870998354,69.7618003424418,69.83177575828066,69.91986862533027,70.08228988027457,70.28031298679107,70.37275251242664,70.55391299275416,70.75036718494933,70.94967931479853,71.0709559328732,71.23417556371382,71.2853717415623,71.33145336331187,71.35050148871865,71.3881394480923,71.34991597535657,71.4034414926093,71.31500276530025,71.29164734204296,71.27634996040057,71.27419614058917,71.30955790526228,71.3827689811542,71.45135355084733,71.54975406785242,71.57117730037805,71.59461384552176,71.54256999781244,71.5221398589737,71.54469613037503,71.41404916650924,71.21514965503393,71.01549281912764,70.71780093434964,70.42318265495172,70.07256487686165,69.86768964605349,69.61249679921255,69.43132198111842,69.21777416898372,69.13661849788137,69.04760326859311,68.95626234918873,68.88119892549338,68.79376649791662,68.75925033081069,68.56700648282886,68.43492450313468,68.26789945051054,68.12906281484354,67.99564129344877,67.86080285181853,67.7155045756991,67.57116169583088,67.39863055130479,67.23604564544536,67.08082534929241,66.89110318137642,66.76486723616144,66.67325540587426,66.54129063888266,66.40991422061619,66.31343130446294,66.21630111381134,66.19777942860854,65.99980124861186,65.8380865002986,65.72655624286153,65.6022166853303,65.47483608871036,65.3906117202359,65.3039122701044,65.22212125767514,65.12827560614161,65.0118160531486,64.88379139924207,64.76099827547742,64.69804121806594,64.52803663340372,64.48022234377594,64.4889670472267,64.54456124786343,64.66977562303367,64.8582468979573,65.200702972703,65.4746735693567,65.74661550924887,65.99858559406208,66.18234220615899,66.42473238868958,66.69723609800855,66.90053496667109,67.1722052439142,67.40564123374975,67.58728233429912,67.75227509614132,67.9176338843184,68.09284685919721,68.28191136361518,68.47104144667595,68.63234172615115,68.71749133456143,68.86702281539756,69.00645979344192,69.19401444881811,69.34062291345671,69.46023606847551,69.73643254862243,69.8159406944967,69.99483782649462,70.17160566756907,70.4175107591617,70.54646883667378,70.65176599991582,70.84027252968384,71.0641754198397,71.15069712345712,71.29966188791757,71.44806102632546,71.67438663895307,71.8044050824815,71.93272035634857,72.05295527203283,72.16351971950176,72.2765980084362,72.3076199102842,72.44734178586792,72.54985422270424,72.65875232849187,72.82152102026538,72.97740932673436,73.14497914819212,73.23267836339004,73.4026405301656,73.57970626332744,73.7629142713751,73.94265411257159,74.11297331211271,74.34518023605033,74.50321156939538,74.65521426519408,74.79802214812185,74.83484682068455,74.97068836388226,75.17654026916854,75.23936353252161,75.26475176917981,75.26258091461136,75.19023018495815,75.09252505914297,74.82859306578074,74.67268189224109,74.48192278681783,74.27507920570241,74.13571334435915,73.95394394326641,73.81980078102463,73.75201621599713,73.73661599079878,73.61420682800856,73.65667447498518,73.63868405103378,73.59943552247782,73.54770345066161,73.52344687707564,73.6061063240245,73.45764417613297,73.3697007695686,73.20728094977673,73.03251276116757,72.83784080228475,72.6163211949855,72.27589973852459,72.01342582094676,71.70206023924145,71.31126344532721,71.09651740388426,70.7616944533372,70.48972206000606,70.35788753039685,70.20798659063396,69.98043633234246,69.79554771973456,69.64486796579394,69.49636591606863,69.33840732514265,69.16976319781858,69.00009716433107,68.83511351475144,68.6092787705929,68.47175735030723,68.30794574416754,68.12536638850511,67.93774237691026,67.75849800096603,67.58500257299175,67.40822110059102,67.17890377991951,67.024583014083,66.82710975414315,66.61510493187536,66.45423639445112,66.23248112149058,66.09654384167258,66.01159118201284,65.9803522941679,66.00101943895774,66.20143991692456,66.39154659937094,66.67359103255878,67.0323040359047,67.41551160859984,67.82389310694904,68.26661565837549,68.68492403966522,69.09106984006895,69.48837811076542,69.86427914672453,70.24909144098609,70.61892173232788,70.98389211841041,71.34472694435782,71.71301434012001,72.07201368128057,72.42713177591484,72.64704186957835,72.95546663969576,73.34194868623057,73.63421095955678,73.93661330640823,74.15256145752073,74.45611069687602
52.032953413829276,52.03708265200222,52.09697940782314,52.17682719912892,52.28683722655922,52.38502324545103,52.45466794656131,52.478214717692424,52.519536734900456,52.58986148755484,52.654213128677,52.72923425272776,52.79433971411747,52.85456770905741,52.89742451475781,52.84909341584137,52.87507613131468,52.88871634406571,52.96539935389532,52.96106898433259,52.907495185851005,52.916136753469765,52.92393221761832,52.92737189921692,53.00322931124597,52.958011486326605,52.96531747598653,53.04603471003754,53.070885748259805,53.1375237472453,53.12108875376227,53.18371631432697,53.23187164488193,53.266698083749645,53.30034825718495,53.34965083419384,53.41234960718143,53.479840209313686,53.57363364607501,53.659123372935234,53.72954666360004,53.79748891968492,53.83813010065762,53.840248564091894,53.89123127941749,53.97075679668598,54.01032613805664,54.01188542679185,54.148986221809274,54.1767002005678,54.25531140597721,54.2765084559712,54.26180302343545,54.25117885061041,54.246397783869035,54.207664113817806,54.162795961641656,54.214735437698586,54.32822890619869,54.3314989215237,54.45345172748371,54.57616493775759,54.81252846840507,55.12083966761708,55.46430989214873,55.91757775896867,56.29381262751489,56.671007964881255,57.05786155042012,57.4626329683835,57.86560139632024,58.1898790046181,58.57100212763298,59.01290233876953,59.29288942049518,59.64001070770603,59.96766287302615,60.3600125168299,60.68142515925838,61.01529513801111,61.35776161990826,61.70317900866298,62.04729907882464,62.38013371820086,62.694234879717854,63.016174350763954,63.26068398089347,63.59907205860306,63.936100554208366,64.2582303830136,64.62364258980948,64.8992869414389,65.17968236438888,65.55475304630957,65.8843858750915,66.19968486805553,66.5314318422127,66.82942847786222,67.10519770318405,67.43116672178596,67.76090305777123,68.03484124121691,68.3537774799261,68.68282686525293,68.97484483728603,69.22138382389325,69.49408893365963,69.75420468406656,70.01905292486454,70.27605288133404,70.5463268988676,70.82740235641458,71.06111258045989,71.31629595636674,71.53225510903566,71.78680014770185,72.0158289966565,72.2377148520417,72.44965993312131,72.65472553115299,72.86047869476258,73.05091965954217,73.25894341221972,73.4251094195147,73.61747336240225,73.79461504651272,73.94654891498598,74.12584724620218,74.3273469207908,74.48957256706821,74.68859454836799,74.87423826005656,75.12114205011021,75.32740318975797,75.49709748715517,75.65176021128522,75.86717978193546,75.97243074405523,76.13581784838671,76.3057561270027,76.48022012127066,76.60092703969086,76.70696878379617,76.84918901683041,76.91128888930444,76.88635084171706,76.73660194042985,76.61086967892841,76.4175336028497,76.23306806303925,76.2321924568782,75.92351523176994,75.69343671032172,75.48056801549659,75.22972480219488,75.1708996256879,75.04242486914472,74.73924463992255,74.6150100431193,74.54162151324836,74.50888045638885,74.49203825784919,74.59485119672469,74.52967105048278,74.4531445369651,74.46897381755397,74.40756278411791,74.45406252745269,74.48514113903238,74.52036904472051,74.53441954926998,74.49856317625559,74.42982180013227,74.30174403363982,74.17036425548037,74.03020980948152,73.80797108315069,73.68402145916541,73.49085199269099,73.24715781465197,73.01058482760135,72.77460604364717,72.63433318399318,72.51526969740293,72.3878695118796,72.26151825730669,72.13867719214888,72.03051378157971,72.01004041555537,71.9139118884933,71.68802827621221,71.71514802239149,71.62645353716245,71.47727279082727,71.3791666747717,71.28183489122938,71.18279697397152,71.06839586991315,70.93123567481062,70.7800083407346,70.59920504148145,70.46688840761891,70.38853986565965,70.30201295095291,70.12456819528668,70.05577415712578,69.93571634803126,69.84602007432301,69.8408376934873,69.79761935192299,69.8745539824765,69.96720801061545,70.13720557803121,70.34364849465399,70.43857858064015,70.62508197155276,70.82075753978445,71.01585249287419,71.14572316606399,71.27847300112576,71.35646035641288,71.41001206337756,71.43300888260703,71.48214902026685,71.44063616251788,71.47717157985676,71.40899773413594,71.38519107332252,71.36130171186498,71.34772788677313,71.39941238600707,71.48937553925147,71.5620175885323,71.6300062633934,71.65178788857408,71.67537309499392,71.65438502243165,71.63415006467426,71.6228189309617,71.48855126621572,71.28570591129063,71.0815451464942,70.8207875932843,70.51886223147586,70.14745882859879,69.95467629860174,69.69370587093763,69.5159100030114,69.29713205042343,69.22250791617294,69.13359399257077,69.04334284284484,68.96661032443193,68.87714848635699,68.81165301313254,68.62931574373754,68.49228768785497,68.31942196518891,68.18207947066941,68.05660112147308,67.9247321257041,67.77740480909564,67.63125397052586,67.4370776147272,67.28050018497892,67.13058147690386,66.92190112172692,66.84126407827041,66.73257567694179,66.60264189996258,66.45902320115185,66.36879268582847,66.27770083889617,66.2383084758395,66.06810216432864,65.87727574070927,65.78743269337413,65.66265640106117,65.51343317005544,65.44942770106235,65.35927719894144,65.2753376505987,65.1809436618488,65.06517602634082,64.93871700291133,64.81733026151464,64.73049278739697,64.56700429387898,64.51739097182471,64.54336485627884,64.6010573309881,64.73136517735823,64.91390501371477,65.27438570467376,65.56052025271129,65.84035747963883,66.09454024024596,66.27680169996883,66.51981009684243,66.7857159608657,66.99525886794973,67.25461063559318,67.51469854802536,67.69751992979897,67.86161463463134,68.02610830931667,68.20131583961462,68.39119591530532,68.58081455264946,68.73931673119837,68.84353826250936,68.99419951843724,69.13312596203365,69.32889165206407,69.47838326644633,69.58829220124252,69.87357488399802,69.95561312052453,70.13415882018917,70.31558802147042,70.5337555486969,70.65987910886828,70.78997354014125,70.98566888011577,71.20455204572303,71.28972937341774,71.4328506436613,71.59112377923402,71.79272400029976,71.92155023898461,72.04877446044465,72.16719582693597,72.27500226412005,72.38496109280875,72.44281253440319,72.579932263639,72.67744423224627,72.78106154573308,72.9557087389404,73.11759965326642,73.28676350838064,73.35203725192376,73.53292518288134,73.71613860787475,73.90354875729844,74.08637805077173,74.2589522663836,74.46419991594092,74.62308826977736,74.77535773130916,74.91796022072944,74.97158338476233,75.11192102248405,75.29042257522488,75.35086177631071,75.37344565079022,75.36861335048054,75.29702819423262,75.19657526008587,74.9634411623724,74.81054461116041,74.61643616924637,74.35750029377336,74.2635573160543,74.08519658643876,73.8938731315651,73.82698229571419,73.81307565959368,73.73196946826303,73.7830363919956,73.76634227466548,73.72560658635682,73.66691130010271,73.63814523172762,73.71719893459013,73.57937310008919,73.43925012412606,73.2736152282975,73.09600824342525,72.89733654943852,72.67191134882933,72.36439451040893,72.1003411751585,71.7830197344001,71.3670057091679,71.15381848455162,70.83013348976975,70.55590757196528,70.42996134354809,70.26432391299213,70.05060935346893,69.86169028472756,69.70928999581018,69.55888282833754,69.40004847525293,69.22989061877827,69.04417224356656,68.87440238836457,68.617871724279,68.48248454124295,68.31100246245866,68.13089074549558,67.95366606505934,67.78857836683555,67.62245846056408,67.4477416908167,67.18188854875405,67.04661885577703,66.84662789074326,66.6451561003766,66.49013676478337,66.23607181765274,66.10413690032614,66.02413952674425,66.0085679472254,66.04120252861004,66.23831903594241,66.44165201995365,66.73802071225116,67.11481350835902,67.51304297326725,67.93432393952388,68.38665619529779,68.80680880908785,69.21283299901565,69.61340279058932,69.98870972828355,70.38231638270967,70.75394285551458,71.11830251113989,71.47772691964487,71.84607307379831,72.20352139234666,72.55769034967489,72.78430117871432,73.08897690140621,73.49065918910074,73.78479987681786,74.08820006896241,74.29919343655592,74.60952182592706
52.15983081930971,52.13322742484543,52.21378462774849,52.29457833462739,52.38415894488904,52.48377906928995,52.55358856188183,52.57059334759516,52.61662812266152,52.68661878185826,52.75076172765629,52.82637483100681,52.891927372104284,52.9528428509919,52.99567050282787,52.975466018081136,53.003484079927865,53.01712746009857,53.05672923055301,53.04920821597272,53.01589864266698,53.02692972962749,53.03516067155068,53.03475797360703,53.15119216305113,53.09412762649008,53.097529638591254,53.177774404212,53.203936260014636,53.272941541130656,53.246294678627244,53.318331761601165,53.369701874896705,53.40386200144194,53.43730478296746,53.48869162777302,53.553588646696056,53.62331520316353,53.669229501972026,53.756896264028725,53.82871380552,53.89800052383163,53.93855039596023,53.940339789356635,54.024082146646,54.1164200908291,54.151259519888605,54.12457790553612,54.28664720144733,54.30895227608903,54.385413981246366,54.37430980215744,54.356474515809786,54.343504382025635,54.33700906108634,54.296465975737206,54.28164496643514,54.3377886979401,54.41390752806837,54.45381286221451,54.56982396673606,54.682848278475355,54.916396174750155,55.23498753714293,55.587352095608075,56.033473222611356,56.419925908430315,56.80587047075899,57.1995186066864,57.608693531447294,58.017882273269834,58.350426030627396,58.733450409955765,59.173628154979404,59.44223967734632,59.792097528489016,60.119077064391085,60.515545655458666,60.835533682961284,61.16871911617365,61.51081214429705,61.85575186048814,62.19921811842431,62.5314796605144,62.84532453041519,63.16622541782407,63.433611022663996,63.77275929557058,64.11115810924206,64.4353098613167,64.77209048249274,65.04622691674976,65.32435129954933,65.69955313109335,66.0298219732632,66.34367182783134,66.67565225877178,66.97401562764989,67.24974418186761,67.5774888545368,67.9092381098526,68.18414767997629,68.50399411998296,68.83491264161822,69.12693089441187,69.40343175727294,69.67298903045591,69.93842977662071,70.20326031368997,70.45760847886298,70.72798878059645,70.98023302786761,71.21309716140381,71.46913137129587,71.68518441247143,71.9371252626018,72.1657393450289,72.38716564048069,72.59834744543328,72.80229972743531,73.0068145987222,73.22821619835835,73.43466124770293,73.5698845286524,73.76181630489178,73.93869898905668,74.09040578885444,74.27208443193085,74.51413492995265,74.67530317235703,74.87366321912002,75.05742695168094,75.30389739185114,75.5130114078794,75.67974786599392,75.79085577928164,76.04842240459968,76.1126326427362,76.27537769349479,76.44585205566216,76.66061002505444,76.7413059895718,76.84652395845133,77.03445544783891,77.10017063042382,77.05147761677078,76.87336671259982,76.753960608106,76.5531113276635,76.37359986772948,76.41015280785166,76.11666924284971,75.88106691922245,75.6660996831722,75.39664428158882,75.34424483045011,75.20450995078296,74.85356270547399,74.72916793076338,74.65501292585341,74.6160508515098,74.600871785742,74.77367925331369,74.70684024116777,74.62223551820047,74.63422531974862,74.5731434630463,74.61645224759573,74.64440861146355,74.62029279859044,74.63324948039718,74.58580116938369,74.5124284635563,74.3887169526729,74.25405132579641,74.10243281471425,73.9274366467373,73.80326149629686,73.60551303518172,73.35674884194404,73.10507211084222,72.87661462131221,72.74050533570677,72.62406190638502,72.49697548958748,72.37242697661821,72.24940501351013,72.13758853419125,72.10361736300145,72.02235023211355,71.76508168595294,71.79514334695814,71.70045846325044,71.54829738532604,71.45138803617188,71.36104930966047,71.26856065636466,71.15485157543817,71.01575037726884,70.86169816113546,70.66771266842692,70.53201519077378,70.46613157713327,70.3816545333057,70.20134076009093,70.13593407353156,70.0357262000486,69.94694755385775,69.91374851252601,69.84381411211506,69.92674365473418,70.02333159810918,70.19996065576971,70.41383437320097,70.5178362154168,70.70905622996618,70.90368437084506,71.09049849870809,71.23245081885113,71.32765100106434,71.43786741514292,71.50094085588496,71.52971622633076,71.5902261756959,71.54703010714489,71.55784976869248,71.51907409869145,71.4965500797262,71.46833911066994,71.44823794291325,71.5131811585449,71.61461678699243,71.68867145151674,71.71676642415987,71.73924294026597,71.76340427036654,71.78604590993865,71.76757361312731,71.70841615114402,71.57123202299678,71.3658845342834,71.15704489676942,70.94217710347917,70.63608176368308,70.25495537133499,70.06546096646208,69.80128049330234,69.62352474075244,69.40334838472555,69.32951792422071,69.24090206188758,69.15333619438726,69.07556279956374,68.98355254242254,68.87390755759402,68.7110201827616,68.56860722583141,68.3964009252851,68.25954493155368,68.14043097063133,68.00989501008252,67.85912772387128,67.71051018774921,67.49794007251349,67.34637218773808,67.200403005045,66.9768038890039,66.93587038353313,66.8108573487704,66.68449648989723,66.53132597629805,66.44626238311842,66.35984122184955,66.28824440777346,66.1553482666198,65.94156584228581,65.86979165863313,65.74524016537936,65.57896759284768,65.53047324357746,65.43722971926839,65.35087238334278,65.25521073532991,65.13932646610976,65.0136179149306,64.89282034454949,64.7731054444612,64.62729172454945,64.5728064889725,64.61626708730823,64.67554477667854,64.81004213429816,64.9828894188165,65.35306265399565,65.65086280642733,65.93831573867551,66.19476452209572,66.38110157315987,66.62930913781145,66.87751890388843,67.09684256032084,67.33534902396761,67.62714822425613,67.81090012322004,67.9740754594774,68.13774694264352,68.31295424380097,68.50358016837139,68.69362590972766,68.84976332511287,68.98170883284902,69.13402800829213,69.27355058857212,69.47617882250991,69.62956039450111,69.73372480950285,70.0168607027168,70.10851791210492,70.28458310984361,70.47078684572477,70.6529248791849,70.77771113193579,70.94474559813449,71.14606732979989,71.3531665761013,71.44781843171293,71.58613192953898,71.7509121448213,71.91425027448511,72.04187789495373,72.16802489828835,72.28477813922599,72.39006097232237,72.49706738092837,72.59228674965567,72.72109163980873,72.82036550406589,72.92309831928091,73.10573723641116,73.27321868594946,73.43766829608789,73.49238384880462,73.68041864766799,73.8672272436545,74.05702316423998,74.24184724348984,74.41619669085608,74.58583577647197,74.74546826796337,74.89806517397172,75.04081964528945,75.12858032812949,75.27327727339197,75.40842330668671,75.46746536747725,75.487961042062,75.4802168532463,75.40968188371198,75.30620892318484,75.12124881497927,74.9654325583627,74.7653031748209,74.44895425742857,74.4033773958067,74.23041099483562,73.97861237640676,73.912659137818,73.89918104067378,73.87573194308554,73.9292846927786,73.91454168330864,73.87392559904733,73.81036808438121,73.77860565967855,73.83738660641059,73.72151216098094,73.51898761949889,73.35147100309442,73.17132444386921,72.96835971999718,72.73868536735247,72.47659038336784,72.20643216679314,71.88291105969131,71.44721177396981,71.22787901405327,70.92462519805822,70.64951405322941,70.52180146475138,70.33427885314033,70.142426413279,69.95303063708899,69.80001917200714,69.64716545245861,69.48473664494516,69.31162208066371,69.10806965873222,68.93230493319317,68.65844162671354,68.5222426950168,68.34271196779757,68.16350859114077,67.99500072618217,67.84200191660779,67.68122446847065,67.50757251788497,67.21170089768802,67.08677640153464,66.88600481292104,66.69970848098838,66.54838340709705,66.2683490316821,66.13990561585116,66.06354837633093,66.06006309946358,66.10113888217207,66.28343811530472,66.49896290402239,66.80814796453633,67.20172993693355,67.61406588083481,68.04768841477853,68.50926406208488,68.93104848152011,69.3368572800633,69.74069931154672,70.11555277190226,70.5177663605017,70.89106817958476,71.25466452786513,71.61253971941704,71.98061450428433,72.33649616684701,72.68956969955582,72.9322946123919,73.23433808347768,73.64528741501306,73.94133634788088,74.24516229587849,74.45754249809836,74.77242303403177
52.29304932440375,52.23728802290729,52.33943579322697,52.42083598981896,52.48860248067238,52.589003235090516,52.65893228554358,52.67046749551274,52.72139402193168,52.79055446899189,52.85429361475102,52.93023807570461,52.996085135432615,53.05747333978678,53.1000607452528,53.12267623224672,53.150662305478455,53.16276330289274,53.15408315940947,53.14377838846153,53.13373764018328,53.14751892389088,53.15662012123842,53.153009667070705,53.30942848257988,53.2502777668474,53.2524979176078,53.32680846049938,53.356848344755875,53.42544863158664,53.395012534296185,53.47105980472862,53.522403765008725,53.55418200241017,53.5866313090042,53.63967634519441,53.70656736005518,53.7788142112418,53.77155467129137,53.861170320089464,53.93434750357718,54.0050550283092,54.04573152923849,54.04902448327637,54.1721218154039,54.27895509512693,54.31278475051642,54.27275726574593,54.44368758643745,54.46168003572497,54.52291424670943,54.47842272703936,54.458119517801194,54.44300651190615,54.43465600079799,54.393476341160685,54.422669283565284,54.47879709860722,54.506411740474626,54.59407251920112,54.70169514579614,54.80703936427543,55.03640205122643,55.36265492413091,55.7223854570541,56.151341059831985,56.54731279556608,56.94154927991263,57.341628815123585,57.75482113586423,58.16928819988984,58.514977747762316,58.900017703781,59.333069422724925,59.5960652951218,59.95013643371829,60.27673217171839,60.67042447977338,60.98897712953846,61.321283534628215,61.66270956677233,62.006895541728866,62.34951754026044,62.68105537111816,62.99433925403105,63.3143195187657,63.61293586771679,63.95233746738707,64.29220441975741,64.61877322572752,64.91847570618495,65.19196352939517,65.46863629208963,65.8412179997987,66.17221167797017,66.48429074760413,66.81639252485897,67.11513104663186,67.39125268432662,67.720249866976,68.05355998449917,68.33063510350118,68.65021208468414,68.98258119670437,69.2743999436239,69.58403653385932,69.85001730460297,70.1207272950463,70.38516062352427,70.6372773475376,70.90812874628038,71.12812200499022,71.3607348199625,71.61720390781275,71.83409627328123,72.08249522011118,72.31080514592693,72.53191502582267,72.74252369925868,72.94560901405119,73.14921479330752,73.40257591495566,73.607250733079,73.71254042972814,73.90366489478878,74.08046720944864,74.23274106324091,74.41629692474686,74.70074353625715,74.86261030205384,75.06051556998177,75.24308544839397,75.48515021626254,75.69642748345566,75.85998577743088,75.92667265248477,76.22614281388724,76.25114031925092,76.41269557123552,76.58343923444295,76.83816901318446,76.87903448539447,76.98332144926648,77.21683145926781,77.286311073678,77.21392853384641,77.01222292699184,76.90068567387479,76.69388945849796,76.51965386165081,76.58215609299288,76.30798762829822,76.0684598782181,75.85230823934216,75.56702956566978,75.5175222848775,75.36688392832411,74.97740637768,74.85483134762954,74.78004382580255,74.73285958628864,74.71925260550692,74.95752714118845,74.89214441882255,74.80340172847599,74.81084885192466,74.75488515258637,74.79320720100762,74.81774557763819,74.72864059030718,74.74049411312158,74.68217324760042,74.60417869926567,74.48592500019804,74.34822680574847,74.1847875467274,74.06915972030602,73.93919792710443,73.73674629976215,73.48551380926466,73.21802942124289,73.00253981486422,72.86757242631549,72.75133139575243,72.62406764724304,72.5018994466965,72.37965691983331,72.26463564046922,72.20812744039222,72.14780029590986,71.8781643263782,71.89334258966832,71.79551177255081,71.65458467844783,71.55566734286161,71.46654116672018,71.37591355271444,71.26041692125969,71.11888447501232,70.9628503368505,70.76226668139637,70.62382849706647,70.56542991292868,70.48073503684955,70.30122379338715,70.2347360185644,70.15037955742802,70.06204587132976,69.99762800404872,69.90114713037639,69.9889678383303,70.08880866212448,70.27101456893661,70.49120252111103,70.61299437620103,70.80790545475313,71.00281977160739,71.17926464097923,71.33461277779118,71.39264084846849,71.53456998405623,71.60721660432229,71.64233252434558,71.71048628417303,71.66904888905388,71.64584112118196,71.64548928413602,71.62668459505333,71.59960366092548,71.57817501439916,71.6511526351618,71.75723526402706,71.82984259169201,71.8103168230628,71.83385844794746,71.85907069879391,71.93498425109675,71.91907373636016,71.80178506365048,71.66243014950189,71.45614470503288,71.24238220119847,71.07821916573316,70.77059820073445,70.38891072558945,70.19548552349843,69.93027619987497,69.74988978259138,69.53142227430149,69.45380271162794,69.3657139179726,69.28201042663174,69.20398195881138,69.10979899194459,68.94640476745535,68.81175953932394,68.66456825508409,68.50192085526517,68.36415223673666,68.2478845709098,68.11629258655206,67.96113928554571,67.80943466976444,67.5853010568819,67.43621557923099,67.29129299359596,67.05962622534936,67.0460226088063,66.90809014603994,66.78703505713061,66.62881810375724,66.54727518324216,66.46357537334474,66.34807231399022,66.26179156375767,66.0355715119493,65.9751184809369,65.85147626355452,65.67600188177084,65.63525943233978,65.54004160334178,65.45162061629189,65.35407902158506,65.2367925398311,65.11020617430077,64.98840985737905,64.82654798251642,64.71244034606,64.6486739427001,64.70811582224448,64.76834309752834,64.90605333654949,65.06856608786443,65.43696285903096,65.74580224465561,66.04054615338524,66.29939975349784,66.49718689039962,66.75401550092406,66.9780959865162,67.20893950610858,67.42246432303642,67.74291939979442,67.9272976194338,68.0895499475413,68.25246598186027,68.42768353110914,68.61897404096072,68.8093880558264,68.96372698574203,69.13160131484824,69.28630779939111,69.42803090357687,69.63540902450158,69.79348808385215,69.89654519759345,70.16457796277541,70.27352912267692,70.44535062808262,70.63551810008725,70.77491470588753,70.90009964792323,71.11402340008406,71.31883919031827,71.50821703411675,71.62277016562103,71.75786364077229,71.92513081219614,72.03881701265213,72.16524645498721,72.29034327711118,72.40561563827053,72.50867370496604,72.61295635110372,72.75429184412319,72.8690758547512,72.97713855542716,73.08363219480458,73.26970414143526,73.44217449417529,73.59531453716616,73.65374207617073,73.84446883429729,74.03196777035234,74.2221445932119,74.40775718707143,74.58330306825552,74.70993564842452,74.87017643539842,75.0231669434549,75.16647914504264,75.30360082081167,75.45166658313383,75.5306994762726,75.58947019200991,75.60867730313245,75.59769371450275,75.5283738159512,75.4215214926686,75.2961116785937,75.1328645008007,74.92475996509982,74.54987884336796,74.55191324257608,74.38575538211217,74.07465910816299,74.00969039116002,73.99544466326262,74.03958369910127,74.09065053649302,74.07820888917513,74.03891822232754,73.97246230573501,73.93906157284617,73.96519691132525,73.87916135312679,73.6094247841989,73.4414731760346,73.25906488120386,73.0514349830081,72.81709115793815,72.6079528695062,72.32820027969201,71.99842763516422,71.54837359251844,71.31696559083773,71.0404733286178,70.76565771916147,70.63011727740121,70.41699002423164,70.25231863443493,70.06536674379001,69.91267338028105,69.75723925694706,69.58984354088795,69.41311376861037,69.19053774158148,69.0083958786418,68.73574815605416,68.59700240148403,68.41070290779395,68.23009826987936,68.0663896635132,67.92075892500375,67.76177699792936,67.58766030202005,67.27395093662625,67.14626651854877,66.94687966402594,66.77957280836624,66.62842315991001,66.33336226818743,66.20820819088983,66.13452234398805,66.1385597476428,66.18300299748861,66.3372945278063,66.56387224024535,66.88420392806658,67.29311363393099,67.7185159445022,68.16381683459967,68.6341848361815,69.05747002507754,69.4630656251261,69.87012235262847,70.24471894724041,70.65505145960614,71.02985886547964,71.39255908183735,71.74878512877446,72.11625360757026,72.47061753525382,72.82250434364536,73.09081279143986,73.39255739889036,73.80395394413745,74.10186006116322,74.40558662149239,74.62789006215885,74.94410142170933
52.431122712007124,52.34968093705427,52.473350431154046,52.55493184907495,52.60049694605578,52.70093181430211,52.7709266389412,52.778318551646734,52.834206848328385,52.90197006488342,52.965078463848684,53.04105076638398,53.107011866176805,53.168619404738095,53.2107199984504,53.28686568039604,53.31314752895748,53.32238524459376,53.257618248699416,53.24502180205358,53.26010690854899,53.27680033075406,53.28717389848641,53.28127386889108,53.47469048962864,53.42128879581448,53.42456690871675,53.488791662926545,53.52460387924956,53.59065275545036,53.5617610742196,53.63728973358353,53.68593029071682,53.71398668745797,53.74479797399901,53.79901583305671,53.86762512396461,53.94254900707069,53.88086689268334,53.97216646251658,54.04665649522814,54.118863103936796,54.159909310934815,54.166772851497555,54.33152579028623,54.45360840364292,54.48948951020829,54.448663711866814,54.61554061597642,54.63024031877798,54.666178721420195,54.58901060246802,54.56699892907084,54.549976349787634,54.53961247008949,54.49912058080543,54.581354006235365,54.634418934254924,54.60612034886258,54.7509228866908,54.84857527138767,54.94982717748199,55.174274169162416,55.5043103646344,55.86947448487827,56.2711400335717,56.675785960143244,57.077760612886216,57.48384035888423,57.900607145672524,58.31928667561567,58.6819297340319,59.069044380252066,59.49057069693543,59.757820382333264,60.116780510973875,60.443195464653705,60.824136869273204,61.141287496208705,61.47253153139865,61.812989700128384,62.15613944460594,62.49772679522294,62.82838381778995,63.14077037926254,63.45999024881141,63.796703716038984,64.13573011552776,64.47657021636635,64.80512229385887,65.06237596378462,65.33621114880634,65.61238728719479,65.97923005988541,66.31104985760042,66.6210212328173,66.9531267613792,67.25225333515796,67.52926496428618,67.85891503903957,68.19326403649801,68.47384971425173,68.79182015026663,69.1251524092869,69.41654640439536,69.75996917292798,70.0220946786511,70.29771344964456,70.56142974121451,70.8118619275319,71.08357569151892,71.27031444006829,71.50334424072261,71.7597645082142,71.97832875809641,72.2221725821105,72.450309221241,72.6712711429452,72.88152984542114,73.08403605436912,73.28711294996221,73.57180954734552,73.7745045709712,73.8527330448165,74.04262991843603,74.21955540112805,74.37329085087545,74.55810614084803,74.88349566976868,75.04747326012173,75.24507660149875,75.42701306873165,75.661455978411,75.87405657900355,76.0342871136012,76.05874136298927,76.39693962835615,76.38767213048857,76.54742806325675,76.71813463072094,77.00949174053528,77.0136851321449,77.11689850136614,77.3925925253065,77.46560889919367,77.37202566002765,77.1531149862533,77.05099815866099,76.84002492282687,76.67127078288331,76.74408718739306,76.4916896873146,76.25031396966503,76.03395657361841,75.73700757071161,75.68655333103577,75.52601077960716,75.11113041144873,74.9925851958182,74.91731684176669,74.85973452476865,74.84758766621319,75.14139037097885,75.08010273998575,74.9908084010097,74.99349779659097,74.94624725209624,74.97850068232577,74.99967438397955,74.84568917276192,74.85641570794292,74.78818937358916,74.70557973643753,74.59381411818491,74.45332849744983,74.27779073045077,74.2277751895279,74.08783864887948,73.88078076780234,73.62926645784843,73.34621868383292,73.14730287134266,73.01101611042648,72.89304175481948,72.7652079304619,72.64573555120184,72.52500651905385,72.40737003954203,72.32226310961477,72.28659744062858,72.02031913864192,72.00719970874302,71.90866868633417,71.78975689081807,71.68644923781643,71.59396899158051,71.50131158784966,71.3819353998998,71.23757745908534,71.0803346468571,70.87903571025412,70.73895482546673,70.68386733173443,70.59707902206425,70.42110428789876,70.34940375263096,70.27698153397142,70.18869527266943,70.09155300500453,69.97038091406526,70.06184959654126,70.16420847697434,70.35082677297838,70.57608483706322,70.72644358761995,70.92357760659424,71.12184201285744,71.28802363992482,71.45570097789455,71.48437440119253,71.65158341089868,71.73190105304336,71.77257783776574,71.84098439561407,71.8066322650653,71.74151069939057,71.78766886519453,71.77381304402131,71.75132494425101,71.73228152236177,71.80847801477847,71.91335215769301,71.98214862433494,71.91093973301312,71.93595040411229,71.96273570743033,72.0968968912397,72.08402933750683,71.90322294120959,71.7624843583805,71.55694560455973,71.33794719102659,71.22516348026137,70.91816849179109,70.54318109306391,70.34019184357459,70.07574852422388,69.89072871677806,69.67635282156266,69.59151646799782,69.50419630416563,69.42512860584927,69.34758186707376,69.25169854915288,69.02953544597673,68.92878405530077,68.77766286562272,68.6320449803013,68.49223931301752,68.37521138907678,68.24048776745097,68.08077011712109,67.92591778000826,67.69786559555332,67.54888069214451,67.40171008556622,67.1686430494221,67.1690572109466,67.02191223320465,66.90749605382196,66.74850474749444,66.66890189223676,66.58613379868137,66.41827728406933,66.38488973642212,66.15637876957604,66.10054047480561,65.97824359434355,65.80076211742623,65.76061720244105,65.6647840938493,65.57524147074741,65.47588371704967,65.3562699698415,65.22719210848783,65.10266693959498,64.8914891948204,64.82213310130403,64.74571603169905,64.81923074207072,64.8797718061311,65.01961584023047,65.1743730341374,65.52631535814201,65.84543958154681,66.14710459079421,66.40858724833879,66.62715490493848,66.89424269504904,67.09427989405984,67.33569270259636,67.5251444457335,67.86194121199254,68.04658712331171,68.20793047568469,68.37018162452827,68.54542516089195,68.7372874512207,68.92801352886153,69.08125319093315,69.29244489869147,69.4500243674486,69.59515566297038,69.8042463099771,69.9670030487676,70.0725396656223,70.31501462217042,70.44714177859588,70.61373668814711,70.80649987380319,70.89962098406664,71.0271793988776,71.29329972394878,71.49968893358158,71.66726483493188,71.80932809611888,71.94261793796507,72.10906971687649,72.16627576594385,72.29151432368337,72.41560120414461,72.52962175343708,72.63081832290827,72.73266748164352,72.92519365939465,73.02214084884058,73.1441391358802,73.25799944082566,73.44361597386528,73.62033555997813,73.75732325746768,73.83097390809156,74.02074197993686,74.2065594012864,74.39544084921218,74.58078562789188,74.7569630530848,74.83634736257969,74.99703764352749,75.15049339003188,75.29481744322997,75.49105276834582,75.64139257569323,75.65740809670127,75.71717213589739,75.73597379413874,75.72134622584392,75.65328655350507,75.54260841276597,75.48212275676075,75.30835099100587,75.09104137090588,74.66071179829143,74.70590451532222,74.54739796192345,74.1826539194471,74.11871970459165,74.10237905658373,74.21761418293538,74.26236508229775,74.25227050447671,74.21511011797566,74.147582466402,74.11374638314818,74.09915742117356,74.0474206708452,73.71107314673782,73.54424664898501,73.35983307413359,73.14708700751862,72.90757662796953,72.7539474809247,72.46214699769658,72.12626288086786,71.66698311759934,71.4193448133536,71.17298163186362,70.89945478512446,70.75161816489207,70.51159603941915,70.37671713959898,70.19449657180184,70.0428643399971,69.884894897862,69.71170231915163,69.53098239134549,69.28927732162374,69.10068908253405,68.84503063103851,68.70325846665688,68.51245974914049,68.3289033421638,68.16569703882078,68.02206559317952,67.86139053532548,67.68539401146963,67.36608088305884,67.22432646328996,67.02825249141085,66.88151857059566,66.72719277621329,66.4275929395547,66.30580223896722,66.23425496956452,66.24255433988827,66.28790619857926,66.40038564624197,66.63677301729074,66.96641974149418,67.38902491165413,67.82632877746913,68.2825395008739,68.76116409503247,69.18590040787574,69.59138097611827,70.0015265928254,70.37611892395799,70.79378176526684,71.16987607414043,71.5315670863077,71.8860829328171,72.25260535964824,72.60556502803925,72.95622880003135,73.25961767160925,73.56419668662166,73.96477935664375,74.26441070508227,74.56755968014009,74.80799656572117,75.12210936818192
52.57256476501552,52.470822658152855,52.61494606842525,52.69619759676668,52.72017145318583,52.81980087837407,52.8897991434693,52.894627906198714,52.95543901746917,53.021167085460604,53.083385948836764,53.15903968260778,53.22490642641125,53.28644127514192,53.32777301883841,53.46309494833031,53.48642309977177,53.49184359177536,53.36749160665756,53.35318075700347,53.39410117791331,53.41366994471111,53.42568533509961,53.41869746835124,53.64373040399386,53.60198760180727,53.608080653583265,53.65937682963548,53.70218474026176,53.76415971567301,53.7410258608252,53.812400198318194,53.85623419235748,53.87960465738886,53.90827491665572,53.963120937958706,54.03310131513021,54.11073136417244,53.997423904798296,54.09010561270921,54.165849517929416,54.239635421533585,54.2813195514917,54.29405509966656,54.49846957588808,54.63560968503339,54.67595900147444,54.64421303021541,54.79727979532089,54.80971454876769,54.81357392443246,54.7062368002945,54.68337364927989,54.66470500520578,54.65215233604635,54.61382406538852,54.752834362701286,54.80057873504669,54.71341215867735,54.92018831444134,55.00752513864578,55.109245060938385,55.329326064213774,55.659322541242325,56.028106791283705,56.392828906771584,56.80515807338282,57.21422069022376,57.625801421120826,58.04564292491044,58.46734519988275,58.84962661485686,59.23883403572124,59.64547653254027,59.93091790255905,60.294476378192776,60.62075227519499,60.976170703457406,61.29199678019092,61.62200624450881,61.961188357159514,62.30301296134015,62.6433753342017,62.97298796830755,63.284109234806635,63.60277120318381,63.98134115394913,64.31935096189032,64.66050446607487,64.99042224312339,65.20336895819035,65.4786841444145,65.75545423004984,66.11307171881325,66.44583138054188,66.7533428889142,67.08532908923723,67.38486109357787,67.66332277547139,67.99294965066342,68.32774562063612,68.61333771468803,68.92820709296737,69.26194615814123,69.55266469619949,69.92800069375464,70.18614207515053,70.46600445071681,70.72874355360787,70.97816465901974,71.25115830182692,71.4060554853878,71.64024410827078,71.89606411479694,72.11721993354831,72.35541991048017,72.5835343928615,72.80454212672578,73.01470703474423,73.21696351175754,73.41994274012993,73.73372783353933,73.93421546400293,73.99011829599216,74.17832216217633,74.35559925753434,74.51179126448812,74.69713349643222,75.05871426055151,75.2258713505237,75.42327131421641,75.60500913122986,75.82937013336316,76.04230385703974,76.19912776664005,76.18659244288982,76.55741146656437,76.52194643333831,76.67923175120634,76.84955521187199,77.17117286198139,77.14483053480913,77.24679235987477,77.5580141201443,77.63396278709753,77.52409106239821,77.29598729303146,77.20485134489086,76.99167434322688,76.82846754396147,76.8919000490534,76.66199476022406,76.42132757591958,76.20580757561288,75.9027052129882,75.84715931099063,75.67835448247101,75.25508956168832,75.14301437742982,75.06743460241677,74.99710353099309,74.98628391692999,75.32026445331473,75.26523436119587,75.17862076901953,75.17682553625653,75.1406891609339,75.16650598618763,75.18471737691094,74.97171529884578,74.98127652536093,74.90435951003329,74.81713880424914,74.71283024860314,74.5697942030139,74.38195909081412,74.39791794007408,74.24519155891329,74.03384542067224,73.78382052892987,73.48640182364173,73.30582503778712,73.16631804264695,73.04515657290035,72.91645828485974,72.79973517379447,72.6810274191071,72.56150667053797,72.44471683255624,72.43507702701613,72.18458869635491,72.13414253418026,72.0368583340253,71.94718042113165,71.83790246018694,71.73863687263113,71.64084522531085,71.51599414881156,71.36859296671872,71.2108479526105,71.01364716575614,70.8729129737735,70.81762411554183,70.7272588527699,70.55701162318803,70.47678831071796,70.4128372434807,70.32427600380717,70.19460035234246,70.05227797054003,70.14601199264364,70.2501003169718,70.43985672334156,70.66881321973652,70.85792580053175,71.05541877572355,71.26352752857343,71.42213709377417,71.59836494226275,71.61073853227276,71.79280576456655,71.87748495158688,71.92164246456555,71.97977555993485,71.95852175796307,71.84522356538383,71.94240968778364,71.93387390581302,71.91841120636506,71.90451714954465,71.97994021392354,72.0789339935673,72.1421005896141,72.01891742692175,72.04583480125424,72.07476262342999,72.2674713641041,72.25781926277948,72.01302705654986,71.8717333622821,71.6687464138847,71.44412999749899,71.3792597472788,71.07454958601402,70.71162267545985,70.49502180055443,70.23275299991737,70.0417651315623,69.83313912892045,69.73881338293357,69.65251596380655,69.57845379831082,69.50207658924971,69.40506192827729,69.12369039641841,69.05925619740559,68.90505697824679,68.7814845276044,68.63880190426262,68.51808777330889,68.37865538277,68.21445407800842,68.05655354326969,67.83093741321996,67.68018491526695,67.52814879739175,67.29910681604989,67.30231064681065,67.14912400859838,67.04222135400104,66.88599465945087,66.80699242903931,66.72368056302672,66.49934440759053,66.52119538698365,66.29865743192028,66.24188596022506,66.12122015423722,65.94753546919101,65.90224746354659,65.8069151663916,65.71706855499451,65.61605953947937,65.4935033868151,65.36072750691218,65.23212751214535,64.96859787463087,64.95204539129068,64.86117330475739,64.94778453519545,65.00953494568796,65.15067515941408,65.30302054618818,65.62134918969113,65.94987583125166,66.25804691792877,66.5224683205051,66.77310288791138,67.0502975153324,67.23281115676785,67.48123547864516,67.65252339516935,67.98414279820287,68.16864333972522,68.32910942076933,68.49081006820884,68.66610059250223,68.85843031729864,69.04941486674885,69.20238741853362,69.46142199864485,69.6218576382473,69.7710223443315,69.97898770473132,70.14613722815086,70.25695861640726,70.46645863889837,70.62551273929284,70.78626379979565,70.98033324864011,71.02693966898406,71.15908512684591,71.47802569635881,71.68430819606414,71.82786597480428,72.00219168971161,72.1348949579582,72.29798336975603,72.29647808550331,72.42053990564057,72.5436702866201,72.65670991409323,72.75647268700628,72.85624025085644,73.10128161121426,73.17854256245099,73.31766910627398,73.44142353081119,73.62340710446,73.80348709633581,73.92131548284469,74.01858637410659,74.20458331613861,74.38690219920991,74.5731507957331,74.75733004626174,74.93361588193545,74.9649187497185,75.12587676379556,75.27987486397588,75.42571326309215,75.68530018857975,75.83674655886121,75.78870618069132,75.85086708512834,75.8702298752182,75.85147667886382,75.78460265892849,75.66956512770567,75.67337505302537,75.4874025815098,75.26038222306175,74.78189086889883,74.86209087300477,74.71150694792462,74.30323740287248,74.24039072696435,74.2204967498606,74.403912841213,74.43965948935164,74.43165314142522,74.39702694776993,74.33011706862013,74.29689350250237,74.23779570779486,74.22139010845467,73.82444423562742,73.66041632381274,73.47423254136288,73.25584046257622,73.0105896848298,72.91003972972399,72.6047738046483,72.26311021685139,71.79953230199796,71.5332832800495,71.31745385821088,71.04602146648142,70.88301351061844,70.61723551185592,70.51205305143343,70.33621808809559,70.18620377052054,70.0259230312625,69.84664609840956,69.6618304066408,69.40198678146712,69.20715125602324,68.9801245962793,68.83506783808792,68.64176688870832,68.45416406770482,68.28797773140386,68.14190228088397,67.97673173216957,67.79776873216777,67.48295793172083,67.31879201269541,67.12743560117346,67.00156482207504,66.8414323447114,66.54594821564297,66.42748062952745,66.3576371019428,66.36757287616616,66.41277521226621,66.47320884340651,66.71805822382667,67.05502654347141,67.4895240824057,67.93743999293523,68.40368671548794,68.88994741608249,69.31616659803025,69.72172627495397,70.13476671112836,70.5096633717148,70.93356736272779,71.31068096650824,71.67126945452738,72.02405291664506,72.38928473651045,72.74101817567546,73.09047758680153,73.43705651553121,73.7463429668605,74.12588423270205,74.42702796805551,74.72916810615752,74.99368281736584,75.30288611902493
52.71588926632463,52.6011296770695,52.76364023193607,52.84396491726552,52.84795511420909,52.94584649875572,53.015777320522524,53.01987694937024,53.08546294497151,53.148447046651135,53.20948574360279,53.28443160393878,53.34996767821033,53.41109918029424,53.451344562834585,53.64642462185066,53.665972367294415,53.66698864134562,53.48386034151861,53.46849755356578,53.53481517842541,53.55702376025616,53.57101776288291,53.56442735473429,53.813300445471924,53.78720107324172,53.797383193872484,53.83421677876815,53.8845728045585,53.941575315205824,53.92729245654075,53.99176984908499,54.02926821026727,54.0473645130065,54.07353227567817,54.12840250649911,54.199335310257794,54.27957305606924,54.12148344628657,54.215208692066454,54.292135309137514,54.36758265191869,54.41019806135155,54.43134143342984,54.669128676804526,54.82018860795472,54.86677842682513,54.85132100710826,54.98397862972745,54.99518414921371,54.96346637480005,54.830264692369845,54.80750457808953,54.787483587696286,54.77254946575408,54.73801216562714,54.9322455812189,54.97320103114592,54.828665975364046,55.097445036922366,55.174817069100655,55.28103341295932,55.49761322562867,55.82456080215374,56.19551375851219,56.51636644237279,56.935241806505815,57.35064573246929,57.76716018498594,58.18951983761618,58.61293127212653,59.01641301565777,59.40769026654084,59.797131484468764,60.11574197246087,60.481861437499795,60.807681954297585,61.12601386182519,61.44063697870394,61.76925081198255,62.106841350660055,62.447045484152284,62.78599260808661,63.11439079044873,63.4238471493604,63.74219597710551,64.16318138732751,64.49954196832796,64.84024597883773,65.17073825093375,65.3410323923007,65.61909688565085,65.8976870658398,66.24222538404194,66.57605111518254,66.88073532133822,67.21247362933796,67.51243292224135,67.79296787160742,68.12181898178353,68.45640009170059,68.74864530727027,69.05876168902338,69.39228232204282,69.68204923850958,70.08490211561502,70.33908041665156,70.6222165085643,70.8837779475514,71.13298798217507,71.40770526271918,71.5345902932347,71.77075310719361,72.0253536698578,72.25010786626828,72.48149976710066,72.70976348267887,72.93103611204191,73.14139641805154,73.34377404958495,73.54713783525432,73.88614151154852,74.08417611479747,74.12435210532975,74.31035241235244,74.48823447210691,74.64797841680904,74.83300040769723,75.22272223866999,75.39378387722279,75.59102470868022,75.7728729544246,75.98544813618565,76.19757448008089,76.35098362868251,76.30975642428112,76.70415694706993,76.65368158468934,76.80776321673218,76.97731794527189,77.31980703239738,77.27204329837315,77.37254026991687,77.7093717179706,77.78727141751622,77.6684468080418,77.44078077540867,77.3619766474621,77.14806029760088,76.98967477522132,77.02369583847754,76.81435950123411,76.57656989360645,76.36292733482175,76.06051348240273,75.99563357006554,75.82076121858573,75.40935076781544,75.30644106792643,75.23087121503187,75.14539446900525,75.1357483067265,75.48914489882598,75.44205843899152,75.36100406572348,75.35548545343026,75.33167027845741,75.35139640723064,75.36739690285557,75.10699572144995,75.11533882587536,75.03119361961616,74.93936313187763,74.84341933342237,74.6980617245541,74.49780935274731,74.57422285761564,74.4072645544972,74.19216923974189,73.94498976374351,73.63534076569883,73.47302756123707,73.32895987758398,73.20363943930937,73.07388065605227,72.95969819813463,72.84329322792841,72.72276047258542,72.57418107110372,72.58957441581892,72.36401557312799,72.27159889597809,72.17700984504894,72.12022166808352,72.0041957491238,71.89584889826173,71.7906049286386,71.65918030544799,71.50869463514326,71.35108711556596,71.16172845865852,71.02122173978569,70.96287678875393,70.86783341112869,70.70497517881742,70.61374072781207,70.55525179975778,70.46616831067335,70.3058468830116,70.14760080715897,70.2420780899139,70.3470534564299,70.53856387547268,70.76971956780996,71.00395768746685,71.20027856077192,71.42487529717496,71.58033666019182,71.7597451575359,71.76743346417376,71.95522982224128,72.04146792827142,72.08670233532841,72.12491482705123,72.12120334782043,71.95734478122715,72.10599059619611,72.1027363372888,72.09577069298615,72.08884157869147,72.16032214912563,72.24994729722688,72.30620952769813,72.13453217769968,72.16382763186705,72.19551477394714,72.44239520342659,72.43582235839025,72.13149468239979,71.99051587385611,71.79200631402834,71.56132075186083,71.53675766700047,71.2354984325643,70.88809167447899,70.65541726830178,70.39634516052382,70.19872261519397,69.99678029878623,69.89184764603844,69.80683964023527,69.73774907028736,69.66318019023817,69.56569984354765,69.22926042204055,69.20033843235188,69.0439165137559,68.94495072438544,68.79883575433824,68.67219007178288,68.5269702625001,68.3586249561582,68.19792666523675,67.97976654328657,67.82585634570164,67.66705280674378,67.44623945428756,67.44311937325516,67.28652484595727,67.18755261612122,67.03689652499995,66.95739665468321,66.87237958310986,66.59175877413354,66.6672606536323,66.45707619602716,66.39498303419929,66.27608393756341,66.11060910644231,66.05585112532174,65.96189230133672,65.87242495662689,65.76999759537097,65.64416132534936,65.5068822816645,65.37326184227898,65.05854281520564,65.09766625139993,64.99178680863237,65.09011926230149,65.1545054648017,65.29674284346856,65.45197735002772,65.72229339204063,66.05921200792089,66.37342900181517,66.64118428388316,66.93606879212054,67.22112166316698,67.39547455905095,67.6470695961914,67.80841841634903,68.10945329577771,68.29334097354574,68.45297915965693,68.61426751046336,68.78963128529288,68.98231255734187,69.17350460740424,69.32717514639076,69.63500954231655,69.79808219634404,69.95153146115267,70.15589897547393,70.32692217004755,70.44505245276625,70.61719797095587,70.80479886419897,70.95945293823398,71.15361930636563,71.1567667159016,71.29595157387512,71.66365244394434,71.86838861424016,71.98757644999155,72.1960604129044,72.32919483759265,72.48712628172859,72.42927552247353,72.55218160545719,72.67442213176912,72.78679354960641,72.88561465811736,72.98371413705121,73.2788451153262,73.33653693595657,73.49403032745755,73.62912793822827,73.8050119039783,73.98741431622604,74.08491223914947,74.21108650375528,74.3913380744545,74.56889622687636,74.75151329626706,74.93378792249163,75.10970079139892,75.0954976406221,75.25651866764751,75.41114171556003,75.55904532787008,75.88070709936136,76.03201984042869,75.92475074096137,75.99085092569149,76.011824906508,75.98838736515654,75.92250469477639,75.80248708171649,75.86396157093255,75.66552982484406,75.42901735239018,74.91385380189016,75.01721197458347,74.87425055377074,74.4370501510525,74.37534710712949,74.35031027231683,74.59256912055932,74.61776491681361,74.61128341223247,74.57919437348852,74.51445461462724,74.48273634282647,74.3796393430286,74.39616966027374,73.95004957937954,73.79060710238474,73.60286680159611,73.37822001722813,73.12657823590207,73.07169512800482,72.75258218438859,72.40566306316389,71.94251309849986,71.65704758937396,71.46919375807472,71.20047397859538,71.02101269797483,70.73304705469509,70.65475749260051,70.48632925964245,70.33830339121658,70.17611431320756,69.99100799733527,69.80226027226796,69.52636450371975,69.32574911026272,69.13486559638919,68.98648746126008,68.79240332443703,68.60009878679149,68.42827760054257,68.27624934599427,68.10446723997224,67.92177955004868,67.61944830834923,67.42746908752925,67.24171383235617,67.13573061720271,66.96788195410892,66.68333526631127,66.56803622938371,66.49955898717792,66.50910709993352,66.55350736885704,66.55626149209482,66.80812084852144,67.15025547265049,67.59467145848842,68.05178520410026,68.52708878032844,69.02028037677641,69.44809556365661,69.85402446354739,70.26969738652815,70.64526296017068,71.07401833723283,71.45183470352428,71.81124709974753,72.16231486535837,72.52590671414903,72.87665650863461,73.22498522204366,73.61944333011074,73.93445113305721,74.28538915248214,74.58775153850024,74.88849853388061,75.1807197911139,75.48285263713207
52.85960999883017,52.7410184846707,52.91885044858205,52.99756549494276,52.98417704127212,53.07930474689643,53.149088691495535,53.1545470713629,53.22465104645293,53.28411146438275,53.34364752203423,53.41745330993981,53.482394483648434,53.54275334949114,53.5815593868567,53.831915286758274,53.84727868089856,53.843670690212626,53.60688156151729,53.591214491995125,53.68134364023438,53.70575777188326,53.722034513641226,53.71761041732341,53.980152833859286,53.971756098533746,53.98681857124953,54.00896432846645,54.066749948905844,54.11850535700002,54.115046423793984,54.170777336036174,54.20098508478272,54.21359485511445,54.23704018977018,54.291271385276666,54.36266648605326,54.445285856283306,54.253303255798464,54.34769662198747,54.425722606308995,54.50291546591127,54.54678065095684,54.579102058433826,54.83967859763064,55.00257484106323,55.05653298877055,55.061903428862045,55.170710624452795,55.18173054363564,55.11422259157675,54.96125765054511,54.93965261516093,54.91860320679482,54.9010777262982,54.87211025223841,55.11472289004406,55.14821035271606,54.95226060436779,55.27826928860342,55.34672300602279,55.460876974775125,55.67496073779788,55.9965491667422,56.36837526554937,56.64171140331643,57.065849830733264,57.4867519601668,57.907564833632094,58.33182924782806,58.75551239178241,59.18063356185528,59.573916669063216,59.94488010765024,60.30762803603604,60.67422259683192,60.999285301517354,61.273154223875814,61.58674008896663,61.91380837184372,62.24948449342429,62.587766405263146,62.9251080677676,63.252115251991334,63.55947545162087,63.87779816579911,64.33855762205435,64.6726450966939,65.01203356460978,65.34213549470263,65.47494396901419,65.7571637419466,66.03893573974976,66.36617346303132,66.70120392991029,67.00267813553275,67.3340345025862,67.63444742149812,67.91774200641936,68.24498831233589,68.57862280447844,68.87931869445855,69.18287271467165,69.51548077976715,69.80399445079883,70.22744445778477,70.47783062570444,70.76296583348828,71.02320880989222,71.27313433717183,71.5500452597105,71.65516401589494,71.89418992207766,72.14688411569355,72.37633062288764,72.59967471385235,72.8282793125835,73.05006123377115,73.26093914616662,73.46385033121977,73.66813190677904,74.02686131938455,74.2221792259782,74.25509039490396,74.43833145530718,74.6170967382852,74.7815884205683,74.96532829084094,75.37184253418842,75.547190144182,75.74426178543565,75.9264038568518,76.1262454419451,76.33627361064372,76.4863305918638,76.42776383925785,76.83377468843078,76.78259594143087,76.93267904148215,77.1010397982965,77.45198890665773,77.39489602782302,77.49367947661693,77.8429407929747,77.92143370139243,77.80341198182315,77.58638553334075,77.51946816546898,77.30540862485653,77.15076973460191,77.14008825659539,76.94872092564444,76.71479047188026,76.50386882487737,76.20904676374204,76.13132915577877,75.95260569729474,75.57147050197509,75.48007483763166,75.40538141582444,75.30456279320508,75.29578028129919,75.64355229924942,75.60520600977026,75.53213584715526,75.5241315239564,75.5126500040248,75.52734524009225,75.54223530823684,75.25180719346548,75.25886486998593,75.1692016650211,75.07275994850022,74.98602731461227,74.83856886418369,74.62585824118011,74.75132482782367,74.57006553292254,74.35198120638127,74.10858790352397,73.78979743503373,73.64383168873209,73.49442326984482,73.36445394336079,73.23353698965511,73.1214245078826,73.00737755345321,72.88684638481278,72.70934828714438,72.74642496778333,72.55164234257192,72.41699662413451,72.32605234882993,72.3022470303686,72.17949784377765,72.06090915686204,71.94668116137338,71.80808100726212,71.6546461015898,71.49774899717869,71.31890699971734,71.17939992130228,71.11580187577376,71.01536157930272,70.8610243343492,70.75711203889998,70.70153031660458,70.6117524391983,70.42436943396102,70.25711193128042,70.35067095162862,70.45563716966171,70.64740768481818,70.87913577996255,71.16086074023313,71.35490592135486,71.60060549779861,71.75672542477933,71.93476799323491,71.94711107796793,72.13321317425799,72.21877063624508,72.26309461147292,72.27445724687901,72.29091358879113,72.07823940898598,72.27469043472479,72.27626949530908,72.27831164983279,72.27921449254589,72.34440673691346,72.42235859424878,72.47098647875565,72.25806625825783,72.29024488844448,72.32535548613609,72.61735594294382,72.61341747055135,72.25892309148789,72.11917060575198,71.92718448601141,71.68990958535734,71.69390693964145,71.39677198060305,71.06644429182288,70.81682012068052,70.56158053961153,70.3573247559229,70.1622754335714,70.0467734469156,69.9633340767916,69.89877748804986,69.82660673493797,69.72942300919375,69.3466363261034,69.34919322685319,69.19140739294954,69.11715479785525,68.96733660711068,68.83319463267546,68.68160723663203,68.50971653952105,68.34662185159735,68.13960301915783,67.98162308055177,67.81486579129346,67.60526289318996,67.58881984713675,67.43091411901734,67.3398314986359,67.19681902951518,67.11596443020177,67.02839477565975,66.69600547327796,66.81963767455804,66.62630375894184,66.55565979373232,66.43851293865005,66.28427019855735,66.21712909743185,66.12517297905266,66.03663376323821,65.9330889912212,65.80391232004162,65.66172634483529,65.52254019724474,65.16199280980247,65.25448471701179,65.13429759008113,65.24251836054594,65.31074279734428,65.45404666461788,65.61641536211727,65.82937700355282,66.17354912570528,66.49330670947967,66.76487645235952,67.11249114573302,67.40261816708501,67.57669922073946,67.8285101289538,67.9869133429759,68.23780184206944,68.42055472964473,68.57943206920918,68.74047014885318,68.91593869861673,69.1088440894978,69.3001952887435,69.4556618523519,69.80968379863813,69.97497262629564,70.13258352692633,70.33124588891465,70.50538942250326,70.63207157751722,70.76552057633948,70.98115701274527,71.12982507866785,71.32295912874741,71.28899808008109,71.4379134820122,71.84563109333565,72.047621824584,72.14395225675123,72.38563373220238,72.52001771370935,72.67175296368801,72.56451962799756,72.68629782773158,72.80772834682317,72.91978608934431,73.01822209709871,73.11512861853652,73.45417358747477,73.49437990973149,73.66952466027996,73.8163361365439,73.98436474317893,74.16790243262666,74.2457345522343,74.40298132657712,74.57635148643645,74.74844154703909,74.9267672143064,75.10655673689216,75.2816570180667,75.22793186607153,75.3887882265284,75.54412429505757,75.69469236080454,76.0716375185384,76.22150372818679,76.06569879023006,76.1374195435755,76.16113824814536,76.13238057631607,76.06717522360358,75.94146971902718,76.04797531402737,75.83824327354017,75.59318158971391,75.05703834396525,75.16800747901816,75.03179699311691,74.5847327566005,74.52423249393854,74.49233215317594,74.77767246759946,74.79191252384251,74.78608792911021,74.75613805690968,74.69498360666127,74.66550831603821,74.52321589871417,74.56685932062094,74.08840070650591,73.93544388656812,73.74633937353775,73.51475034052186,73.2559901885696,73.23437918786783,72.90207362075887,72.5506148398545,72.09241745989056,71.78890433977558,71.62350508187033,71.35792853682938,71.16232511035572,70.85816928108972,70.80126158576255,70.64062805341361,70.49477492145049,70.33125939975625,70.14112113460216,69.94887444599868,69.66010887098976,69.45444935640585,69.30308917598089,69.15157428165621,68.95814805426629,68.76092583971288,68.58164250551698,68.4210871463876,68.241263710244,68.05442155104654,67.77041823868099,67.54816360855548,67.36837202400132,67.2800350103771,67.10328169311043,66.8346612614187,66.72226190534906,66.65491087132476,66.66264875464732,66.70599999865917,66.65004096510162,66.90735388004313,67.25233766768372,67.704527352205,68.16930002416382,68.65257599728199,69.15190855455896,69.5815142728704,69.98819848381274,70.4061732980156,70.78282835898554,71.21474477402595,71.59289844612978,71.95108093521938,72.3004885640571,72.66208626855615,73.0121595573889,73.3594862238455,73.80293461949594,74.12396663644736,74.44141469615401,74.74462110483397,75.04363759764531,75.36487846098628,75.65842988539704
53.002240745427834,52.89090557182291,53.07999424525863,53.156331014169744,53.12916634652147,53.220411694245534,53.28996077778296,53.29911966237823,53.373375737530914,53.428461854583155,53.4861409580186,53.5583315801737,53.62238570479996,53.68156401202866,53.71854224732254,54.0146275288543,54.025825389957326,54.017740035284405,53.73671237488834,53.72157387254606,53.832781293489425,53.85876797408658,53.87759891917951,53.87739354540166,54.14103978895237,54.15047956609932,54.17073082737955,54.17927229687238,54.24369805006982,54.290555644006794,54.29877332501265,54.34480130932411,54.36733755624034,54.374624284516294,54.39526879763559,54.44813842089014,54.519434219222425,54.60408153833686,54.39314107198433,54.487790323871344,54.566820146900355,54.64584453433052,54.691303130749986,54.73780718032489,55.00629484296148,55.17799805301525,55.239807889820916,55.26787608179337,55.3525492847535,55.36443515555306,55.26420909381641,55.09937904667138,55.080078660155245,55.058354972037066,55.03801098476421,55.016543695939426,55.29540151743266,55.32153122992056,55.084574851133716,55.45823730395405,55.51951489268265,55.64446048761617,55.857193685112165,56.17181165438122,56.543371191380984,56.76882255254363,57.1967948172862,57.62225559386032,58.046663550211825,58.472162519584295,58.89455605828583,59.34063287887005,59.73581683964065,60.08806695701403,60.50143306500775,60.866732512595696,61.19079233856812,61.41707966910844,61.729838108197825,62.055222062116165,62.388653598246506,62.72470511689355,63.060251164134584,63.38568432071309,63.69048547028507,64.00911136448721,64.50380306400996,64.83500230884134,65.17210603334587,65.50067915184268,65.60468139122935,65.89259908273297,66.1790501969647,66.48439836324106,66.82078469311318,67.11865093694111,67.44948582988683,67.75038319169795,68.03718693363233,68.36192292225641,68.6938091137567,69.00490407871308,69.29992894614908,69.63086141008968,69.91779475254053,70.3523987395396,70.59931362485945,70.88486863579004,71.14371202747748,71.395406164184,71.67500697831571,71.76702180565447,72.00987323750964,72.25990639460096,72.49522627003779,72.70920731261573,72.93836470446588,73.16092562679096,73.37267636991314,73.57657502003048,73.78235862614775,74.15369799505878,74.34601750016837,74.38198908678935,74.56187007738329,74.74182174950867,74.91235738849593,75.09373856206118,75.50239807717114,75.68206945536438,75.87890754502814,76.06140115704743,76.24831750570812,76.454806721042,76.6016484099843,76.54007659286889,76.94297863558069,76.908185807884,77.05349930677865,77.22014265812582,77.56438056185745,77.51269939559937,77.60957611947853,77.95536158623837,78.03339962900374,77.9272599225529,77.72916997304938,77.67269050039853,77.45934538916815,77.3073985895332,77.24183372080888,77.0660298315277,76.83684463399143,76.62941679549598,76.34803321278632,76.25481903028034,76.07428957772136,75.73771031742831,75.65908903766747,75.58612587117578,75.471585746562,75.46317150214487,75.78271608250122,75.75224688071017,75.68815404591771,75.67869364484022,75.67827181192331,75.68926306626413,75.70408158079536,75.40639942056562,75.41211691819241,75.31889360893145,75.21783648329409,75.14110013414249,74.99175342401611,74.76662248104233,74.92385873636924,74.72960239148064,74.50951030196032,74.27042868950575,73.94653375667593,73.81315866731164,73.65818987403657,73.52356367436886,73.39148923128398,73.28071398669861,73.16885400361684,73.04947934634839,72.8489109425653,72.90196404365574,72.74051157829754,72.5677635486476,72.48091497479295,72.48662290668184,72.35797748329915,72.22912173682172,72.10516438705574,71.95928339170695,71.80321100328922,71.64753045890397,71.48081019968863,71.34296631612217,71.27257590100439,71.16640223945416,71.02118846934579,70.90375327896837,70.84897790782298,70.75840863531249,70.54924484213977,70.38157385026273,70.47241364106421,70.5764207309802,70.7668476068246,70.99739375487333,71.32495645063831,71.51604981708776,71.78543276201492,71.9453118985321,72.1183538088447,72.1424232547275,72.32110817759663,72.40429214238756,72.44614689962884,72.42645786933404,72.46388903502886,72.2082725107258,72.44478804766243,72.45034253673407,72.46094232262352,72.46959557385154,72.52697689381557,72.59213441020997,72.63294248295529,72.38980194150713,72.42540256348023,72.46464808715108,72.78804111639235,72.78598344547501,72.39560955654265,72.2580362706192,72.07474011085449,71.8302866292337,71.84695726867758,71.55412782523271,71.24053761859436,70.97469213946209,70.72352669954859,70.5133083943016,70.32464730560353,70.19974673943278,70.1181660168154,70.0573021178693,69.98807028824805,69.89204213944548,69.47620891186715,69.50298304762298,69.34469553662734,69.29280797522475,69.13930020644625,68.99677780416334,68.83874113515671,68.66416261604753,68.4992238080395,68.30569687423842,68.1432132169207,67.96803142871204,67.77139906181199,67.73674852531214,67.57909120151473,67.49539965999843,67.36137085837005,67.27854561662835,67.18789005740548,66.81256959460353,66.9748785879509,66.80100881770952,66.7197443358282,66.604185151825,66.46280591491329,66.38178228954223,66.29221467990754,66.20501806242221,66.10072483352683,65.96842490548937,65.82132960851507,65.67643284429136,65.27961665167912,65.41798982350618,65.2854466958609,65.40126526708595,65.4743063056995,65.61880283917694,65.7914967430923,65.94282906259001,66.29298819875545,66.61773590794857,66.89368613982066,67.29756047650633,67.59027999083077,67.77031811391467,68.01998389624782,68.18105218653736,68.36911757443039,68.55015931289364,68.70836052628782,68.86933418093956,69.0449442918266,69.23793483191373,69.42939944868246,69.5878930142644,69.98192103654124,70.14880351265899,70.310079055145,70.50129421176321,70.67757053356353,70.81326639347813,70.9097144130458,71.15074404436284,71.29390119630297,71.48495379755303,71.4235297167844,71.58510559330418,72.01941277116283,72.21769946356989,72.29454939134088,72.56561111411074,72.70186372314924,72.847117926528,72.70206195321839,72.82274697706205,72.94346053901369,73.05560096267433,73.15427286480761,73.25052317362108,73.62355644340407,73.65032742414981,73.84045396559027,73.9982715992252,74.15739999282071,74.34073665851543,74.40140344795141,74.5887778721115,74.75496878363641,74.9214382224514,75.09515141334342,75.27203396977393,75.44592379853029,75.36206925684792,75.52251031188317,75.6786529527416,75.83253308513643,76.25245546395877,76.39948952992641,76.211707341216,76.29086882476908,76.31854926026756,76.28375860393652,76.21879680796499,76.08660848386648,76.21951315261354,76.0010534801297,75.74910976585561,75.21187538585156,75.31130057459173,75.18054268532042,74.74657796943544,74.68742795578316,74.6470332578753,74.95331266713184,74.95733346968363,74.95101153210852,74.9224693753567,74.86609873307641,74.83944288797076,74.66705339849199,74.72860345293437,74.2400091318894,74.09552880677765,73.90523587362756,73.66595381827132,73.39927332434503,73.39355742141376,73.04974967167458,72.69466504295988,72.2457545822182,71.92713770206282,71.77603460693499,71.51375275139884,71.30386758146761,70.99171236669342,70.94800507427439,70.79491243638019,70.65123008058744,70.48714894696765,70.29331862888372,70.09827538560467,69.80091826588533,69.5912187056059,69.47863087966707,69.32438524475926,69.13278007613563,68.930863566758,68.7431183056073,68.57239603994118,68.38378779449542,68.1926898210955,67.93073394845311,67.67868149653822,67.50469501515133,67.43049705599651,67.24437165042049,66.99483337082437,66.88495052423664,66.81858300043837,66.8236895837645,66.86615043198017,66.75504463522181,67.01615030705999,67.36150426722338,67.81915207585823,68.28992006632565,68.77997866823534,69.28457752687491,69.71624969378718,70.12417127766419,70.5440491245816,70.92227023781923,71.35535675835105,71.73343335526589,72.0903518741941,72.43819379784131,72.79743837572398,73.14720685241046,73.49371511029489,73.98368688783492,74.3103349282666,74.59208144388755,74.89567635547407,75.19267193178757,75.54192980100397,75.82603882671359
53.142318607558565,53.0510315414778,53.246107285908174,53.319439875038334,53.28314950325382,53.3693261494615,53.43855629539377,53.45403818870506,53.531990374990755,53.581780860280354,53.63723219161906,53.707293190556385,53.77014020373926,53.82769139720284,53.86241790064982,54.189621933939904,54.19709584384383,54.18504697346906,53.87350988986645,53.85981799547319,53.988222868339676,54.01495036136016,54.03657431130266,54.04292362823373,54.2927146213357,54.31820219986407,54.34346505634758,54.34079367016745,54.41040378722637,54.45333197917737,54.47295872262448,54.509220419101105,54.524279144150555,54.52678409072756,54.54470293988192,54.59552912633032,54.666190353939385,54.75235359028074,54.54116890130625,54.63567455721409,54.71562767878443,54.79656228785125,54.84395857779354,54.90779694570469,55.16519032610351,55.341687912467165,55.41118833248647,55.46115475221882,55.52456811588625,55.538379408485625,55.4117924005728,55.244792252599694,55.22904332620644,55.207029182425686,55.18362310823765,55.171737867447376,55.46941669164057,55.48908819292283,55.225987521106944,55.63292531744384,55.68946467235078,55.827468692712806,56.04013715196231,56.34687228444432,56.71718141499281,56.89765865299551,57.327889437385615,57.75687285409389,58.18410451787763,58.61011101692312,59.029529771072184,59.49475559212269,59.89169437462544,60.22603658748947,60.69201403109912,61.054563841197655,61.37743308716372,61.557278077022325,61.8694630336164,62.193035020823736,62.523884477921044,62.85739101126425,63.19095134807742,63.51462096439186,63.81636853405004,64.13566916839241,64.65525091907458,64.9829555666235,65.31670219500074,65.6424343997665,65.7298223618448,66.0251172774412,66.31788030395914,66.59638202580048,66.9342016727285,67.22809175877876,67.55827951682093,67.85954451911223,68.15079860791849,68.47207253392774,68.80132067803652,69.12491089962361,69.40931915969273,69.73774118837838,70.02272509299677,70.4565931095746,70.70052835682387,70.98506745862821,71.2425219804926,71.4966953659097,71.77942153914607,71.86937652400171,72.11709899282509,72.36365890290628,72.60606469824116,72.80932429732162,73.03928115281389,73.26291287666507,73.47589949469389,73.6812407022223,73.88909769961279,74.26468239899832,74.45372002803443,74.50452394712329,74.68051737878328,74.86200370493617,75.03995613828508,75.21776591682348,75.61091227238276,75.79463905648747,75.99110495766949,76.17385425276554,76.34848007669962,76.55056433068413,76.6946512678858,76.64530806881803,77.03072307002908,77.02804602782795,77.16824608854061,77.33263258984424,77.65561724990573,77.62343409328695,77.71846143981551,78.04624801728741,78.12358991395475,78.03822817018026,77.86513203819135,77.81697814412533,77.60549665471001,77.45520750744505,77.32968864851995,77.16723701695673,76.94361248891683,76.74039239989617,76.47720930285116,76.36667931881192,76.18621747547535,75.90432099693973,75.83862179768698,75.76816180380528,75.64228304644925,75.63378446167971,75.90746304877158,75.88390830233462,75.82928681685719,75.81907615023353,75.82806147669737,75.8363252311973,75.85137030008086,75.56942835563565,75.57489462949303,75.48063830664795,75.37491259380216,75.30893483483955,75.15796891971898,74.92049568961848,75.08660754551812,74.88193380559453,74.66100991676824,74.42635880512425,74.1023504128642,73.97608165258819,73.81595365516009,73.67714210482721,73.54400510976221,73.43381138154804,73.32375542372728,73.2064449523266,72.99156263242905,73.05254870585038,72.92366585391568,72.7213274995154,72.63852685236287,72.6667156957182,72.53380340683897,72.39579072653046,72.26214506922625,72.10937459623557,71.95115297747229,71.79712836219703,71.64306546932842,71.5074397220443,71.42937538884881,71.31751427374516,71.18149696336955,71.0505154830039,70.99489968721491,70.90351714494626,70.67954994449688,70.52174907146414,70.60792922149723,70.70997341469842,70.89734309693846,71.1248253912213,71.49256631049016,71.68045920758614,71.97407172139438,72.14010459244551,72.30542296385025,72.34602187552484,72.51326718923714,72.59293151357835,72.63118680642594,72.5789717443322,72.63636624068732,72.34780914851201,72.6125622793019,72.62082461842427,72.63857095707692,72.653944505352,72.70281553636065,72.75524127068742,72.78858858046564,72.53002150035856,72.56961664946813,72.61375590414632,72.95013825750888,72.9488993756869,72.54184293919174,72.40738822567089,72.23481203897998,71.98235241946124,71.99286051372795,71.70430713653528,71.40565166872535,71.12613260510868,70.8788503740476,70.66383742338047,70.48072864148556,70.34788640382908,70.26788216431946,70.20951244927441,70.14336335548678,70.04936835905157,69.61836898259202,69.65887036137474,69.50094686558877,69.46662148370491,69.30972229621129,69.15861593442324,68.99454678806495,68.8183969736882,68.65231724025115,68.47329814193301,68.30635485191169,68.12299339667074,67.93986988920845,67.88424186463793,67.7278554671855,67.65059875866218,67.52616069693799,67.4409900749963,67.347029345076,66.9419362276899,67.1295355320009,66.97586006937536,66.88306475749094,66.76877857141615,66.64050342488727,66.54551161131825,66.45847488426934,66.37290094177256,66.26829622878459,66.13336761629,65.9817619847945,65.83141005066774,65.41208313409338,65.58367060626311,65.44197517272889,65.56264341907863,65.64125535225135,65.7872275834607,65.97238365358835,66.0628786075145,66.41763024122223,66.74677246424811,67.02775466015301,67.48646728871161,67.77960009814859,67.97016421065786,68.21591771738882,68.38387895852078,68.5033296302129,68.68202942816389,68.83965690775459,69.00077580428392,69.17656952427535,69.36949470273699,69.56102962513701,69.7239141099756,70.14819752495741,70.31584943999087,70.47991855930117,70.66230971072926,70.83949705127398,70.98388730346683,71.04806743907139,71.30971681848274,71.44820226634509,71.63620439455012,71.5602575812733,71.73766264979795,72.18044860405618,72.37431316767204,72.43692385001813,72.7306920251346,72.86923300275322,73.00847568114244,72.84175404927906,72.96138745804703,73.0814903155722,73.19415159697907,73.29374482210126,73.38993728061355,73.78328309885835,73.80263541958571,74.00312010423748,74.17015779973921,74.32005202366248,74.50170220687014,74.54953995215304,74.76298316989799,74.92253519760635,75.0837863158667,75.25290475687049,75.4266171014475,75.59894036938108,75.4977576437323,75.65750979515678,75.81455803888537,75.97244622410653,76.41752619976039,76.56036353977342,76.3626756743015,76.45084361143728,76.48365728332243,76.44247419689493,76.37746419927284,76.2376747999225,76.37436500007328,76.15005129241113,75.89347620152914,75.37740457928673,75.44566924996002,75.31935207725127,74.91968252210168,74.86218068338542,74.81297527771457,75.114920396556,75.1101677428903,75.10285588948382,75.0754747539135,75.02388125696446,74.99996591256875,74.80980732262813,74.87867038649165,74.40449972130128,74.26953593929896,74.07831935036009,73.83115069874503,73.55605672996951,73.5454578702814,73.1928196233555,72.83550950742655,72.40005348828694,72.07033262166588,71.92532769241738,71.66614816448322,71.44445356177884,71.1324616909051,71.09252402495588,70.94566693159646,70.80372350941464,70.63969038400232,70.4439337158803,70.24706554885753,69.94649107101455,69.73402386901628,69.65532625206042,69.49897729605209,69.3100783879847,69.10413030821594,68.90775086009361,68.72615638453222,68.52870614423703,68.3335794461297,68.09526166340251,67.81682867224153,67.64796764484853,67.58313580845936,67.38789191474366,67.15875876438729,67.05089495285952,66.9854656205737,66.98772133074218,67.02985599912755,66.87176987525017,67.13490311824017,67.47798640992171,67.93860594175075,68.4135809437854,68.90912709507512,69.41803287116906,69.8521287945225,70.26186578701592,70.68317954521696,71.06349926633163,71.49546437545203,71.87300059187383,72.22864082992287,72.57505035181103,72.93157801164469,73.28147792417148,73.62740639947954,74.1578566392757,74.4890014597505,74.73550997585272,75.03895697883792,75.33368817064334,75.70764478518792,75.9821004239754
53.27872432791352,53.21898927521177,53.414158070062086,53.4844122021625,53.44424685570498,53.524450763721056,53.59336630784601,53.617882593990764,53.699181705115535,53.74287028379317,53.79610053669553,53.86387439198645,53.925544054685204,53.981182582580665,54.01329404951674,54.351964547600694,54.35657480943595,54.34144258594871,54.017429481070316,54.006177705155636,54.14673444912157,54.173134926228684,54.19766053250841,54.21284621617425,54.43279487409611,54.471257575304776,54.5007839859604,54.49013404461537,54.56333761969598,54.603138144112016,54.632753508581104,54.660203804587155,54.66877020478017,54.667452447902434,54.68313946135907,54.73199651078713,54.8018240167873,54.88884183939728,54.69577957616726,54.790050932489756,54.87116862748505,54.95388772631088,55.00326770718646,55.08650887472828,55.31407521838787,55.48968633847989,55.56584328994668,55.63465091760705,55.681868373636526,55.69864573227585,55.555344192722174,55.39739284005536,55.38598786769009,55.36402389118955,55.337716496721065,55.33794362553199,55.63191581588654,55.64680577196576,55.37687741973258,55.797909563542404,55.852844288297625,56.00558633129535,56.219616222739106,56.518255076305046,56.886485815370555,57.028178467613195,57.45894636225256,57.89031996141148,58.31953591978206,58.74526610388282,59.159901029576915,59.641346327033816,60.039852870369906,60.35813355400588,60.874227906033305,61.232889239044304,61.554437569018,61.693237327116705,62.00514686244123,62.32679038599026,62.65471294524221,62.98535348059611,63.31673807048609,63.638448150805395,63.93661597161286,64.25700517273731,64.78923439312848,65.11284683189358,65.44206085952926,65.76349079999493,65.84984102585888,66.1540087694943,66.45443081695292,66.70133290862567,67.04010643195153,67.32983651361127,67.65931450236567,67.96047614271926,68.25715364685563,68.5742655277471,68.89992107298308,69.23765324210774,69.51021021094574,69.83506268656099,70.11760465551598,70.53871728243695,70.78039171083296,71.06359825183429,71.3197434841083,71.5759389770187,71.8612022860644,71.9610348494097,72.21455135642846,72.4569848466969,72.70719954725101,72.89890618716858,73.12992963304833,73.35488343280048,73.56935220537838,73.77645273693233,73.98677279386577,74.35888394057486,74.54461565840221,74.62041099858561,74.79255840898429,74.97599325021305,75.16235508131894,75.33537910940775,75.69659222607518,75.88404797098977,76.07991554882256,76.26265724467935,76.4262736342905,76.6241064674377,76.76604675704345,76.74149912378257,77.09799505442321,77.13880547256518,77.27401557254873,77.43589109398383,77.72657525715549,77.72465971799015,77.81810466788328,78.11666386449329,78.19314064763572,78.13455330944136,77.99026967242354,77.947665588524,77.73948848565638,77.58984265576748,77.4044094571305,77.2532932800042,77.03597414563346,76.83761679129651,76.59631150725212,76.46748614661514,76.2887940061664,76.06755332327394,76.01381124734338,75.94654643643241,75.81247183170541,75.8034813824016,76.0186262415238,76.00107321017204,75.95627430056845,75.94595503718017,75.96280296623281,75.96923699100897,75.98475265815651,75.73709621238154,75.74403934592031,75.65214346105206,75.54172089303852,75.48701196637876,75.33509737739769,75.08556968947367,75.23733163996295,75.0249804029997,74.80424789721143,74.57396128401749,74.25524507469657,74.13044420415174,73.96610053905593,73.82380417720478,73.68973327940066,73.57981345602745,73.47112377123312,73.35558181262053,73.13605988631763,73.19595824770576,73.09539381242597,72.87515798428403,72.7959346713658,72.83640588156827,72.70125751951466,72.55623480177023,72.41375951315443,72.25502800647203,72.09531280095553,71.94327592178814,71.8013075053772,71.66833900931879,71.58237686397824,71.46525657941102,71.33797919598283,71.19425778189277,71.13662473543384,71.04448849171453,70.8143452735346,70.67826236177758,70.75782897408257,70.85686139479564,71.03935361060626,71.26176258768547,71.66001181159648,71.84488305246546,72.16123700750752,72.33511201751504,72.49089581773646,72.55055882143226,72.70404256615947,72.77958781669714,72.813541938494,72.73005392178929,72.80458175992023,72.49721438441011,72.77429197393597,72.78358489723995,72.8061073166656,72.82628935980071,72.86682816155698,72.90775822219754,72.93453912469505,72.67889178444548,72.72302686712108,72.7727185363658,73.09992539782215,73.09859462653053,72.69677317170388,72.56574941914695,72.40466615800659,72.14348397275559,72.13123782155594,71.84701585124829,71.56137691869611,71.27107297551956,71.02740457381263,70.80875709998571,70.63040813615613,70.49086595398336,70.41158401656742,70.35447252756666,70.29039831172886,70.19817761222747,69.77317497180262,69.81406713719952,69.65733429464574,69.63330773960772,69.47359968125028,69.31440164389794,69.14521888765003,68.96885340100891,68.80248685392024,68.63765685564628,68.46677608262803,68.27619537284073,68.10589730443428,68.02863632197082,67.87400628976569,67.80177045308056,67.68679726434966,67.59914769628116,67.50197655637061,67.08459046211676,67.28016064489805,67.14552621098453,67.04144915572456,66.9279712128535,66.81165012337766,66.70401811022826,66.61941107250608,66.535605488883,66.43119428349127,66.29440898704095,66.13909338576408,65.98394208362268,65.56006105030302,65.74701610066256,65.60062406744228,65.72293625368106,65.80764929938368,65.95553711378419,66.15423825424091,66.18975467668864,66.54757626725629,66.88047224540458,67.16722332724308,67.67440208662002,67.96607145278286,68.17007048305032,68.41073841169215,68.58843767041357,68.6403671467693,68.81603978032699,68.97321359047118,69.13471121644756,69.31073585531584,69.50343362011496,69.69499835602292,69.86377061733288,70.30498953281824,70.4723849928481,70.63800255288723,70.8105581525226,70.98720127326874,71.13920984371624,71.17888110760998,71.454252176627,71.58925018861486,71.77334619916515,71.69900109286117,71.89552780642349,72.32448699718033,72.5136730454124,72.56891546298625,72.87629349850071,73.01721055859272,73.15150062613183,72.98324469736541,73.10182829848675,73.22131204726676,73.33488702902189,73.43633888399972,73.53337352292432,73.92964392988162,73.94955983641864,74.15382497919913,74.32722272974743,74.46828953953987,74.6467178023131,74.6878765447817,74.92034815293056,75.07447796614926,75.23140893988914,75.39628255314224,75.56673048489763,75.73719024462831,75.63481335801916,75.79357445615494,75.95159747404094,76.11407529764303,76.56268920574634,76.7014373026497,76.51620319810156,76.61394505740796,76.65264213138698,76.60557259463421,76.5410403314256,76.3921645980722,76.51265905664941,76.28469510041995,76.02572283579002,75.5495915546146,75.57135855760534,75.44859829135679,75.09942327501959,75.04367668552997,74.98605799252607,75.26231183145839,75.25014098488566,75.2418550760544,75.21557705714177,75.16837882159153,75.14677318987457,74.95043492356866,75.01734360679714,74.57821172672091,74.45277330436595,74.2609843785678,74.00648935973601,73.72320448986443,73.68958714697892,73.33093431696489,72.97293842653616,72.55441549817607,72.21732660167984,72.07138605809293,71.8151034819551,71.58391303582584,71.27899580395243,71.23451296986535,71.09222502931708,70.95121612565039,70.78700115398145,70.59004909409916,70.39210144668051,70.09464574236239,69.8808570471109,69.82701702865785,69.6694074427634,69.48382198775307,69.27494440437572,69.07058602825605,68.8783485912181,68.67268954093717,68.47409234804083,68.2588676092662,67.96041105642949,67.79547475213536,67.73397143742805,67.53058560689817,67.32135092720583,67.21489528459546,67.15044897778571,67.15023573903729,67.1930140304088,67.00071405798151,67.2640053022519,67.60201523443102,68.0629492621854,68.54021826974281,69.03985157968796,69.55202016488614,69.9889785431919,70.40120495378216,70.8234192389125,71.2064261141826,71.6346777105728,72.01116131689476,72.36552871565686,72.71067801106632,73.06412015231042,73.41465230314411,73.76029460948725,74.32160037796642,74.65541168213463,74.86982087221945,75.17250266334294,75.46477294854857,75.85779438755912,76.12303564007622
53.41060051356673,53.390325261917944,53.58041883594642,53.64775419662085,53.60860502866968,53.68244355666341,53.751102941723836,53.78655917801753,53.87069675714604,53.90801005853118,53.9593089004627,54.02499230701516,54.08602318464969,54.14009008787662,54.169969634184156,54.498259249825075,54.500956172241395,54.48383132473148,54.16779578384291,54.1596975297865,54.30648530548088,54.33129175204204,54.35846844752363,54.38382147288939,54.56131405353241,54.60975892137916,54.64266938503456,54.627089561777964,54.70254514071374,54.739562367239344,54.77733022305192,54.79738668636811,54.80075423247677,54.79663757511593,54.8107043221766,54.857830943685926,54.926671570267885,55.01391890059149,54.853687633327006,54.947648411865316,55.03013255990785,55.11433290054929,55.16557233220087,55.26852631703883,55.452629927292136,55.621718935736716,55.70296447273218,55.78725714538956,55.82160439908944,55.84160954580401,55.6935274631357,55.55478839893754,55.54773903145863,55.526140340747226,55.49756947641574,55.51252803114363,55.779738137787874,55.791391345298145,55.537035210819276,55.94895966667157,56.0059256837937,56.17449814459418,56.3914559818333,56.68248404933693,57.04796427149995,57.1603407593378,57.58977826310803,58.022313136357155,58.45260593907764,58.87721914450158,59.28513733323546,59.7787497090241,60.17859592322638,60.483702411492594,61.04293166153345,61.39688136254215,61.71703580584478,61.82444529889079,62.13642159189114,62.456031295639626,62.78067481300429,63.10812191710987,63.43714062455907,63.756686019400476,64.0507191116705,64.37262989573615,64.90218706450037,65.22120951879813,65.54507734915238,65.86171236033132,65.96289651166458,66.27633321138089,66.58477378528158,66.79772612369838,67.13675965323992,67.42226758319966,67.75091235875617,68.05151597542049,68.35397815444128,68.66651343647355,68.98786016564799,69.34001553509066,69.60063351820673,69.92102856654837,70.200792396021,70.5996897164311,70.83980974091467,71.12148597517059,71.3764009666542,71.63411224036021,71.92104247064509,72.04052599797333,72.3002490166332,72.53826197812369,72.7963287376744,72.9766395341439,73.20891076775256,73.43534088209339,73.6514388129793,73.86049984698155,74.07351178811037,74.43567802727289,74.6184776030312,74.72637194514095,74.89509458371815,75.08071181096734,75.27570596113827,75.44318751326234,75.76056040886994,75.95141846890604,76.14648414828234,76.32897166046301,76.48286335483685,76.67662939104179,76.81698737141659,76.82667987882115,77.1458553436624,77.2370854122889,77.36789023731292,77.52729693330743,77.77825213637227,77.81393569996102,77.90627368657582,78.16768266377126,78.24318792143686,78.21447192507237,78.10058081940278,78.06008732546917,77.85694694618162,77.70695020193038,77.46675256404251,77.32514941874285,77.11480971311826,76.92191112291562,76.70507629930475,76.55781563893174,76.38242378540426,76.22365807919566,76.17979551628979,76.11633699177662,75.97796924116905,75.96812448680846,76.1170387042213,76.10462453975103,76.06985663764618,76.06000630272408,76.08328024968054,76.08870557501751,76.10491268049789,75.90539605589719,75.91522745602346,75.82874469745663,75.71410750530377,75.67029700887458,75.51821110656095,75.25789520035667,75.37654867571744,75.1590186575841,74.93936866026688,74.7133807955468,74.40461170192623,74.27650952639559,74.10886576461263,73.96374072551703,73.82885312473152,73.71894264436902,73.61121253806719,73.49705184444588,73.28125398111983,73.33224841918188,73.25502559601043,73.02755395101266,72.95144667261881,72.99402036928106,72.85757697525942,72.70741371261548,72.55789293620882,72.39468727411061,72.23416993602419,72.08411958797521,71.9525080300845,71.82208466817423,71.72845859355793,71.60685568510817,71.48706982487448,71.33286009412846,71.27261231875389,71.1798889209068,70.9525118034153,70.84901500143846,70.92120654670548,71.01648217869683,71.19291690326912,71.40853016477921,71.82361444576499,72.00607031134119,72.34164325192486,72.52434268473607,72.66969272998828,72.7486859735221,72.88778666534365,72.95916011862349,72.98853990246272,72.87775945162117,72.96477214688123,72.65685328048554,72.92625800657895,72.93469242095848,72.9597761492185,72.98341135619839,73.01670702358142,73.04800028782799,73.0693593985868,72.83463774249572,72.88348510405288,72.93878391851122,73.23685520821724,73.23495109105477,72.85726984032958,72.7297087545711,72.58005230921302,72.31024759405992,72.26234453811567,71.98251628848699,71.7081169549548,71.40972627324962,71.16941987566528,70.94820852846898,70.77386899637563,70.62877779115313,70.54942600496753,70.49243385647776,70.42939923322817,70.3382747118129,69.93810188283346,69.96679606381691,69.8116872167029,69.78890950726313,69.62717534151679,69.46139836173944,69.28841103355347,69.11262451461856,68.94665500365367,68.79435660309564,68.62039805544491,68.42425200937109,68.26509969238185,68.16757703246388,68.01480630103657,67.94591731399512,67.8397542967181,67.74968662039419,67.64960358575121,67.24034459068103,67.423870404589,67.30556290970493,67.19146812762033,67.07830522421538,66.97178475751038,66.85392427556229,66.77131109947027,66.6890809369983,66.58520171930132,66.44744201932029,66.28954344963174,66.13065893178029,65.72382756705962,65.90371366382081,65.75813491332114,65.87842720805043,65.96954750948046,66.11994764646234,66.3322227056855,66.32368630847469,66.68292729100837,67.01889111844424,67.31223345497736,67.8565553745027,68.1451870184779,68.36386990317337,68.59887279847327,68.78777233370312,68.78015926145194,68.95206507425429,69.10892295129932,69.27105661499182,69.44736474430088,69.63966150219498,69.83121817925611,70.00750801418354,70.448773672219,70.61471470109888,70.7804115116723,70.94277969455264,71.11776338720375,71.2764409500404,71.3009929827426,71.5821022488571,71.71450626543798,71.89461373926382,71.83817658712343,72.05592238290882,72.45042185925503,72.63528710064507,72.6898519448646,73.00194823360069,73.14501616308499,73.27537453411911,73.12445517718793,73.24196234900798,73.36070806252832,73.47548839820614,73.57985525501702,73.67939994825586,74.05992648624702,74.08939939781297,74.28964602848953,74.46617685875073,74.59990220805066,74.77424129367174,74.81542442044812,75.05907419165679,75.20864785892441,75.3619302202144,75.52303670272661,75.69039279536327,75.85891288810683,75.77195344983727,75.92939037460205,76.08823021272218,76.25525793249076,76.68810966039635,76.82342990749005,76.66868068388843,76.77588558141855,76.82074682711428,76.76865725974751,76.70503167489719,76.54659877923174,76.63520861628943,76.40565503091526,76.14636619171678,75.72399061953607,75.68867951755144,75.56867609213379,75.28116050250136,75.22706580716766,75.1619837379344,75.39619828919024,75.3778630033798,75.36861430440835,75.3433778765323,75.30020875705935,75.28051594433144,75.08793712582673,75.14513609387247,74.75672350660513,74.6402102488425,74.44826138906252,74.18760113811865,73.89699755664708,73.82633283370258,73.4642707170072,73.10700645728535,72.70807620235993,72.36696498178964,72.21422242306622,71.96063539912831,71.72208565852563,71.42988992893942,71.37391856535675,71.23465910102856,71.09384046950827,70.92917284213077,70.73127631645205,70.5324124719207,70.24404910319763,70.03017332951107,69.98934407846204,69.83094151387881,69.64863643745758,69.43805704309726,69.22718252934888,69.0257456693005,68.81335134453766,68.61214712762813,68.4170939153167,68.10729667757579,67.94474996313417,67.8799900366213,67.67008583991893,67.47897413742113,67.37327025142453,67.30930559572668,67.30694389501434,67.35152186036073,67.14237455621067,67.40384984776331,67.73382187940352,68.19224234946488,68.66976765739749,69.17198242396056,69.68628498547098,70.12662590791103,70.54211171987706,70.96462288465906,71.35096145103203,71.77260684895734,72.14747669126989,72.50059644464726,72.84469656070723,73.19467977371332,73.54640951980055,73.89211425840581,74.47107460805515,74.80501104665466,74.99313822377422,75.29438374034298,75.58408293981697,75.98850016232775,76.24561961824364
53.53709635514645,53.560532875993076,53.741161293102216,53.805957504820796,53.77229452502217,53.83988759035703,53.908392035308005,53.9557676450534,54.04198287857879,54.07323435566566,54.12303444630251,54.186943187170456,54.247839983726,54.30076056263384,54.32903117315942,54.62874984803915,54.63034614650841,54.6122516254497,54.321773446766564,54.317218349108884,54.46459158961859,54.48678873098245,54.516163904816665,54.55201815799908,54.67872459176112,54.734404282005585,54.76988435851128,54.75212356188846,54.828599545308094,54.863158099094846,54.907364810960296,54.921354009897634,54.92072461554257,54.91475414668785,54.92776285766517,54.973378999467265,55.04109091184416,55.12799048595305,55.011542074591425,55.105059392533995,55.18893389146707,55.274189027850234,55.327067996360384,55.44831225528279,55.58066910496287,55.738555058057486,55.82343846084588,55.92008893173775,55.94435861219694,55.967474887406404,55.82544646598821,55.71342638036645,55.71060320441659,55.68970995419141,55.659619220643606,55.69048996005576,55.91313344041713,55.922639964433245,55.70316071181427,56.08464024244588,56.145432534440246,56.3298893739093,56.551481513635714,56.83608322291349,57.1982966623667,57.294104291110465,57.720197811173094,58.152568599474904,58.58296275891691,59.00556150281771,59.404706181483235,59.90531036351413,60.30622712954715,60.60208771487897,61.19298226932275,61.54171286809771,61.860457819357904,61.95038987184381,62.26281921918499,62.58030037981499,62.90128375141595,63.225103684336766,63.55132716912547,63.86836038244278,64.15798394549574,64.48124243804118,64.99281633668839,65.30719032973154,65.62585745824295,65.93790926420445,66.066243600508,66.38841907468685,66.70434552650258,66.88391514504201,67.22241875089229,67.50375624524312,67.83136756002354,68.13100192571181,68.43896622645428,68.74677221453398,69.06337112407083,69.4287981132379,69.6782583284421,69.99375467059214,70.27062690789447,70.64056018169534,70.87978077084284,71.15975644683643,71.41351927433256,71.67227847654432,71.96007551365052,72.10637381710946,72.37217715081883,72.60584133255048,72.87113595549478,73.04120875412342,73.27481601124914,73.50277763753893,73.72055856902695,73.93166906732958,74.14744227950517,74.49444010981848,74.67507946003906,74.81911723966616,74.98518173775992,75.17300195968981,75.37607154041561,75.53775535248889,75.80398059748411,75.99790958493911,76.19200053059215,76.37401919568464,76.51943609214324,76.70932936123553,76.84862560496471,76.89888045499232,77.17536469264596,77.3195071171924,77.44695256134307,77.60422887057793,77.8116454403216,77.88882146945167,77.98073637878716,78.2003779510366,78.27486782674842,78.27622060180944,78.19206342278594,78.14957784683547,77.95349810045995,77.80217631336369,77.51747438665788,77.38375623124548,77.18099930034818,76.99409654797205,76.80324015232456,76.63824392100334,76.46751142879864,76.36888604746946,76.33171273417938,76.27259069255737,76.1345924136788,76.12357599739823,76.20353348032745,76.19544522660014,76.1707739686851,76.16190594390913,76.19027729619145,76.19543821254133,76.21253439258038,76.07032095127643,76.08413253957802,76.00569458852584,75.88787573279265,75.85366707024966,75.70223013581736,75.43345220900379,75.50488027370662,75.28447631733339,75.06672450605083,74.8449678726214,74.54992316807892,74.41462217720307,74.24452086861288,74.09716888233797,73.96156930313546,73.85142413201314,73.74427853805906,73.63114193890918,73.42600402520439,73.46167945812535,73.40316619090258,73.17757781586158,73.1041377289885,73.14016367205461,73.00316433899962,72.849409811587,72.69468344060743,72.52845527957557,72.36777059805523,72.21964165520157,72.09652581904837,71.96824827767028,71.86724493722741,71.74198571460006,71.62797782348431,71.46620740566142,71.40291626272887,71.30977378045253,71.0928192338842,71.02941100668662,71.0941572939862,71.18531374383825,71.35540294798,71.56430645174687,71.97981233056655,72.1608502667074,72.51000508621694,72.70180510510399,72.8367340600907,72.9330562237284,73.05885184376955,73.12654748623694,73.15150830496191,73.02014344311547,73.11320201843745,72.82675613763604,73.0657829847619,73.07281564790026,73.09952062569089,73.12572378947272,73.15291314545877,73.17633880540696,73.19335505696473,72.99387133951278,73.04724537453197,73.10777350827706,73.3614425961098,73.35855904054203,73.0199307322432,72.89575534208458,72.75670666450478,72.4792092082731,72.38643600936126,72.11107076736678,71.84627536394969,71.54230552085377,71.30512685642714,71.08233281318195,70.91129442890427,70.76171431659577,70.6815658444314,70.62365168878904,70.56070709322358,70.47005728326988,70.10941518129457,70.11622425185897,69.96301887123941,69.9333486128297,69.77034593893288,69.59972661200074,69.42420681154157,69.249361354686,69.08407450796338,68.94208685627768,68.76571127283842,68.56589490418216,68.41624659646482,68.30057497955357,68.14976180182951,68.08269169126798,67.9846201527272,67.89222800494925,67.78952041139077,67.40619391165883,67.56024908622416,67.45537943380907,67.33272301644993,67.21948322652366,67.12063157578092,66.99496968295767,66.91378504551294,66.83266171693617,66.7292576854116,66.59106644382804,66.43161851830581,66.27028409324143,65.9002519596867,66.05210178803104,65.91187011137708,66.02560594744529,66.12301609236086,66.27667539781014,66.50149916855756,66.464902541235,66.82378432662921,67.16208495039339,67.4629263572423,68.02811765663084,68.31243975897802,68.54539544310828,68.77474769704747,68.97492695987678,68.92263511161318,69.08998001481729,69.24667736710072,69.40972819747803,69.58637716897447,69.77807235687519,69.96952033696175,70.15483725220619,70.57689620194428,70.74080145436268,70.90583932651519,71.05860887401454,71.2313944714039,71.39605398618004,71.41394377368175,71.69370607502272,71.82414039234882,72.0004901749738,71.97497105842217,72.21404413417582,72.5590381891411,72.73995565588355,72.79954688966065,73.108653594214,73.25365179156412,73.38102455012167,73.26243287558255,73.37896024923522,73.49697525191279,73.61321621383588,73.72129622247597,73.82472094905117,74.17430089405508,74.22062140397824,74.41041788054893,74.58734300504383,74.71537271411873,74.88500531022841,74.93201177819967,75.17992053607409,75.32566166631635,75.47581206303589,75.63359225814575,75.79808359104439,75.96464906405257,75.90653547804897,76.06238307588139,76.22179232692605,76.39299512114506,76.79474206305007,76.92725259299839,76.81648816110389,76.93237749538703,76.98321436879355,76.92732129410976,76.86483193675365,76.69749452848657,76.74282697294085,76.51360280997227,76.2559251712749,75.89615608175214,75.79794314982215,75.67998024407903,75.46025447885913,75.40749789324937,75.33645484956423,75.51729108710263,75.4939436060828,75.48373878713376,75.45947880357585,75.4199883934697,75.40184540038258,75.2213148539155,75.2625608277393,74.93561341941077,74.82681611959252,74.6351808126561,74.37011737076726,74.07371688293472,73.95608252408526,73.59300578798702,73.23776825667082,72.86027119131289,72.51809310168038,72.35384950644175,72.10276061131663,71.85881108479504,71.58371928897003,71.51068746778395,71.3730415195245,71.23173231684198,71.06636644394716,70.86775976656504,70.66813078200234,70.39373345714986,70.18083103958628,70.14223271160154,69.9831536158658,69.80361681008665,69.5921711667702,69.3764982076129,69.16791343610338,68.95044184235424,68.74749302029224,68.56901146711813,68.25606492557269,68.09460451245616,68.02090895199845,67.80614923749528,67.63128637587839,67.5257203149089,67.46136214096009,67.45625721000395,67.50205500665196,67.29723849225896,67.55482808783026,67.87363748349155,68.32654551589188,68.80216471994916,69.30534992977955,69.82057291036831,70.26489785679536,70.6845090272148,71.10664516144749,71.49701594653973,71.90886187584951,72.28150787594038,72.63342493014525,72.97672578583379,73.32287185184558,73.67642910461292,74.02259985486398,74.60252512960737,74.9339626175991,75.10411358814032,75.40351249330386,75.69075435482677,76.09901576185503,76.34938154097581
53.657361043280936,53.7251054918338,53.89265715107056,53.9555137731698,53.93138584763676,53.99336592687038,54.06185942687931,54.12120769936644,54.20848741691029,54.23457734636786,54.28345433759683,54.346023283980266,54.40724991479996,54.45948568499313,54.486851632422066,54.744206733641754,54.7454486169589,54.72732212799137,54.47618056755036,54.47534132305809,54.61810929421114,54.636981356335625,54.66791142750905,54.71360503112326,54.78547892089874,54.845891701102396,54.88319201133174,54.86569938518005,54.9420740285075,54.974478920536605,55.02353582323183,55.03269074547877,55.02917474227977,55.022216836937936,55.034680403155456,55.078987252571665,55.145439938979074,55.23146230757173,55.16599190176643,55.258876271688955,55.34398703757705,55.42974732549746,55.48395024318875,55.62032967210653,55.698007403546676,55.84096412675748,55.92815776707117,56.03426547601444,56.051039046633186,56.07715108782767,55.95024223769942,55.869745169872466,55.87088677346849,55.85106415461478,55.82030232547569,55.86675815460603,56.03276134221059,56.04110782167896,55.870941951157526,56.20561811003013,56.2708822152722,56.46852774036009,56.69559513952662,56.97557661649094,57.33416286695659,57.42942782587229,57.8500176776687,58.280766571729046,58.71007200753584,59.129880811241215,59.518075073755654,60.01937291592459,60.42105086298162,60.71262574849169,61.31949650683763,61.662998627569806,61.980396017066326,62.0703924910682,62.383591530768925,62.698619794058004,63.01520317255829,63.334598751290685,63.657334691368874,63.97144184122331,64.25664972650205,64.58053490168635,65.06208430357194,65.37182638674948,65.68548683017549,65.9931694793057,66.15711927573516,66.48659440590049,66.80858235817333,66.95825344667995,67.29534113920722,67.57267377744084,67.89897458019898,68.19727190208913,68.5098119586734,68.81299781635533,69.12468711629128,69.50080131121499,69.74075373209777,70.05135684094388,70.3254467845191,70.66237844836787,70.90130312439126,71.17943548503112,71.43212325334552,71.6915010061811,71.97943483584318,72.15710215423476,72.42832093636484,72.65807394534113,72.92930488669565,73.09129826298313,73.32623681786066,73.55568611213218,73.77511072505163,73.98824743293619,74.20669186520895,74.53454563893774,74.71419482754348,74.89535733503804,75.05987570588462,75.24970626887125,75.45951458182344,75.61564685118903,75.82801656863481,76.02468035379168,76.21765447029512,76.39902154591233,76.53717870001418,76.72340263775808,76.86211395164716,76.95613097335465,77.18758385627319,77.3826918574688,77.508285023149,77.66406566855822,77.82775272176903,77.94687645671421,78.03926062741118,78.21582326220455,78.28931645496058,78.31803592438864,78.26071542622986,78.21147164449748,78.02476801266573,77.87116715749735,77.55733134237855,77.43006451558475,77.23542301630017,77.05499421968447,76.8905395396272,76.70934711807162,76.54446155195929,76.49948801085996,76.46470103066527,76.41036476149405,76.27815848807322,76.26569813666882,76.27894361330557,76.27441820624789,76.25976643427995,76.2523299577792,76.28457807491644,76.29014213289882,76.30830181987956,76.22786396361315,76.24642817635952,76.17824570692396,76.0588288776999,76.03199925842658,75.88207449377548,75.60822070215143,75.62294805485548,75.4017811302333,75.18666773467952,74.96907304815035,74.69065234668045,74.54512671445758,74.3733373878393,74.2243057802416,74.08808647199315,73.97748310440022,73.87057858503833,73.75813898711698,73.56916912693988,73.5845116023827,73.54042058340536,73.32432044963831,73.25309352528477,73.27545877623177,73.13857743626214,72.98265536292799,72.82441779514726,72.65649891477867,72.4962237464474,72.34994711058135,72.23359582325283,72.10708940294275,71.99903188702808,71.87088153918036,71.76107413884237,71.59441824998521,71.52771069786372,71.43429671767211,71.23403560501612,71.2147620045119,71.27242488509054,71.35938565019451,71.52314152681336,71.7258670409155,72.12689141552931,72.30751259588963,72.6619896226333,72.86201893560279,72.9877314562976,73.09812107307901,73.21255622429327,73.27728173900138,73.29843550046415,73.1555613208722,73.247769398422,73.0035442110749,73.19292717754197,73.19844099625601,73.22593655869454,73.25388837134332,73.27602653298193,73.29322162228662,73.30689278410134,73.15315561169405,73.21052901022081,73.27549729669663,73.4742032267504,73.47000874627467,73.18135363461926,73.06037829182867,72.93036539578742,72.64693474029401,72.50376758124682,72.23294160700294,71.97625573212902,71.66902374088689,71.43475609291974,71.21127105847621,71.04286764050245,70.88976793156884,70.80816124987082,70.74838127728198,70.68466286495389,70.59392295206041,70.2833734292188,70.26155503565656,70.11046660336231,70.06725005463659,69.90367428014156,69.72980967743572,69.55291987731174,69.37933590273678,69.2149814725392,69.0812264897717,68.90303260519799,68.70128547574507,68.55961132793294,68.42783865743795,68.2790574205509,68.2124099155854,68.1216839533169,68.02705895068132,67.92199884863822,67.57839656636573,67.6895553373939,67.59543135502061,67.46558834781194,67.35193018501467,67.25878889675428,67.12755238119743,67.0472737292896,66.9668210540702,66.86382556380296,66.72567560875454,66.56560925751073,66.40301335731432,66.08444910272361,66.19240923045442,66.06102911420186,66.16332755539749,66.26540174444663,66.42217292395534,66.65763424615369,66.61360859377663,66.97022683612596,67.31009072434064,67.61943850961659,68.18428157206824,68.46334249852991,68.70856205223018,68.93284460160326,69.14305421944218,69.06764562581036,69.2295712022984,69.38621186284114,69.55031805027801,69.72707941426013,69.9175773389533,70.10834626281755,70.30313440299854,70.68945101662888,70.85110205085799,71.01495187206355,71.15877165467909,71.32888779564047,71.49883778837552,71.51732186393954,71.78976507053397,71.91880771833527,72.09162748770113,72.10652990414313,72.36504274069608,72.65114683612116,72.82848205936703,72.89781416321301,73.19740872045851,73.34412641162366,73.46939053112696,73.39421840956476,73.50999012600438,73.62741047407214,73.7453309852151,73.85766133219015,73.96591635218631,74.27345510106298,74.34173467036294,74.5165876252271,74.69158377183419,74.81540090134503,74.97982292377726,75.03748008006724,75.28370679936465,75.42628705813406,75.5737856171067,75.72865114631354,75.89049291780641,76.05509539146165,76.03583272254153,76.18990904207782,76.34958291005599,76.52428328980756,76.88354091304724,77.01381659787863,76.9560056591897,77.07913311123134,77.13528775471404,77.07715779959612,77.01583482406103,76.84136903092202,76.83632742055113,76.60921016366623,76.35491867642972,76.06164224896379,75.89946047444127,75.78290551168939,75.63206547840504,75.58012278872592,75.50517366304022,75.6263015425468,75.59899260070472,75.58783373681877,75.56448142976325,75.52833506092436,75.51141278247127,75.34956903234814,75.37013078841929,75.11045982359468,75.00756026347993,74.81677308016035,74.54966939455623,74.24964342134469,74.07922381175992,73.7173164944088,73.36527848168926,73.01023605550928,72.66955630103699,72.49028002732412,72.24149581383388,71.99392896955105,71.73905910714831,71.64476633350087,71.50744465759853,71.36502744350531,71.19874295492755,70.99964382806417,70.79939718017779,70.54273253811661,70.33170198770432,70.28623230452037,70.1265772552309,69.9493278050848,69.73776627228096,69.518873738191,69.30503252326011,69.08400579153258,68.88009678511418,68.71483896643508,68.40574913055437,68.24425861858653,68.1569248845627,67.9388423981254,67.77840021964597,67.67240249280145,67.60684011823373,67.59840345455311,67.64423906737959,67.46427855869238,67.71626134803007,68.02169318534732,68.46591907376916,68.9373450705975,69.4397843990316,69.95462951702291,70.40362135796047,70.82831981770961,71.24934074826861,71.64450027036561,72.04305287649323,72.41281603184744,72.76359508540206,73.1063854715461,73.44831136269934,73.80436243971245,74.15105175869239,74.71441085661864,75.0421073542471,75.20248342087963,75.49972724261673,75.78464389998922,76.19024241767573,76.43514044014802
53.770543768598465,53.87953648383687,54.03117811939248,54.0929146480753,54.08194949938773,54.13946162827198,54.20813095471849,54.2785790452247,54.365657719637014,54.388073201809036,54.43674573772757,54.498528848972526,54.5605084407573,54.612557133095315,54.63980397795169,54.84540029803172,54.84696746831479,54.82966147224457,54.62783524390332,54.63066761156941,54.76409441193492,54.779225121387356,54.81087553872237,54.86475085188184,54.882029473061785,54.94491922258796,54.983355448437166,54.96828037188596,55.043541785340395,55.07407841242268,55.12652181079212,55.131981863414595,55.12659800099067,55.11944032018598,55.131822293978175,55.17500227743971,55.24007654913558,55.32474007753727,55.313686116657934,55.40569144652343,55.49170641365204,55.57729901077471,55.632414616209594,55.779041550156485,55.8044594751901,55.92971556315182,56.01801490419154,56.13090597758233,56.142553736072244,56.17154747781253,56.067055814689084,56.02018315298596,56.024896125518865,56.00653436510999,55.976055386983084,56.03626135713194,56.139281461604526,56.14735110934301,56.03606637675035,56.31261138734411,56.38285886007007,56.59055482218243,56.82195384758441,57.098210362127816,57.45257059102281,57.56595740535354,57.978540279841646,58.405451354628916,58.831937571106984,59.24904399713854,59.62452448977801,60.11948934612724,60.52169464523836,60.814327207517074,61.42111451667644,61.76006412129245,62.07624910228329,62.182460500152764,62.49643833625938,62.80850950438831,63.119998029375274,63.43431711067715,63.75297929566266,64.06376533146336,64.34457482837847,64.66813662278106,65.11104960443538,65.41619692170082,65.72505134920088,66.02858097332643,66.23276052069212,66.5671872515102,66.89292059785112,67.0190945026357,67.35378423248328,67.62739145749198,67.95202789331374,68.24866381304837,68.56420944687748,68.86314619636443,69.17004131034896,69.55282546368744,69.7857888196198,70.09195091985521,70.36359061927762,70.66619428658701,70.90537512533369,71.181548907954,71.43323774989537,71.69284314988074,71.98025385798543,72.19123485676603,72.46666555065069,72.69331085185947,72.96851921726046,73.1255924765989,73.36176464190963,73.59255871886826,73.81349453258372,74.02852197876108,74.24938814238033,74.55537006535674,74.7355973036621,74.95180268413348,75.11623232286736,75.3076673110024,75.52209784803435,75.67342623346444,75.83383209903906,76.0328898101665,76.2246357419345,76.40520040671421,76.53727803225424,76.72004548034853,76.85860490542342,76.99646155496671,77.18357358944343,77.42326090331133,77.54897010124066,77.70418609001123,77.8275715334801,77.98566009200071,78.07961431534191,78.21509213319041,78.28766989746364,78.33815447754621,78.3025347733914,78.24110321032987,78.06638274697322,77.90957079236853,77.58707984860645,77.46502506983347,77.27896096995114,77.10542529127143,76.96671093452811,76.77170135537823,76.61367877049591,76.61171475213185,76.57389853540063,76.52471642130608,76.40448460319091,76.39035312711816,76.34410214661901,76.34242641422279,76.33757417502551,76.33195434137824,76.36696655500636,76.37352456540836,76.39289898787084,76.37401815800126,76.39778794614337,76.34165062531514,76.22277024222022,76.20017068132802,76.05266420904388,75.77818066653586,75.73137364008913,75.51136084426957,75.29955064626922,75.08604685504285,74.82627211125664,74.66836769604245,74.49558685907454,74.34536855180187,74.20860928868521,74.09734474697072,73.99036949283453,73.87832988017584,73.70960839469492,73.70100508980065,73.66739375982169,73.46687272315032,73.39739974631753,73.40052866815546,73.26437409257393,73.10758263088171,72.9473827686253,72.7789850716317,72.61963834059964,72.4751409412286,72.36395299368192,72.23886760912715,72.1241154350013,71.99377803014278,71.88673366295872,71.71761116059359,71.64716975466344,71.55361137988598,71.37492895688594,71.4003796219041,71.45175298918437,71.53472745774029,71.69246005898499,71.88968519210088,72.26461457694374,72.4456200812555,72.79733062009194,73.00377947158094,73.12227740425176,73.24383740828448,73.34857568956751,73.41077306317842,73.42892158980152,73.28336708454572,73.3688755536803,73.18184874227055,73.30819519183207,73.31209219378893,73.33961976084126,73.3685668135299,73.38662719194404,73.3990965858191,73.41033926426914,73.30905359523673,73.36955734278196,73.43776527480323,73.5756527653896,73.56989047953509,73.33813633463215,73.22006671394465,73.09676467496648,72.8099901150215,72.61459459972639,72.34839112651079,72.09846164594099,71.79009395590388,71.55853816196465,71.33516436870349,71.16877183793044,71.0130310373298,70.92936993619742,70.86687787473797,70.80160752165784,70.71026934364644,70.45623518863907,70.40199174954047,70.25316775817863,70.19123883101298,70.02772317178577,69.85207084079825,69.67486388656144,69.5028201402965,69.33961547038031,69.21217126902486,69.03271792624321,68.83061202301846,68.69547648594734,68.5495777694322,68.40287793085987,68.33538831763389,68.2512348194271,68.15446655832544,68.04731071284256,67.75321069362988,67.81204782186418,67.72617426520999,67.59043864753781,67.47607106492471,67.38685503899545,67.25207041906457,67.17221796945587,67.09203302857438,66.98937861121159,66.8516949566265,66.69185364081851,66.52907314444586,66.27151938050275,66.32490541631879,66.20514952411763,66.29195814079493,66.3968380088747,66.55542959018939,66.79954908715966,66.76856636750345,67.12104143101577,67.46164865919046,67.78060276085192,68.32160662567665,68.59522258392235,68.85032006172983,69.07023604936477,69.28882405646999,69.21344789354013,69.36920437883411,69.52565951030628,69.69059521590106,69.86695893692621,70.05554771825476,70.24497126643601,70.4487805124977,70.78707333574084,70.94627911464494,71.10846350112863,71.2439960053498,71.41103662968482,71.58558119286718,71.61071563702811,71.87098065080085,71.99916339238507,72.16867765885185,72.22999852167217,72.5040678829412,72.7275586494778,72.90166965933471,72.98446763136035,73.26921275245219,73.41744899085697,73.54141233412257,73.51685239614996,73.6322201061514,73.74931058765821,73.86909322164784,73.98595012997325,74.09956598453742,74.35807705502782,74.45124801241562,74.6086023523739,74.77976176232933,74.90068661333058,75.05950720611257,75.13167078808166,75.37125259471057,75.51129170418653,75.65658203118008,75.80891529414387,75.9683108215148,76.13094848933024,76.15711846320217,76.30932475527628,76.46890105551543,76.64611886467989,76.95546070972759,77.08403316083468,77.0836132075877,77.21186474086952,77.272209983165,77.21375987808162,77.15343404388543,76.97473947162344,76.9165232530678,76.69314881807236,76.44386560914677,76.21600342887204,75.99354251143254,75.87784665946157,75.79195377545126,75.74009033854823,75.663842513987,75.72394097287385,75.69361979495567,75.68150436605146,75.65898734658528,75.62586608952509,75.60986931504068,75.47170058563783,75.46835895593406,75.27684107761367,75.17741202736863,74.98806862238712,74.72188854635989,74.42105812449421,74.19614429035938,73.8373798007771,73.48959178933738,73.15720638542346,72.82019991954455,72.62352670481786,72.37685770199381,72.1272789677106,71.89448460657823,71.77610181886139,71.63794088804418,71.49386162535197,71.32646337056883,71.12707288457551,70.92635246969931,70.69008007999537,70.4816579842329,70.4218922336626,70.26174593848069,70.08633500462557,69.87533035213858,69.65465381396052,69.4372835624041,69.21408794921841,69.00992518117489,68.85479573108987,68.55538996671298,68.39293268416709,68.28823453531722,68.06823192030755,67.92042824579214,67.8134738028552,67.74596103230698,67.73364418780399,67.77839860136724,67.63936584960545,67.88456132555054,68.177572980464,68.61041750618655,69.07524432254219,69.57511613360339,70.08820038287953,70.54262337952193,70.97346703327565,71.39256432411327,71.79332509216951,72.17478993613246,72.54096231993228,72.8906876926528,73.23327318556788,73.57044653504698,73.92892691402207,74.2751770207575,74.80749611512569,75.13046130842085,75.28811770256338,75.58291381635551,75.865624976781,76.26309605377206,76.5037227200227
53.875793721727256,54.019319226399006,54.15299590760899,54.214651775944745,54.22005598314936,54.274757756630244,54.3438324571063,54.423581386896245,54.50894113425545,54.529756093160444,54.579085810076634,54.64075613367519,54.703871024483824,54.7562665850812,54.78426117572784,54.93310093260792,54.93560658529794,54.91988829809732,54.773555573534516,54.77979837457812,54.899602935466355,54.910875519423314,54.94222076157816,55.00162437989477,54.96882868036678,55.03218489038059,55.07113777476876,55.060329862239364,55.13357601083523,55.16251015561119,55.21700132456674,55.21981233400817,55.2134877799775,55.20683927075174,55.21955386546398,55.261770648511934,55.32535863977665,55.408229507939396,55.451273721071836,55.54209731423056,55.62850643510637,55.71313530096571,55.768656658946654,55.918910872079046,55.899839972039715,56.00557878855571,56.09390238499037,56.211129635804184,56.219810714188256,56.251573388105605,56.175028233376906,56.16117871523728,56.16893764747222,56.152452008769714,56.12331500123683,56.19392830997111,56.23335341703521,56.24192601973322,56.19422143649412,56.40633819230766,56.48194872921021,56.69676765081156,56.93127209302385,57.20407706621929,57.55315146472196,57.700832365539064,58.10301016885219,58.52382824525698,58.945861391905794,59.36034326996119,59.72247738104299,60.205090798609184,60.60760693450015,60.90577746590808,61.4990138020324,61.834088318275484,62.14919717532255,62.283977683846715,62.598525152812,62.907220072343186,63.213160468989265,63.52196325692832,63.83607708638027,64.1431657888843,64.41961715093215,64.7416769374348,65.14077087856317,65.44138116643443,65.74563689957007,66.04523171395795,66.29040431872491,66.62652565800425,66.95279656309343,67.06479178693272,67.39600544501901,67.66628056309571,67.98882197339894,68.28351556708546,68.5998527868453,68.89517330898823,69.19766687428353,69.58167090532073,69.81103268145411,70.11365274957771,70.38339700555268,70.65305746649098,70.89299509744393,71.16712253380439,71.41788761018425,71.67736822825326,71.96366600083978,72.20729577211999,72.48519617105593,72.70990308746929,72.9864626331727,73.14277581084657,73.37999093771869,73.61188787074228,73.83410924315349,74.05077973976395,74.27365870817795,74.55628883980157,74.73906048651261,74.98516373982936,75.15130742348319,75.34372765857407,75.5598841017208,75.70765772341673,75.82259096541395,76.02369698876628,76.21413412005347,76.3937774736584,76.52092094266786,76.70045414874598,76.83925096025287,77.01790232088707,77.16439464705593,77.4378355249133,77.5660902741279,77.72196889769984,77.8120994282204,78.00273180556323,78.09956532547334,78.1992580999094,78.27106424564779,78.33481284601822,78.31351940792742,78.23405584058291,78.07546726057787,77.9158593116091,77.60747632274355,77.48958869206436,77.31249327027808,77.14621091595154,77.03149081034293,76.82588275816488,76.67556770001825,76.70202404077214,76.65484851524046,76.61071849293278,76.50938789787047,76.49340319124414,76.39984212373116,76.4003527860534,76.4049373315164,76.40145509175005,76.43822670561211,76.44629273938831,76.4670099220297,76.50477659953461,76.53388542870508,76.49116191636361,76.3755031285484,76.35305844687656,76.20891931023112,75.93931208889342,75.83077865033259,75.61364320742786,75.40572554093609,75.19623982620804,74.9562553353333,74.78468967984102,74.61154081910128,74.46057432959279,74.32334241059237,74.21123424516497,74.10390807527723,73.99200150919226,73.84618093683815,73.81142015822573,73.78469070645453,73.60432550720515,73.53614207689671,73.51599633416849,73.38111213346191,73.22462387969148,73.06386512983863,72.89608064204648,72.73812333991076,72.59532813425743,72.4878322813197,72.36384246135925,72.24279157318855,72.11091005878102,72.00533128784333,71.83590467098009,71.76146756363295,71.66787141441442,71.51426732956857,71.58157548585301,71.6278852754334,71.70736872645016,71.8596859637107,72.05223416511878,72.39278596655694,72.57477814876499,72.91684694657887,73.12801217844822,73.24115221967,73.37121186741612,73.46781467446208,73.52790036640218,73.54379453686629,73.4031220200504,73.47713378257393,73.35627605957067,73.41209163454508,73.41429296826215,73.44116604474284,73.47042082775208,73.48529512813796,73.49441154335646,73.50406118174057,73.45812832633817,73.52055170387793,73.59038743363026,73.66630687727796,73.65879451160563,73.48687661945634,73.37130971857371,73.25164067394748,72.96494125735441,72.71917241075413,72.4576816450056,72.21329669183388,71.90572918845959,71.67670364038345,71.45415384821538,71.28919022794852,71.1315960351361,71.04534961832286,70.97939673393847,70.91188203657428,70.81949408349006,70.62425902158823,70.53673772784154,70.3902596807954,70.30593994028814,70.14305542050856,69.96693338484222,69.79035249498813,69.62008604889073,69.45821607448576,69.33531695948425,69.15512310969365,68.95406284496102,68.82412466966902,68.66600201885154,68.52140810641552,68.45194322809989,68.37356187199775,68.27473792861659,68.16572781935275,67.92689443227947,67.92798520340106,67.84806375624773,67.70764844145899,67.5923308314901,67.50542832106936,67.36892184534204,67.2890585846673,67.20877172062272,67.10639008437377,66.96954992997054,66.81068964180108,66.64868987508306,66.45656317735647,66.4498597708519,66.3437689434466,66.41188832863264,66.51782484573442,66.67697664461771,66.9278243069435,66.92629245087043,67.27301096446035,67.6133887255069,67.94219337811246,68.4403642756555,68.70865233218919,68.97147740643855,69.18765765774619,69.41310405393367,69.35681134583696,69.50609656318306,69.66221844914706,69.8276918411624,70.00316838938862,70.1892203584121,70.37663453080549,70.58815293638493,70.87039837874812,71.02699526978381,71.18708856652157,71.31500989483027,71.47863424330829,71.65707303589538,71.69371347645955,71.93805423123335,72.06586256348591,72.23229266983202,72.34252230839508,72.62626924138272,72.78908447849362,72.96032180402582,73.05932115994136,73.32506483031287,73.47462849685755,73.59802981609593,73.62737545235366,73.74281831651211,73.85997245132293,73.9817634324381,74.10316216163883,74.22224967298054,74.42885470370679,74.54767024558481,74.6869091518391,74.85273957973662,74.97192969367633,75.12487122902853,75.21442536427375,75.44337753529398,75.5814432742828,75.72493245400918,75.87508662855068,76.03222734803508,76.19290497665439,76.26766597991812,76.41798669756166,76.57704585670774,76.75549827196373,77.01145595243078,77.13881352057045,77.19569083573967,77.32628469621945,77.38922405243565,77.33272063144123,77.27302330329292,77.09412303567622,76.9842277644383,76.76609049926584,76.52328487139147,76.35479392917779,76.08050028081979,75.96519845189246,75.93527964430997,75.88255038766708,75.80816373802918,75.81092069543497,75.7784349965457,75.76535588741997,75.74359814553273,75.7131988093737,75.69786622253406,75.58671043829769,75.55775831030527,75.43033553992456,75.33134075812254,75.1440978701482,74.88240616305258,74.5842419450006,74.30723155351659,73.9533726715964,73.61076283661177,73.30041777152982,72.96886929688807,72.75360225802751,72.50886297111033,72.25870073419057,72.04857101036377,71.90464058021942,71.76460258365512,71.61837063823565,71.44968868636794,71.25019131972506,71.04913745381918,70.83480981668373,70.62957083953975,70.54976187547217,70.38919317212167,70.21520399088247,70.00535139885218,69.7841831277988,69.56484718516872,69.34073307255744,69.1369449675553,68.98910107890481,68.70402810824065,68.53984711183969,68.4150346052652,68.19438440253982,68.05748303138525,67.94909126282303,67.87894638793922,67.86224096889894,67.90485816743855,67.81799165689729,68.05564982392447,68.33815150823106,68.75910118443058,69.21577945641386,69.71117543538152,70.221031085383,70.6817308895953,71.11987361582712,71.53617056797226,71.94339284477968,72.3036397049632,72.66537504391124,73.0139191921556,73.35615523240106,73.6876164152197,74.04771197147018,74.39231727528694,74.8826529963658,75.20004104957805,75.3608864137629,75.65295804259405,75.93357098667866,76.31849259412618,76.55595478486212
53.972260093295596,54.13994709391688,54.25438222526118,54.31721680318558,54.34177580179593,54.39583737401369,54.46558977232353,54.55191442864913,54.633785008262116,54.65566019159332,54.70665171802592,54.76900138961621,54.833593128865274,54.88690571909158,54.916596191730086,55.00807902876921,55.012069852630276,54.998621245437654,54.91015965415299,54.91933477201949,55.02169085748187,55.029288043729274,55.059111619197985,55.120394374781945,55.046328974930205,55.10838674839871,55.1473020952677,55.14231119647349,55.2127499000205,55.24032773096019,55.2956529154813,55.29676712756251,55.290337467542464,55.28482836295499,55.298240452943574,55.33963894022888,55.4016441083653,55.482336310867844,55.57540371681409,55.66468627200358,55.75080151735429,55.833547413354246,55.88887191492355,56.03440062052062,55.98396354624211,56.06932322428435,56.15671272225114,56.27605565004269,56.2837180146553,56.31813814945156,56.2733005301826,56.28917024215682,56.29931772623304,56.285148508686625,56.258517764307996,56.334687755461104,56.315636826938984,56.325388745157376,56.34109457829016,56.48751664284057,56.568738083069015,56.78796325768268,57.02440242976414,57.29397061178667,57.636796734942294,57.82998719281198,58.220153182072146,58.63302557933279,59.049140965298626,59.4608628322157,59.810111066085994,60.275841382675246,60.678364616925066,60.98553323308178,61.55442778422793,61.88626388153232,62.20043166264897,62.3723240637997,62.687017003914285,62.99200205945998,63.2921826385227,63.5952416844765,63.90444416789508,64.2074781492074,64.47963459397032,64.79878518175697,65.15230676523966,65.44845835279921,65.74832936553393,66.04420966889165,66.32728765317955,66.66093767187104,66.98364657145763,67.0936987735944,67.420262191113,67.68771237195122,68.00765129448581,68.30016507269629,68.61443607435568,68.90703510865359,69.20579697613464,69.58413797078039,69.81415440804673,70.114578172363,70.38320453672698,70.62401775821807,70.86516136449579,71.1371821807816,71.38709768041436,71.64613956190875,71.93080468516861,72.20380874771338,72.48189797495998,72.70620168753446,72.98081882041589,73.14153268160214,73.37950715961031,73.61216598074927,73.83535410829128,74.05330775090455,74.27763115976055,74.53667741299829,74.72435797421268,74.99215095500249,75.16215684250716,75.35472988407702,75.56893610555534,75.71490554514756,75.79545694447658,75.99826092429382,76.18733937919524,76.36597444231295,76.48929428505966,76.66582490268961,76.80520461009495,77.01848339217436,77.13110778401004,77.42303699246781,77.55672802032059,77.71479285438686,77.78233395875543,77.99565102765385,78.0968815406994,78.1693946982768,78.24063559090327,78.30632693326169,78.2914191506527,78.19318085245857,78.05722737110037,77.8970005796985,77.61927718219171,77.50470618035015,77.336900026258,77.17817224694339,77.08461564038718,76.87246745167319,76.73053295613602,76.77050988201398,76.70924071532167,76.66680860168161,76.58949485156876,76.57147546705532,76.44699658810539,76.44908025726824,76.46259604434739,76.46150820593859,76.49914249588456,76.50915388415707,76.5313186478317,76.61613235330705,76.65039420382016,76.62203215273358,76.51283083887914,76.48553966299482,76.34575982594582,76.08759495596045,75.92178470651086,75.70905596769394,75.50554471879649,75.30000249455509,75.08007489243627,74.89443722373663,74.72147080470211,74.57014024618833,74.43249049509528,74.31937678442345,74.21145114619598,74.09944076527282,73.97774586173817,73.91601704550457,73.89291640960684,73.73576967261032,73.66840620183224,73.62248476061369,73.48934938445298,73.33421137360047,73.17415164758422,73.0079525179348,72.8517877037796,72.71061367678193,72.60546863715015,72.48227352477467,72.35535629363117,72.22251249638884,72.11724190550616,71.94941731463844,71.87077825527733,71.77723046857791,71.6508187631389,71.75366122334852,71.79656541300349,71.87333901629884,72.02114666020636,72.20998721978505,72.51120973611611,72.69459222437817,73.02135748051998,73.23565810518792,73.34513652227125,73.48125108854526,73.57117768441168,73.62954533127423,73.64388332081022,73.51438741330074,73.57315738346453,73.52143249132301,73.50512111259391,73.50556704743884,73.53117122301101,73.56011212572952,73.57261034735676,73.57961434225092,73.58842522078815,73.59694284119563,73.65973342517124,73.72917376421096,73.746681227666,73.73731111376871,73.62417227626632,73.51059641585714,73.39072956463595,73.10835409219159,72.8177563602841,72.56107548160273,72.32116445625591,72.01614246110896,71.78948310499771,71.56838060136351,71.40430601731708,71.24555532624522,71.15625801115885,71.08619310766488,71.01582738294199,70.92199479705323,70.78370349009921,70.66499630489061,70.52087971631967,70.41197838079124,70.2502338329529,70.0748205923215,69.89969935828921,69.73140561004506,69.57102285785477,69.45105932659706,69.27060402926887,69.07182624053138,68.94583847825905,68.77732110901117,68.63483272087693,68.56239097766996,68.48895423196876,68.38816016228976,68.27752198351779,68.09570592114262,68.03762614577057,67.96155542000427,67.81759225540692,67.70113444994708,67.615107061541,67.47850470881293,67.3982363935795,67.3175112103892,67.21533324002569,67.07966597131329,66.92245523403045,66.76208996967283,66.63468087761717,66.56754171928155,66.47642497451095,66.52350874390554,66.62886221511523,66.78736709257036,67.04305233677252,67.0831093289664,67.42274594199917,67.76174712074994,68.09954648723058,68.54145007865304,68.80454067806907,69.07309141058477,69.28612221677646,69.51700786217577,69.4944484727065,69.63743186886545,69.79307512214768,69.95873940674566,70.13286042406325,70.3158321230578,70.50057523891425,70.71762903034141,70.94006136511874,71.09391314033479,71.25154142105357,71.37254129192398,71.53247390628219,71.71410215370047,71.76590376574607,71.99168722724153,72.11956038062557,72.28312450204768,72.44124666169768,72.72679649649227,72.8365351724512,73.00524184167952,73.12218861479468,73.3659640941585,73.51667389721885,73.64018283403453,73.72282819519133,73.8389528839225,73.9566929237182,74.08060212688991,74.20629697300065,74.33054724439184,74.48647599485692,74.62951018531902,74.75195511347253,74.91137982726357,75.02982998598327,75.17672806431942,75.28558527067439,75.50090123429703,75.63750943823183,75.77956803434716,75.92786707644785,76.08293254323267,76.2416614724303,76.36474855257663,76.51325135101884,76.67131640703633,76.84941793786064,77.05248114049652,77.17906891578987,77.28861857308739,77.41810528919909,77.48157296081521,77.42963316155006,77.36999630934955,77.19603690816572,77.04025424861021,76.82870693332197,76.59369536512925,76.47356805758206,76.16064480262683,76.04535565347881,76.05740335929335,76.0026527810334,75.9338396707915,75.88795202758125,75.85404801318488,75.83999351351238,75.81891541809641,75.79095055057195,75.77605472939463,75.6935995148409,75.6388418315546,75.5665215689842,75.46431580260551,75.27989125425549,75.02685358150865,74.73547583548113,74.41287319486442,74.06547207137119,73.72884628050923,73.43910580430266,73.11440977275258,72.88051940605762,72.63752831649713,72.38803392390788,72.19989354160893,72.03032927392884,71.88750211722493,71.73869025801015,71.56857989782178,71.36914351713892,71.16789293578975,70.97595548207916,70.77431236399258,70.67039060639321,70.50945246266045,70.33650034602896,70.12831740493083,69.90780637258314,69.68790402318737,69.4639859186954,69.26112290333641,69.11797432770231,68.85070422932948,68.68422230424616,68.53752179540984,68.3173664433204,68.1896771534936,68.07941189045788,68.00601768988987,67.98445535698023,68.02394232441706,67.99564727246701,68.22544864668467,68.49959447742232,68.90892083531637,69.35773636148465,69.84762151339538,70.35286720197806,70.82077085629615,71.26739059538534,71.6795899758352,72.09330272552678,72.42824339451103,72.78446804509686,73.13134604904013,73.47273647568751,73.79770732840907,74.15823968386314,74.49981415650821,74.9407535915764,75.2518631471763,75.42065953504952,75.70974574940625,75.98835533115889,76.35734796272023,76.59266303892868
54.05909207393174,54.23691346078719,54.33160878189012,54.39710137620529,54.44317945820175,54.49928354249075,54.570028738650926,54.659277874751375,54.735636689153495,54.76181966827894,54.81562062495734,54.87956086832347,54.94593021678748,55.00076621326728,55.033181991938,55.07110497791444,55.0770611550337,55.06647895415361,55.034465583467814,55.04587796382885,55.12741417065788,55.131818187590945,55.15871263470337,55.21722959616334,55.114982788868595,55.17422284056062,55.212611514875185,55.21468771482153,55.28163664792461,55.30808471932776,55.36315513446135,55.36343121438069,55.35764045198783,55.35382227111547,55.368247391747644,55.408953727031125,55.469290852364466,55.5474661984124,55.682725105690565,55.77005071703569,55.85500607581009,55.93482656522404,55.98925592766399,56.119973778127616,56.056644849943815,56.12171829165289,56.20733842875726,56.32680321966064,56.33518367114752,56.372151092595075,56.36101374152593,56.40059611927492,56.41234274870591,56.4009552879534,56.37810027226762,56.45346843593951,56.386791309752006,56.398295477923284,56.47237325003983,56.55686485686263,56.64381318202286,56.86493867423106,57.10219741172448,57.36868488185119,57.70440561771828,57.94934871247457,58.32669515686278,58.73017169257599,59.13907378665175,59.54768688640857,59.88560284323937,60.33140520923877,60.733544578671186,61.05215121845531,61.58858988458552,61.91778347407634,62.23114399072745,62.444879661661375,62.75907891305382,63.06010602727596,63.35455668509797,63.65185688775388,63.9558966445805,64.254537348154,64.52248505730012,64.83709069185706,65.14671590374927,65.43850771264401,65.73421463134345,66.02660280581887,66.34064750740212,66.66675133959886,66.98090694050113,67.10416893664417,67.4248118850638,67.69005816175768,68.00681033060555,68.29695023837681,68.60565340518747,68.89668754978742,69.19266478394191,69.55702699473191,69.79282308984364,70.09284303046267,70.36135180618322,70.58012493190652,70.82287225026302,71.09275366708495,71.34189280678794,71.60022047145739,71.88280333173435,72.17929763096296,72.4547561397424,72.6805576874188,72.94927146497342,73.1205475047415,73.35890476190711,73.5918854618844,73.81562837952742,74.03439304714261,74.25943309428676,74.495911235673,74.69126336487994,74.96947478252972,75.14583641471435,75.33751656000207,75.54531662221045,75.69173392275862,75.75359381294398,75.95774065145183,76.145441293903,76.32301300824602,76.4435849132341,76.6173540019185,76.75761834890903,76.9963771035139,77.08477375520505,77.37558411256036,77.51843095017627,77.680325874765,77.73927267785078,77.96226940395805,78.0696315856614,78.12657546420787,78.1975200246203,78.25434699289826,78.24242031740773,78.12957654799642,78.0195800046628,77.86155357680222,77.62323884435293,77.5113283327636,77.35306134686769,77.2021304374656,77.12582189797642,76.91203156114489,76.77897915445898,76.82036965686382,76.74354000628504,76.69896037184509,76.64631662239186,76.62611696890468,76.48639858320502,76.48949176339582,76.51129045411325,76.51278968098777,76.55049789497465,76.56281522903303,76.5865091907522,76.70408607496174,76.74298785126408,76.72951390708923,76.63055667540716,76.59249143760545,76.45810578479647,76.21900925447328,76.00501342954905,75.79802687305349,75.59936047996656,75.39768539299311,75.19720365609129,74.99795488561264,74.82564835265973,74.67428343416253,74.53625819957459,74.42199755018655,74.31325551942037,74.200934539524,74.10316227776364,74.01505598948376,73.99267585558152,73.8602960901733,73.79327780593398,73.72061693383398,73.5896436710741,73.43677737685202,73.27852909065913,73.11476759120842,72.96074039160509,72.82110255591614,72.71709701215737,72.59442036450906,72.46210558837062,72.32882021425988,72.22284040795726,72.0582676250622,71.97527596010147,71.88184218969675,71.78335129767174,71.91194846138036,71.95353707106041,72.02866788726085,72.17316956768774,72.35941761591546,72.61969003736841,72.80466773405514,73.11168110034127,73.32765830078324,73.43501093177437,73.57496170974326,73.65956922485108,73.71658964039614,73.73001692078515,73.61672455021105,73.65755965471365,73.67192436587523,73.58778823289144,73.58643815908214,73.61023110825761,73.6383024191819,73.64915285539335,73.6551528298546,73.66379806568433,73.72206017600641,73.78332383832443,73.84993425757871,73.81729148180428,73.8060305573067,73.74662109223645,73.63441591593617,73.50976751893747,73.23679454443193,72.91060179427038,72.65883495541745,72.42246852565532,72.12154679640683,71.897107132629,71.6779857324996,71.51430241279637,71.35500131191468,71.26225282961708,71.18752224869868,71.11378453399979,71.01816910979794,70.9308271562049,70.7859708150185,70.64416520985846,70.50997915085148,70.3498212157618,70.17615574598997,70.00321813216217,69.83705080528499,69.6782753934864,69.55979413581042,69.3795165586885,69.1840905086882,69.0609005108785,68.88374474322629,68.74333654790327,68.66704789703061,68.5977010202801,68.49502036007999,68.3829650206866,68.25590329904752,68.14122931273869,68.06710484835013,67.92064461521312,67.80290688553207,67.71648957897531,67.5812170582602,67.50019221484803,67.41872557804783,67.31668133490354,67.18246852318143,67.02748839107859,66.86949984866214,66.80097286561723,66.67822068683553,66.60265521963288,66.6272100116086,66.73045007710647,66.8871539393774,67.14582560791409,67.23533948688025,67.56685686917153,67.9031600423796,68.24799821403867,68.6257595913175,68.88379655630065,69.15621939839708,69.36664251648452,69.601649131539,69.6230717641544,69.7603944094015,69.91541597209243,70.08086939333447,70.25318769336599,70.43261987582444,70.61403257375058,70.83358615004839,70.99669751432067,71.14769535035809,71.30253641753583,71.41731816543448,71.57334888837785,71.75745738252277,71.82687488839971,72.0325810542354,72.16091199279178,72.32182513690489,72.52331697896578,72.80079932874139,72.8707215806332,73.03723312053505,73.17288386175892,73.39290968410694,73.5445941595343,73.66881124492592,73.80025124167841,73.91779193521849,74.03676886349588,74.16286981430731,74.29235410987225,74.42103852564735,74.5316288762354,74.69527664706682,74.80418732712397,74.95654510811765,75.07508733385238,75.21589078377941,75.34499196931438,75.54464330490183,75.68025786584262,75.82121992094724,75.96795856474934,76.12111645297306,76.27791459565404,76.44563946106497,76.59247519773275,76.74901179990465,76.92487428857234,77.07949077326458,77.20571058519685,77.35877644907266,77.48303883172647,77.5444997065929,77.50009057028312,77.43974676912143,77.27699827417732,77.08541599953097,76.88166984631596,76.65561599232555,76.56788012949112,76.23428709687744,76.11871302871744,76.1540580767531,76.09574580984338,76.03658454554018,75.9557462866639,75.92106865258336,75.90602245691683,75.88554075576714,75.8597386432216,75.84508606006563,75.79136873978062,75.71212249970364,75.68098894907057,75.57130650769861,75.39048055970281,75.15086246256314,74.87104074855306,74.51345680803577,74.173854964606,73.84389677802636,73.57250607421635,73.25566668682306,73.00429086801276,72.76287043346811,72.51511819177951,72.34702742341774,72.15311455634357,72.00671186154717,71.85495626052915,71.68329800042721,71.48407386044309,71.28275971886329,71.1125508100792,70.91475436795918,70.7843278028697,70.62305731660354,70.45078965223851,70.24471636288362,70.02586824119089,69.8066347080934,69.58389124477796,69.38242574759914,69.24163479530473,68.99445900417167,68.82527866402836,68.65589280675437,68.4372446411475,68.31712318918555,68.20459270351265,68.12739644291828,68.10054891119009,68.13597563112646,68.16782398821367,68.38987959736397,68.65806759443237,69.05655780794324,69.4981401395087,69.98245337079331,70.48330673703423,70.95907969132891,71.41389082299723,71.81983783046906,72.23893846821625,72.54635589225141,72.896187417026,73.24079439295718,73.58065266220203,73.89860426047608,74.25803212300731,74.5950092986489,74.98266999199488,75.2869441706733,75.46730704699449,75.75316276486598,76.02985141169827,76.38057808353646,76.61467388648468
54.13543885426395,54.30594806877114,54.381130464398026,54.45095852112098,54.52041802337819,54.581699832276875,54.65377891558153,54.74137283609589,54.80994479226574,54.84426896556574,54.90216969425277,54.96873082132495,55.03713775113618,55.094139745749125,55.13039154233114,55.122949171442414,55.13128437723015,55.12408006413322,55.14329145918803,55.15602910994147,55.21382886767079,55.21582144429405,55.23818833121591,55.28829880365885,55.17524255429844,55.2303912107847,55.26782913853245,55.27792275751668,55.34080944957601,55.366334701572015,55.42018653243254,55.420389564765735,55.41589012161584,55.414235669552994,55.42994001720686,55.470061583359204,55.52865676923712,55.60402488266279,55.76992164140316,55.85479093188243,55.937534525928896,56.01326409840109,56.06601244811841,56.17018711257055,56.11769853529145,56.163533411976566,56.246672017292134,56.36449154402074,56.37511571733903,56.41452154828079,56.43730890382656,56.49189473212195,56.50431910179531,56.496203769662706,56.47849912118681,56.54519909374388,56.44747648391065,56.46120241033873,56.58374489964443,56.6151009522937,56.707760286448135,56.928490931891865,57.165509592824115,57.42901375943416,57.75687732908449,58.054843749829075,58.419361930585374,58.8123949207062,59.2129573513315,59.61789963504631,59.9471300108354,60.37144638921315,60.77272370589662,61.104188131445746,61.60273352442764,61.929839758921,62.24252558602286,62.49902449908142,62.811875903718125,63.108782537328416,63.39777475583745,63.68951336119268,63.98825062080996,64.28217832144544,64.54602644072874,64.85422280384446,65.12505693337644,65.41260847781777,65.70437858124944,65.99349909243098,66.32772086473864,66.64029470767609,66.94001398778127,67.09455575010554,67.40799812423263,67.67169867034747,67.98462571788981,68.27232451376166,68.5712329890446,68.86209428966689,69.15651710405697,69.4971525666026,69.74470781729082,70.04656316612835,70.31620731999809,70.52242875769458,70.76712607851945,71.03486281091384,71.2832978355072,71.54067427750921,71.82079536129943,72.13233513387765,72.40179677692417,72.63132311890716,72.88956360428605,73.0786188508831,73.31680875625555,73.54955665276863,73.77338374753356,73.99248349405872,74.21747869691862,74.43363660090445,74.63965668818015,74.91402316861667,75.09945389765905,75.2889695446077,75.48514664039,75.6347802839734,75.69816534753326,75.90329520494302,76.08962963872,76.26611486702568,76.38497968099576,76.55623770617177,76.69764467065457,76.95210490898505,77.02645331554028,77.29732064773292,77.45411775765099,77.62065488399422,77.68391313827198,77.90474772771205,78.01963072508919,78.07187393361788,78.14285363818914,78.18500568818082,78.17524557690396,78.05478680696233,77.97043733156609,77.81804582958374,77.6201177266291,77.51040594737742,77.3618573410842,77.21890664073675,77.1548460564262,76.94515121182161,76.82131091059681,76.85490032150992,76.76433663392103,76.71417155688111,76.68318780574195,76.66082234518086,76.51888115249342,76.52247023996473,76.55176070140865,76.55597551394143,76.59307687203321,76.60798400333458,76.63326557626677,76.76698927719491,76.80776668134615,76.80893647434972,76.72469323256871,76.66886933499592,76.54088075140413,76.32962780289017,76.08108644037215,75.88098367149222,75.6875251245626,75.48963905443125,75.30711449982422,75.09558722335238,74.9243449997568,74.77322102608935,74.63485018141097,74.51932172789469,74.40957800877992,74.29676972305239,74.22128929328316,74.10879722800995,74.08457403068157,73.97699563070164,73.90984257401193,73.81101584017222,73.68255281885217,73.53275415368931,73.37728422786034,73.21669275377916,73.06509036278602,72.92689975877421,72.82295235732539,72.7005425456981,72.56333544944825,72.43006808368786,72.32250168720661,72.16257413574507,72.07513480861041,71.9818602250914,71.91063297324197,72.05174882693842,72.09454391876999,72.16938489931093,72.31208210537066,72.49699861332587,72.71803102206101,72.90461010375593,73.18863668446875,73.40495381421742,73.51155606789818,73.65335036908151,73.73389380121506,73.78991497636943,73.80302431594286,73.70969471669575,73.73095389468288,73.80235801157508,73.66059760235059,73.65743003095517,73.6789415130944,73.7056534198288,73.71550265804073,73.72147485351957,73.73054640070164,73.8300433669678,73.88754427500001,73.94847890476686,73.87865330494336,73.86554311350196,73.8508208980884,73.73926851761863,73.60469447606538,73.34718614491567,72.99796405866711,72.75122238556514,72.51761248648035,72.22215521690813,71.99980630009888,71.78311034597522,71.6193626211467,71.46002639340189,71.36349178860924,71.28363940982129,71.20609446298646,71.10841464718622,71.06188858193815,70.89886459255602,70.7592535065188,70.60056724879807,70.44238037557827,70.27136212860154,70.10122247230441,69.93729361613617,69.78021325437977,69.66191715257145,69.48221657167205,69.29104394839018,69.16959336668842,68.98548262481208,68.84710436115355,68.76623031686835,68.70009135787167,68.59560562272225,68.48232874620818,68.40374470482233,68.23905336807147,68.16516763315573,68.01718004670897,67.89807310348125,67.81017419193729,67.67745694246683,67.59536686712846,67.51288890377258,67.41090762574355,67.27838302810162,67.12612708651744,66.97114593249792,66.95053952568898,66.78216609874167,66.72199728113459,66.7233827567368,66.82308839179753,66.97689019036885,67.23673655163546,67.37930540970085,67.70195425151688,68.03406368785582,68.38288468436906,68.69418837029701,68.9473289016226,69.22191869410399,69.43023134689928,69.6681415123659,69.73939371018629,69.87216829831141,70.02642744176555,70.1912132816125,70.36130284971266,70.53682048034447,70.71424571830278,70.93240165118704,71.04094204582191,71.18900452391398,71.34078790877955,71.4500684841653,71.60205245936665,71.78792755860262,71.8762152279327,72.06143712762497,72.19057254897231,72.3490465558097,72.5858786575852,72.84342741860172,72.8924545523222,73.0570989888316,73.2112207666728,73.40690074027616,73.55939825139738,73.68485490575749,73.85668520883043,73.97650359723593,74.09749712930788,74.22582700399428,74.3583331180673,74.4903033436232,74.5650012955994,74.74347844627671,74.84405288264324,74.98909802550631,75.1084015808846,75.2431724592028,75.39248692222456,75.57542336029051,75.71045622692418,75.85061926256263,75.99606302036901,76.1474691231217,76.30236096532178,76.50761198527037,76.65301471978827,76.80743112871605,76.97886375030042,77.0934393500746,77.2196497674953,77.40254449313731,77.51679763571957,77.57324728805803,77.53970114159883,77.47797691957477,77.33417869522471,77.12052631114808,76.92565096432301,76.7095656549458,76.63522860495105,76.3017381835954,76.18566534210514,76.22636738628067,76.16243667302088,76.11463755081137,76.01501479003404,75.98010672245113,75.96404793022143,75.94407575003567,75.92018041742445,75.90561143899029,75.87901903763,75.77811329477407,75.77175536491097,75.64950369776943,75.47360766861102,75.25190637276611,74.98819876597292,74.60936998666355,74.27869831580537,73.95596898615986,73.69985417174527,73.39148537878455,73.12492936299748,72.88490601733703,72.63979319272234,72.48854787889414,72.27294308381751,72.12230418941547,71.9673044216464,71.79400398968116,71.59512673326361,71.39387860629213,71.24362953458137,71.0497686618072,70.89212284134562,70.73054124045747,70.55863749168468,70.35503626521967,70.13871342649938,69.9212198715202,69.70049380795088,69.50082025942451,69.36030179953441,69.1343331069593,68.96223659382811,68.77034434030192,68.5540855945193,68.4399337155294,68.32479071974028,68.24330415178382,68.21078319067084,68.2412826463903,68.33001309603641,68.54486447949515,68.8097365656558,69.19869345141048,69.63386353536748,70.1127368142778,70.61027877748374,71.09357505796353,71.5550701005305,71.95307582222735,72.37584444365125,72.65569647810983,72.99847675202723,73.34009035355754,73.67753953871939,73.98819219728156,74.34461136070902,74.67524433593657,75.00927428885862,75.30630068952661,75.50069893016914,75.7830949170472,76.05793262977348,76.38909888055699,76.62281373179249
54.200449624920466,54.3480445803412,54.40467590177867,54.480047126231945,54.57294469004963,54.64172368336793,54.715032139521014,54.79599099093955,54.85462653856472,54.90075940858779,54.963489593323196,55.03336726931166,55.1036868119382,55.163372973645785,55.204599209757326,55.16438200075206,55.175443403941486,55.172043215264544,55.233455379022686,55.24638964188353,55.278005719994376,55.27873176364944,55.294983124604016,55.33066210219862,55.22756070333629,55.2775899029893,55.313718071180666,55.33247966479218,55.390841500003155,55.41563125855099,55.46742566032043,55.46822714902073,55.46557986472872,55.466483232587294,55.483683664651906,55.52330908365366,55.58009975644624,55.652418075708724,55.83581215728632,55.917268375049254,55.99605128201149,56.06669900116318,56.11759175482805,56.185723947955815,56.166939254431554,56.195538006570544,56.27560600063922,56.390239822485746,56.404422186903936,56.4461588472534,56.50132705350426,56.56017658311101,56.57219979525067,56.567694182871115,56.55639284026941,56.604995152531856,56.49835196785114,56.51466573471148,56.670896975005334,56.662943047053545,56.761165656721154,56.97941706210037,57.21519152698224,57.475751127556784,57.79511108507542,58.142399130177814,58.494879340601145,58.87682359944303,59.26808915470418,59.668585280635426,59.992869867206394,60.395629033511774,60.79547888475945,61.140200681470255,61.59809212507676,61.92362539907961,62.23576787500004,62.53213859770949,62.842572999394726,63.13528215115469,63.419328997863545,63.705915599225165,63.99932220095686,64.288236004803,64.5481166440634,64.84781085382865,65.0883884934055,65.37183988016929,65.65990709950292,65.94598649641932,66.28584857486271,66.57843014223666,66.85751239922955,67.06352715411091,67.36998167721846,67.6321698351158,67.9409575069296,68.22668106540314,68.51157200243395,68.80309656080567,69.09735843790088,69.404959550561,69.66857996549538,69.97450728578964,70.24818098415557,70.45197900572056,70.69892117303883,70.9645354304675,71.21233761277432,71.46856430067436,71.74591419462634,72.0634620225387,72.32372727877977,72.55830301376506,72.80299581833341,73.01653537560274,73.25357130418703,73.48536176390421,73.7091946419416,73.92877959346663,74.1534987006803,74.35257935407373,74.57107892000141,74.82826126451101,75.02394609587567,75.2099126502705,75.38993169643001,75.54572044221254,75.6303353249615,75.83608361947022,76.02109418818938,76.1965017142201,76.31466544214919,76.4836722751886,76.62643606929097,76.88811687011209,76.95720721991503,77.19764191900013,77.37015529908858,77.54131647762844,77.61725289278452,77.82853192248794,77.95123594157857,78.0063636424221,78.077772523,78.10475093293114,78.0985938096693,77.97933753434855,77.91581647055982,77.77224063030434,77.6106702464222,77.50288982226444,77.3641681178845,77.22932200997543,77.17161665843759,76.97240252894501,76.85793284015926,76.87720122698461,76.77767138407191,76.71926225589438,76.70344473890904,76.67909107898105,76.54527733943397,76.54889862250347,76.58474692682834,76.59174170184352,76.62766339621113,76.6453674363801,76.67227182985083,76.80886037919979,76.84688602393685,76.85992968674421,76.79514669981634,76.714842214046,76.59247886631003,76.41852431789516,76.1506253599052,75.95835411099584,75.77039095270084,75.5762140117787,75.40928029716083,75.18767879483924,75.01783228277593,74.86717015454278,74.72847109798508,74.61157450298825,74.50067542810424,74.3872332069645,74.33098601666536,74.19750099892968,74.16921592120988,74.08495916500281,74.01718619087598,73.89430446597126,73.76863465331411,73.62257396835565,73.47070382798489,73.31389489755881,73.16494657672126,73.02811027247017,72.92326962363823,72.80089963347748,72.65934186890547,72.52649097596644,72.41660063526422,72.26245538018068,72.17052893130912,72.07743822208221,72.03143182992451,72.1684411266726,72.21533249469107,72.29151961242363,72.43421169247097,72.61920347183204,72.80603684194107,72.9940247594406,73.25304311132832,73.46848569447367,73.57555255036159,73.71742370463134,73.79505591893836,73.8504030217956,73.86373448543517,73.79285919866922,73.79395340173386,73.90733975677023,73.72405382788426,73.71906639082107,73.73789825013316,73.76282683938996,73.77223976109197,73.779028260598,73.78903691011254,73.91751032173953,73.96869991917406,74.02085074408133,73.93128236233373,73.91643905363686,73.93439505348391,73.82340579298248,73.67600322223403,73.43965221559426,73.08009849942835,72.83850009116102,72.60699992517922,72.31818074516775,72.09781118422892,71.8838955461421,71.71966984912842,71.56072297196438,71.46013260304701,71.3747998438141,71.29309814314078,71.19312903468004,71.1735714283528,71.002880971834,70.86528195140775,70.68436767296016,70.52847411904527,70.36086302291008,70.1940260344134,70.03240602412414,69.87707601353402,69.75782414232731,69.57905994193912,69.39287485859592,69.27219964484989,69.08274445708373,68.94632093428696,68.86025456786966,68.79641436568342,68.69020305095157,68.57588497543155,68.5354882772952,68.33135697553493,68.25619936629163,68.107573075726,67.98705806903105,67.89675921899187,67.76762241021594,67.6842011690764,67.60047526773745,67.49848536928197,67.3678349286005,67.21870929391905,67.06725464162714,67.07848124216488,66.87964738022772,66.8339887613383,66.81241760428512,66.9072771192778,67.05712885087479,67.31637759920397,67.51132958251706,67.8246485945746,68.15089425463862,68.49954202405416,68.7476319722398,68.99604664877351,69.27124662193408,69.47790149804968,69.71759865499914,69.84012680080787,69.96993764911542,70.12329597395129,70.28690255226334,70.45435854551917,70.6256708002504,70.7984538555591,71.0104528894386,71.07343017909044,71.21850328506258,71.36701024759586,71.47152021692001,71.61937788901987,71.80630151818039,71.9135131678571,72.07895686282028,72.20919719815492,72.36544074016811,72.62610383132265,72.85006849490519,72.9025449368008,73.06564279480835,73.23701319537496,73.408936402784,73.56209514040152,73.68925367351682,73.88956624771055,74.01272896271026,74.13654968598013,74.26695118555013,74.40133317180427,74.5349838187944,74.58728120070599,74.77264612940407,74.8719988698802,75.00990118263701,75.13047257068098,75.25938616238376,75.4279115914358,75.59406101364522,75.7288721912855,75.8684972079464,76.01288237022078,76.16268059954403,76.31569720042963,76.54794125881354,76.69224980706734,76.84396922336289,77.008618062883,77.09528137026635,77.22179770138912,77.4169528524328,77.51632857855334,77.56533807910711,77.54764926933856,77.48666930807022,77.36913330240252,77.1463984774091,76.9613220134184,76.75606325495545,76.68052239972965,76.36330908280455,76.24660735813873,76.27950986199518,76.20900904197859,76.17187268834758,76.06646885504287,76.03177203049835,76.01467514601424,75.99512199239278,75.97289320328224,75.95828209061185,75.95555133290222,75.83732719678751,75.84225823346432,75.70493156478213,75.53540165534034,75.3336290359255,75.08829324037127,74.70100032438067,74.38017908947374,74.06511756190643,73.82038568736378,73.52071118832207,73.2424476101163,73.00365176341772,72.76189858165331,72.62303013114217,72.38976151270454,72.23435147362343,72.07587051721565,71.90085886108058,71.7024465192266,71.50139040132854,71.36822538948323,71.17822705590446,70.9943250982651,70.8324377407288,70.66060944654095,70.45976510444801,70.24668662138595,70.0318401451012,69.81383836535984,69.6162731978934,69.47419465821368,69.26936721188457,69.09431649628722,68.88107309705573,68.66795590193396,68.5582213095935,68.44016295689373,68.35396232124592,68.31541975456477,68.34018792903223,68.47770588783432,68.68632509661096,68.95076709748714,69.33200911481738,69.76177929394231,70.2355272648116,70.73065742051851,71.22043043251433,71.686512429469,72.07546466104218,72.499565022635,72.75398443201179,73.08927964242915,73.42706006049193,73.76103285201435,74.0643561246865,74.41549946877458,74.73786090259871,75.021438573405,75.31094927319394,75.52070516514475,75.79942803402369,76.0724723868611,76.38382627776399,76.61790897911445
54.25327357652956,54.36936647690027,54.409914148692934,54.49079134750129,54.604603269188395,54.68172219554636,54.755955640151576,54.82721000218473,54.875219698426484,54.934831508318624,55.002158380834224,55.075110389761285,55.14616724496279,55.207882628473286,55.25392725517819,55.196173857242165,55.21024211988963,55.210987047435594,55.30257258160806,55.314803267938984,55.319567807680556,55.32114901285987,55.33117760094746,55.34942134299852,55.27238966809861,55.31651696109279,55.351041417761046,55.37882177688116,55.43230599423452,55.4565279711228,55.50555106905061,55.5075289374487,55.5072030696287,55.51097963453816,55.529843669413474,55.56904280235506,55.623977711454806,55.69305148963997,55.88255391476802,55.9598187998576,56.033172890049975,56.09837879746542,56.14773152027693,56.177062666348256,56.20418165951072,56.21850149674999,56.29503289158197,56.405167254418366,56.42401111351635,56.46797232025754,56.55220922697875,56.60669516411942,56.61759837975104,56.616680323430664,56.61211658357911,56.63422500659058,56.54007738000978,56.55924164334935,56.72992416956547,56.701109259062044,56.80461555321833,57.01851409629175,57.252095768118004,57.50969086924038,57.820006101725596,58.20794167882303,58.54997322427134,58.92058606450608,59.30176669213611,59.69682802568246,60.020999710684606,60.40361725304802,60.80138700141775,61.15874557794591,61.57589910785539,61.9003330575656,62.21206228412393,62.541601979195235,62.84833522357118,63.136855430292066,63.41671155829865,63.69876809628355,63.98692748939461,64.27054533394805,64.52661356711128,64.81548881793061,65.0377692231209,65.3172811515475,65.60188607035472,65.88515298547529,66.21632804617629,66.48571497458903,66.74147220082175,67.0120565340092,67.31265326601479,67.5732568452968,67.8778389834547,68.1620220414531,68.43160850085431,68.72385171210941,69.01866637223458,69.28931373457193,69.56957873635251,69.8804465578101,70.16099748205545,70.36982544612269,70.61925585759495,70.88279734394534,71.13003698479153,71.38495386156289,71.65929325247744,71.97581595038243,72.22554598066407,72.46566279005438,72.69638084068252,72.9367760937499,73.17206885263685,73.4024920340421,73.62644271028033,73.8467931065903,74.07135642799918,74.25741987251496,74.48838555561244,74.72121518134608,74.92663623388474,75.10842375484005,75.2708429548627,75.43443582311775,75.55126752194573,75.75726492973607,75.94102471685433,76.11539524539731,76.23382905049884,76.40085396870803,76.54514503877765,76.80692013263959,76.87809622322861,77.08654908099369,77.27296713889844,77.44793880063997,77.54028949415407,77.7391505833221,77.8688523959028,77.93111812653575,78.00341277044312,78.01986420596218,78.01851369076266,77.90623422176111,77.85725065260401,77.72501775558439,77.59565282113411,77.4897307554973,77.36087378624546,77.23419769840027,77.17749633112493,76.99436163775678,76.88924955875609,76.88946232513989,76.78597888916624,76.71823361292664,76.71030524923675,76.68430149201285,76.56642018749002,76.56965984654057,76.61098927096697,76.62076424173785,76.65504143665935,76.67567275748799,76.7042119769799,76.83455451840456,76.86699909602781,76.88862069585187,76.84526537528268,76.73896469977831,76.62125987880411,76.4883515716048,76.21425180907333,76.03056593955012,75.84831026449751,75.65776079794458,75.50317392162697,75.27457415795652,75.10638173849975,74.95634795209679,74.81732560667763,74.69898106090767,74.58680459122293,74.47261188236689,74.43111155627888,74.2814275400896,74.24720651346942,74.18327756388432,74.11439434133602,73.97110579757397,73.8484469999868,73.70666908509433,73.55907465982982,73.40654091445919,73.2604179928097,73.12483908411814,73.01828376207995,72.89575119298283,72.75042083878371,72.6183237623894,72.50551214414008,72.35802989186266,72.26163245870252,72.16872982798954,72.14451590779419,72.26137887880405,72.31365880469978,72.39214213829248,72.53610514393772,72.72250545234371,72.88351164875576,73.07251712706922,73.30571925934596,73.51919499053528,73.62778099888347,73.76818835446409,73.84396008345576,73.89893545927623,73.91297640841388,73.86577928204588,73.84717147422815,73.98147592980835,73.77866151640532,73.77187096644302,73.78769713198565,73.810484389585,73.81994417033992,73.82826089844204,73.83963627818953,73.98354303299995,74.02636154200212,74.06794820415917,73.97569431922602,73.95930864899381,73.99864805095504,73.88871854818886,73.72866627446766,73.51600138038789,73.15726046250823,72.9209303913205,72.69103442820017,72.40983640374056,72.19135236184067,71.98048243735182,71.81540730350183,71.65718344885964,71.55233298784205,71.46125880345856,71.37513654770159,71.27270989774144,71.2664780301258,71.0972232871833,70.96138788963232,70.76200542166706,70.6086652528058,70.44508171166945,70.28194247418658,70.1226600107745,69.9691032439483,69.84791087052515,69.6704025432093,69.48977153826414,69.36900194452396,69.1757399433565,69.04117104096254,68.94943698072103,68.88695916465525,68.77909974550293,68.6639055237056,68.64809373153724,68.41839879889505,68.34065563962822,68.1921982280956,68.07028674741764,67.97684297870407,67.8521115102904,67.7671359393474,67.68195875011645,67.579887822255,67.45124966720476,67.30557298685532,67.15805239649677,67.18013063953443,66.97093395652148,66.93816726256613,66.8947051792485,66.98351621963666,67.12842292622527,67.38534118188693,67.62773449041774,67.93155040388407,68.25008794018795,68.59330635892633,68.78698595379407,69.03085873249205,69.30526050611583,69.51066575996465,69.7511342097813,69.92198352602476,70.0508865753337,70.20320801143386,70.36506868597063,70.52950743320139,70.69640769917476,70.86389616850794,71.06411722048426,71.09479713359426,71.2368542578642,71.38191778679594,71.48240133250209,71.62611844710891,71.81336809749641,71.93835709168505,72.08584167523136,72.21744108932735,72.37165967138624,72.643303893109,72.82346162124331,72.90180358335155,73.06366788670456,73.25007501370406,73.40001581174839,73.55369379414014,73.68294740519137,73.90005466292699,74.02757553082355,74.15474150784497,74.28670845188721,74.42139404521815,74.55484708777189,74.59915653931233,74.7830912242664,74.8884723786846,75.01981718271719,75.14200014684242,75.26534496511653,75.45110743897894,75.60137587814812,75.7362734287356,75.87558490585184,76.01911854121859,76.16744092810558,76.3186199199737,76.56528811594238,76.70939378353344,76.85849994360946,77.01497241300197,77.08597133317947,77.21306562558225,77.40527308819168,77.48766061412628,77.52930971327075,77.53128127494516,77.47366441835932,77.38521782001834,77.16384579226147,76.98935471967731,76.79562769431998,76.71043578318746,76.41931081452864,76.30193384131495,76.3187630665149,76.24202870019285,76.21292658926522,76.1108197990415,76.07667438443507,76.05850931688346,76.0392810743293,76.01849433089676,76.0037492393735,76.0199665501104,75.89027718576567,75.89666872579937,75.74580958459,75.58360914723092,75.40096470224468,75.17372858336067,74.78873541482,74.4784742501157,74.17139716226275,73.93333621154619,73.64218945512067,73.35685832847378,73.11912436702393,72.88127401348939,72.74904940326579,72.50351649935857,72.34292608696464,72.1807903230906,72.00402361012233,71.80617760195801,71.6054359072248,71.48537210868226,71.29900136061866,71.09148395007209,70.9292803239241,70.7572710989808,70.55939087307777,70.35013251872792,70.13867616046973,69.92396967415061,69.72875132208685,69.58353268916493,69.39860199313956,69.22073877404755,68.98827577801896,68.77892216188968,68.67209854844614,68.55086643272591,68.45959245606396,68.41472016201409,68.43301603787582,68.60639365550652,68.81018325224426,69.07732489632106,69.45318614726322,69.87876016011457,70.34788014335753,70.84130013121263,71.3358190866089,71.80380181129662,72.18316505684562,72.60564457597069,72.83893903388272,73.16653968056036,73.49952964341118,73.8287683488617,74.12498102855177,74.46821851901038,74.78020063286296,75.02003493687144,75.30190649113293,75.52719573249266,75.80204794386943,76.07334408443776,76.36567619913967,76.60078603271289
54.29305989971947,54.37629478493956,54.40483136646699,54.48988906272887,54.61954139367668,54.70446174312959,54.77933967855239,54.84028416281321,54.87872791018325,54.951244713344835,55.02253719657522,55.09802691970188,55.168868676606145,55.23171703499099,55.281657050775415,55.219095132311594,55.236384409796486,55.2415302005344,55.35188614734918,55.36321699532771,55.343570953472785,55.34785404492928,55.35266533523345,55.35394245324939,55.31018188070194,55.34787042901349,55.38056228321477,55.41741243401692,55.46577612729855,55.489578420145506,55.53524130954868,55.53887990035272,55.54125312461804,55.548139549725335,55.56878536682223,55.607609313903936,55.66064853172578,55.72633083654626,55.91259477476119,55.98532273260123,56.05274207736233,56.112731791936156,56.16092950941199,56.15556016446308,56.22924040267549,56.23319330383012,56.305845202903775,56.410393039181365,56.43479053085036,56.480871298037876,56.58909646066973,56.63428113456625,56.64417182475161,56.646877538435994,56.648839213427905,56.64184241044957,56.57331233882283,56.59548632856017,56.76290909036964,56.73031770623894,56.838696236316025,57.046579065901255,57.277074870150656,57.53162686750619,57.83246159506957,58.24739822106698,58.58136941895723,58.94081065161498,59.311287458993625,59.6997120726939,60.029696839602366,60.39507515873531,60.790024942029596,61.1583795302898,61.53738789408596,61.86115539739238,62.17260023985935,62.524794665188324,62.82632759973504,63.11075293627786,63.38741691988426,63.665869580191405,63.94930895919543,64.22767840156968,64.47983987386161,64.75694923517439,64.97425776180704,65.25001152380128,65.5314013780558,65.81208652729016,66.1255498832388,66.37248033565321,66.60680069443755,66.94214332729715,67.23797233887869,67.49700410962927,67.79746845754597,68.0803982586514,68.3367225095679,68.62912129465231,68.92432594321713,69.16027183189544,69.45512489986176,69.77046561243283,70.05868499853787,70.27701784903924,70.52912845596163,70.79067436954661,71.037420797761,71.29090628078494,71.56206595561518,71.87271224079691,72.1126365682479,72.35838239724485,72.57700533061048,72.84187372861665,73.07537806528619,73.30445336847107,73.52870229588669,73.75010750384408,73.97495042598926,74.15286968923542,74.39446804587526,74.60228690362494,74.81545327581445,74.9933607156561,75.1400590118225,75.31156212827791,75.46212571520304,75.66799817044338,75.85061099925811,76.02401715612545,76.14365735984933,76.30897904646923,76.45492407307403,76.71101684169082,76.79018108038028,76.97345588826545,77.16883145973318,77.34607827117466,77.45402049514607,77.6413344721968,77.77626056620167,77.84721092187418,77.9209104719087,77.93342042095725,77.93605511489778,77.83511288488417,77.79562467988737,77.67675814428546,77.5758218681668,77.47187954514881,77.3528544551441,77.23435485922981,77.17449620900906,77.01160466349859,76.91566568199698,76.89361212796803,76.79023971684144,76.71283148082742,76.70677973490024,76.6794085132925,76.58314274012496,76.58563684760456,76.6312278744194,76.6437191306684,76.6759949625287,76.69960719597658,76.72977004312943,76.84887460917935,76.87486576542314,76.9016763207345,76.87851612187796,76.75054965750756,76.63736118929282,76.54197192566734,76.27258740880148,76.09804690514068,75.92163536006886,75.734629945838,75.58826824674837,75.35661787058758,75.19026490371098,75.04097155132541,74.90161836486924,74.78176658709337,74.66822231196548,74.55319264036608,74.5205250204923,74.36083708933631,74.31915079376313,74.27104169815372,74.20055271020198,74.04204282132324,73.92254768439724,73.78547176814853,73.64268349219212,73.49479769639207,73.35161357045018,73.2171911808322,73.10822972363455,72.98535678934981,72.83686835112435,72.70580131425041,72.58961110584418,72.44941620428463,72.34861952129567,72.2558886901338,72.24865324692587,72.33604437982302,72.3928044411771,72.47324902761598,72.61775808756585,72.8044546957299,72.9502595942522,73.13969263260182,73.34748400694767,73.55802275138538,73.6690220331826,73.80665095665117,73.88151080020198,73.93639397141288,73.9515790640308,73.9280162527401,73.89122141052736,74.01949195301657,73.8249252748267,73.81636748558412,73.82893397126371,73.84928778213354,73.85919589157768,73.86962061440379,73.88271118920507,74.03063024882088,74.06434540284505,74.09526024169703,74.01240484087073,73.99474217085518,74.0457100236612,73.93755096429268,73.76784529265842,73.57805735815944,73.22970529386086,72.99877560515887,72.77011958199144,72.49733521518142,72.28066040975573,72.07301212395606,71.90675819102722,71.74950022534509,71.64025065790607,71.5432715415361,71.45255064990768,71.34755486183244,71.34332505354566,71.18109487293471,71.04670866629957,70.83410549324789,70.68351658350292,70.52444147763356,70.36528544732138,70.20832755761276,70.05653451862166,69.93257310261211,69.75660024920215,69.58192228635345,69.4602828648717,69.26467878694554,69.13183945483945,69.03409388610905,68.97201487572713,68.86258280711135,68.74666220637936,68.74260544787708,68.50043750191794,68.41899204503603,68.27143002964931,68.14818410387741,68.05102378963879,67.9313222914733,67.84461199659705,67.75781343108358,67.65558824139883,67.52905268644105,67.38705613889823,67.24376561755373,67.25672450773276,67.05629525285077,67.03407038714039,66.97063610662194,67.05230565296348,67.19132542175036,67.44421973095164,67.72484261849175,68.01927018498473,68.32808094196385,68.65951381481794,68.81314587160803,69.05267408751689,69.32501767087781,69.52953692267313,69.76986182705501,69.98167637584261,70.11219919048649,70.2633499969976,70.42284316341801,70.58390216517519,70.7462687632086,70.90782305743075,71.08990289035376,71.10567812880139,71.24472006637899,71.38622487919103,71.4834397997151,71.62306740340506,71.80991613279105,71.95033538292873,72.0827929802682,72.21595937147737,72.3683553308701,72.6404569851948,72.77492084558362,72.89104134125712,73.05197761275943,73.25022008749873,73.38113810728726,73.53520318020675,73.66687595776861,73.89135456597846,74.02369313730922,74.15445566733719,74.28774029638048,74.42190955133583,74.55418125552524,74.60131525917556,74.77820196629558,74.89392049890625,75.01970862895432,75.14368415296994,75.2618619391953,75.46191592688479,75.59818756698128,75.73342760908342,75.87261350503208,76.01547346027633,76.16244015467174,76.31182574295012,76.5621574975697,76.70678048443077,76.8535406496084,77.00157871491393,77.06646373815374,77.19436477877859,77.3742554978379,77.44087688107874,77.47702286626541,77.49907679693747,77.44702666091185,77.38579348678343,77.17368154965267,77.01042080917502,76.82877787500477,76.73155007399448,76.47005439879148,76.35203955613066,76.34902372977801,76.26759600009423,76.24231205519636,76.1487789393811,76.11542359197132,76.09615565541709,76.07715458733605,76.05760113036983,76.04266410971849,76.07128482053395,75.93747624173015,75.93914822344873,75.78027701258704,75.6258154546358,75.45877072311588,75.24690522291247,74.87296285161449,74.5737607622357,74.27486244422545,74.03800133293157,73.75489206092182,73.46817423717448,73.23134052346951,72.99775914314742,72.86538653801682,72.61415470013353,72.4481004022327,72.28219961512501,72.10365923230333,71.90646436508395,71.70615592723327,71.59410342607597,71.41096338631755,71.18414877321064,71.02160249654987,70.8491880311777,70.65440156361805,70.44939581140264,70.24190854925922,70.03093249146882,69.8382213910858,69.6885352102105,69.52107812491644,69.34072382975094,69.09214908419482,68.88705097288462,68.78167800915567,68.65705816498975,68.5604160609973,68.50894597216116,68.52009153174475,68.7115702675733,68.91236074992784,69.18557566855205,69.55890589784731,69.98167887876568,70.44685087087834,70.9390643746402,71.43591429187481,71.9025222474973,72.27233771956975,72.68962747446155,72.90827956364811,73.2282004587494,73.55532523196608,73.87838177603619,74.16795189473828,74.50029058322275,74.79960516095679,75.00593547049532,75.28018891280121,75.52004061278414,75.79084047465822,76.06042112398009,76.33556456866619,76.57227129685018
54.31901030274126,54.374979269833766,54.39709009315802,54.483798236688045,54.62184432780591,54.712698629244926,54.787970199838966,54.84045576207211,54.872144260727204,54.95475803136807,55.02898832432709,55.10620257854014,55.176212250940566,55.23930844974083,55.29201719353538,55.23391621735921,55.25457415838396,55.26429131444901,55.3836706567906,55.39442385275635,55.35576713208965,55.36391411786869,55.36545318438601,55.3536303074244,55.34138977326279,55.3723483506698,55.40304377248308,55.448714976432576,55.49182509422368,55.51533618647719,55.55717493274024,55.56286500803583,55.56822341799896,55.57837765246861,55.60087409220887,55.63935519274083,55.69047011472216,55.752661828517326,55.928375126915526,55.99665352593592,56.05859714331176,56.11417343425048,56.161658733829206,56.13240681417807,56.24194200722918,56.24038284912612,56.30893544738809,56.40703637613748,56.437668472580114,56.485765111339084,56.61112979099693,56.645768236947404,56.6555858035946,56.66202697708535,56.669803581012374,56.63725739861704,56.59871646272658,56.62395598265168,56.77649039010996,56.75128650650407,56.86399396639058,57.064409002364094,57.290981386999384,57.5423530053755,57.8333767811418,58.25694440999049,58.58592522149483,58.93468355482661,59.29396253772772,59.67432542860452,60.01713855229197,60.36966686148701,60.76096959275312,61.137659247919046,61.483791905090946,61.80728508157333,62.11857316867123,62.47927562040939,62.77410337552585,63.05515742067053,63.33087059779903,63.60814551330125,63.888739506343725,64.16261196614818,64.4103712405559,64.67717097121827,64.89891274874832,65.17111022877947,65.44953890685707,65.72787508955535,66.020240438615,66.24919747788098,66.46849503451475,66.85579233920853,67.14789954137729,67.40545617173142,67.70204369331474,67.98386351097142,68.23219985266672,68.52363182592144,68.81820912168958,69.02786417810614,69.33263672547827,69.65066022102074,69.94526963807799,70.17460598460846,70.42953729191262,70.68919232547069,70.93551389788496,71.1874848789506,71.45536572480205,71.75746121943207,71.99032374838403,72.24127874307817,72.4518477532869,72.73433673498853,72.96654908662474,73.19472605784544,73.4195190458412,73.64225241768574,73.86801841783533,74.04315635280591,74.29200855743083,74.48052764005487,74.6982602800912,74.87349007026033,75.00951817839807,75.1874306325166,75.36407368145053,75.56944237629486,75.75104280994388,75.92358914197264,76.04533722400508,76.20924376821132,76.3569256661395,76.60280782028961,76.69452254626941,76.86156435692683,77.06100397858945,77.23905903873437,77.35944344852614,77.536757461205,77.67518808239686,77.75571556435254,77.83140171878699,77.845599324662,77.85171382033175,77.76559367125304,77.73182335459855,77.62784273526917,77.55193380492219,77.45028698929164,77.34099023355732,77.23061464568272,77.16463061079608,77.02470773141206,76.93758582549168,76.89157912426063,76.79143041445018,76.7047385525416,76.69585765534337,76.66727464378889,76.5962780408021,76.59771256122399,76.64620287778025,76.66128236567899,76.69130794297011,76.71787798116435,76.74963005377495,76.85509062466636,76.87652896279377,76.90559987646012,76.89830984116725,76.75832196454918,76.65023789106375,76.5822221185473,76.32625378001475,76.16122475575331,75.99071853953117,75.80717198836818,75.664169105518,75.43415449061578,75.2697533151922,75.12125808480262,74.98155402994058,74.86015626698571,74.74518540416148,74.62926237206864,74.59828701234537,74.4359898845164,74.38565374839398,74.347342453206,74.2747469822838,74.10773852356184,73.99149453207231,73.85941428176153,73.72181709386881,73.57883213526921,73.43864226904158,73.30527154972643,73.19334245928609,73.0699759877141,72.91898039796884,72.78915850284315,72.66927241238649,72.5367328509403,72.43166424959348,72.33906845583535,72.3426118875431,72.39844340768794,72.45699248308648,72.53829332949904,72.68190860267424,72.86677963442679,73.0060848301776,73.19515670199849,73.3791562325594,73.58591002600727,73.7000562729779,73.83381814926385,73.90861257461182,73.96366024080709,73.98037143143775,73.97913139666628,73.92671650899307,74.02323591270596,73.86334971006126,73.85307967600757,73.86220458057906,73.87989872875528,73.89057493059819,73.90355525583539,73.91862832743166,74.06151034661924,74.0867518339319,74.10845583595277,74.04192959251839,74.02332989050332,74.07771089396661,73.9722404305047,73.7983549728052,73.62766186978139,73.2976883394403,73.07229805179139,72.84465897300127,72.5808902020453,72.36596590479567,72.16162571030644,71.99390571846492,71.83776570267821,71.7240433281507,71.62109331082817,71.52568142299783,71.41806155241498,71.40684905829282,71.25369906341909,71.12038162651652,70.90129288603188,70.75359091777958,70.59936560355625,70.44436860951527,70.28968064616457,70.13960941055326,70.01220660403533,69.83800893363724,69.66951540182255,69.54632500505411,69.34977069116604,69.21851094957677,69.11454161472017,69.05187061983897,68.94093933651183,68.82442683880177,68.82154210713448,68.57773174836953,68.49166417438555,68.34564300621854,68.22117510364664,68.11989997036103,68.00565280254764,67.91707015948091,67.82851339081276,67.72605988344972,67.60166942883598,67.4634967236198,67.32462072524501,67.31573440445891,67.13600069444337,67.12123573738316,67.04060101140037,67.11414537934765,67.24638934278008,67.49360567766544,67.79897676400515,68.08441880121488,68.38130961452833,68.69350051756132,68.82700728232982,69.06240164858667,69.33157544044853,69.53552777620405,69.77489515716289,70.01594337470851,70.15107744554807,70.30097620891092,70.45766310222501,70.61546392052081,70.7736684485009,70.92919581252305,71.08872087264547,71.10670838417974,71.2427633346672,71.38064587759229,71.4753635873626,71.61101802767965,71.79673446030459,71.94903642510016,72.07051219334085,72.20540719359269,72.35617970002576,72.62090157476642,72.71624481427233,72.87106905980013,73.03137532121211,73.23726228259765,73.35330242951846,73.50763226619476,73.64197918823608,73.86669111465827,74.00373865381003,74.13808677024838,74.2727373921394,74.40645626822486,74.53762790157411,74.59444530805281,74.7616720026893,74.888790320395,75.01043812455589,75.1362244326645,75.24975015641434,75.4601785171842,75.58531569332688,75.72110240213802,75.8603141542403,76.00264905430785,76.14836832510805,76.29601128835502,76.54171550100658,76.68704761666771,76.83173737465998,76.97216385407091,77.03771308452882,77.16660639968205,77.33068578770985,77.38603266412757,77.42014338089223,77.45920598470857,77.4143155823964,77.37407616274193,77.17671904353024,77.02519200798669,76.85603269897531,76.74775111527309,76.51585085561688,76.39731926708265,76.37266541270834,76.2883322611901,76.26296298814756,76.18105759341283,76.14862946081726,76.12821937420335,76.10934412290378,76.09083093180315,76.07567792609002,76.10964731957296,75.97943734470256,75.97295961705494,75.81321888708676,75.66607282601919,75.51019169939308,75.31009246293351,74.95407022839697,74.66621559033828,74.3755680647913,74.13473677731209,73.85919357939217,73.57640805532293,73.34031692806828,73.11119362554436,72.97249318777945,72.72162277138324,72.54994679222123,72.38023416917261,72.19992672312047,72.00345119223044,71.80369126460623,71.69345338589255,71.51298494336883,71.27286894412477,71.1099377651127,70.93692582530525,70.74528516857791,70.54482119228739,70.34171794310303,70.13477157446027,69.94465016397116,69.78942153917275,69.63583628140735,69.45349206603922,69.19288971658649,68.99240893341697,68.88707226879039,68.75889517143817,68.65665464080533,68.59835874414814,68.60173896946256,68.7912804991148,68.98999220907189,69.27168512057473,69.64584971566892,70.06740819477706,70.52949486833678,71.02080761587526,71.51688931993964,71.97825773955485,72.3391433591466,72.7470580889107,72.95972530123346,73.2722055693249,73.59227295580735,73.90750888031263,74.19115370910693,74.5092407235628,74.79395416722026,74.98001226551399,75.24681310765642,75.49910978659047,75.76569145446406,76.0335769069647,76.29440731032572,76.53319117578862
54.33158518097726,54.368386244262474,54.389716229389165,54.47539449956034,54.61430066582473,54.708799918782255,54.784297994153626,54.83167712647906,54.860579380503246,54.94936404775926,55.0253906735775,55.10332464772741,55.17231231511283,55.23497624288141,55.28922892815944,55.241407503783876,55.26551525037396,55.279889029067476,55.4001991114341,55.41119601534045,55.36163795790035,55.373963081268194,55.37468739533837,55.35588280687335,55.366465777897645,55.39064876998003,55.41924899050715,55.47319274436138,55.51102609003836,55.534354850975966,55.572030489550855,55.580069230801065,55.58860733807372,55.60210861708776,55.62647518090409,55.66462701330633,55.71380035790689,55.772450177642966,55.93204607766562,55.99625544242818,56.05388715143923,56.106079783599114,56.1531737935619,56.11337784427834,56.242822566039955,56.24083955395316,56.30519613781836,56.39621646464944,56.43355297237971,56.48356309090582,56.61746994350121,56.643951188040795,56.655214046479415,56.66545113167261,56.678019313041126,56.62911977667502,56.616949370157286,56.64520679793168,56.77742087196063,56.764733777777266,56.88109500381842,57.07280093711551,57.294667872583425,57.54266316586955,57.82365087597688,58.238256155921164,58.56445726064921,58.90258854497269,59.24969089465637,59.620183911863414,59.981788533007,60.32709563807491,60.7138748461197,61.09556021561661,61.41634456219286,61.73991477312183,62.0511724970244,62.40689836873091,62.69474897382987,62.97441638965924,63.25192613989386,63.53029736645862,63.80971092715646,64.07995174076832,64.32306453097621,64.58196966667,64.8127928232291,65.08165649833101,65.35738454100947,65.63360663996218,65.90710149932131,66.12594420542919,66.3389187804193,66.75507515800312,67.04445397215528,67.30068578866604,67.5937441479653,67.87451619323507,68.1211121595848,68.41057090494411,68.70323603581672,68.89868760031328,69.20760809253495,69.52583825625337,69.8240026370042,70.06363962296862,70.32148068922176,70.57937702991688,70.82534113136562,71.07575297666996,71.34032598080037,71.63279380420134,71.86200037440051,72.11699677263728,72.3239595293247,72.61620922862058,72.8479013255308,73.07587154650659,73.30145234169379,73.5256090682887,73.7526714172987,73.92961642500094,74.18237377329778,74.35968142024596,74.57975732563419,74.75380269443922,74.88488299495052,75.06655223809987,75.25827519740527,75.46275658199329,75.64350992345489,75.815332898507,75.94005549677071,76.10284439367341,76.2523023119335,76.48459963849724,76.59218137579529,76.75034360493063,76.94988636052085,77.12759151683714,77.2575559070598,77.42636140613841,77.56694151391808,77.65770558988618,77.73602260246824,77.75647671227195,77.7659855453219,77.6972967284032,77.66673147892617,77.57865246739703,77.52474504880219,77.4259038859986,77.32616123046209,77.22379821097752,77.14991385519204,77.03424696673893,76.95541460484992,76.88529180280945,76.79052752934497,76.69563752101406,76.68052847001005,76.65076238447095,76.60665913298483,76.60676992292738,76.65665442164429,76.67412994381358,76.70176434713441,76.7311923423696,76.76447603439188,76.85472888121778,76.87419967163571,76.90408528378889,76.90735425504042,76.76558244407245,76.66331768797008,76.61166082431576,76.37587254363815,76.22052723937368,76.05591210300062,75.87573745844423,75.73165447527767,75.50752857592443,75.34511850972612,75.19742468510243,75.05733725927234,74.93437528602516,74.81795068164051,74.70110796858106,74.66526240139824,74.5071461634765,74.44732036366486,74.41181129692214,74.33641316466317,74.16881589063273,74.05584536853895,73.92892889017662,73.79676223365693,73.65881112300244,73.52161304798273,73.38918517791487,73.27385692001863,73.14986835321136,72.99705297135854,72.86863019946136,72.74487095577709,72.62009836532324,72.51094077410099,72.4184227724146,72.42561373900445,72.454296421739,72.51044200122068,72.59072227240299,72.73137056198352,72.91222193022642,73.0507915082791,73.23851476121926,73.4015548146071,73.60379786338417,73.72166433798822,73.85069657037356,73.92616991211999,73.98161595006033,74.00018248978651,74.01868599973882,73.95427006798688,74.00558283409147,73.8944394290219,73.88253126547647,73.88810477254351,73.90297894116988,73.91466129319441,73.93051267008894,73.9477543771418,74.07888684698442,74.09755934450983,74.1128749138111,74.06478423941961,74.04566207922065,74.09675503606046,73.99497494107176,73.82248449965635,73.66673831584446,73.36146494520064,73.1417600503334,72.9150561876779,72.660714386887,72.44749942378202,72.24646430075464,72.07703309257522,71.92207228211652,71.80386871348772,71.69497936411618,71.59486984021085,71.48462759495109,71.45961350309706,71.31461812602784,71.18170748674449,70.96419259834825,70.81945106227874,70.67027737219148,70.51950561646564,70.36699125795545,70.21856749274225,70.08720714024197,69.91498447023419,69.75273918363007,69.62741096423235,69.43122535933325,69.30137029883355,69.19109649724089,69.1268155179307,69.01445643443935,68.89747123632185,68.88742204154651,68.65054020201589,68.55912761954723,68.41521168363474,68.28968471196166,68.18406983943578,68.0755010922964,67.98495124665457,67.89453270947804,67.79177600514387,67.66952533691631,67.53523271459197,67.40084414001757,67.3649303095669,67.21031970652705,67.1992009156167,67.10499051857879,67.16953535887856,67.29416769464453,67.53409145329564,67.8481211395897,68.12509963883336,68.40786897980522,68.6926168827853,68.82946574260767,69.06095035044001,69.32599113905653,69.52965111058633,69.76734785044754,70.02410696648361,70.166648690141,70.31581278034069,70.47034437239981,70.62582003112064,70.78059269589733,70.9305080672894,71.06683367210233,71.09852311919741,71.23164668678906,71.36589513481088,71.45890066424805,71.59076358970403,71.77461191627744,71.93406203397208,72.04970072985932,72.18643970466111,72.33578476025923,72.58793516196737,72.65854674458282,72.8426975882631,73.00266436030182,73.21123353645227,73.31750791855993,73.47199001969766,73.60919695358123,73.82915573507931,73.97029735759826,74.10798354359514,74.24430813318384,74.37845874211273,74.50962279507561,74.57923463370122,74.73705012037586,74.87355630799475,74.99285927730229,75.12032082952709,75.2298226885679,75.44579046065539,75.56357987036705,75.70006547770836,75.83941800222968,75.98134725022717,76.12591548527993,76.2718731751845,76.50710829917031,76.65281677365927,76.79570955254268,76.93032874984942,77.00067387164445,77.13070172699658,77.27994425027539,77.32967401379483,77.36480365148681,77.41552531272897,77.37850554692544,77.35230768004173,77.17377156784168,77.03434004218761,76.87791106819702,76.75987743982992,76.5570112050286,76.43816773866773,76.39103553559185,76.30528401523463,76.27672430089184,76.20836707848785,76.17690179868295,76.1553056858303,76.13645127252326,76.11880106529854,76.10344191293136,76.13691504391421,76.01667347470465,75.9997567183282,75.84521271142944,75.70499619052502,75.55668998494009,75.36540190266223,75.03244513880034,74.75601569892792,74.4735686809569,74.22480631250322,73.95634211021058,73.68157250202374,73.44607027613401,73.22141711559716,73.07163339334684,72.82586736946168,72.64853762972378,72.4750297610871,72.29298707807071,72.09728246702356,71.89818272259595,71.78302709748425,71.60423969102759,71.35819383925855,71.1948196361191,71.02105006353682,70.83252968046644,70.63675335425955,70.43828497363455,70.23553168027063,70.04800439982397,69.88641099387401,69.7419171505078,69.5582638866933,69.2906943761972,69.0950626419849,68.98839390441863,68.85653446982411,68.74852970024746,68.68322003711741,68.67828290985288,68.85090154239327,69.04614771365351,69.33261828594364,69.71069894982735,70.13282085303007,70.59286755669567,71.0833873199919,71.57491744243104,72.02659228895324,72.37974268550829,72.77348079012141,72.99099552656416,73.29649860461538,73.60819894458582,73.91379083564082,74.1926047878764,74.49416166984453,74.76546146659395,74.9431374131649,75.20279564515619,75.464273234483,75.72648671136076,75.99268483486827,76.24312034810045,76.48437207379057
54.33253249264294,54.3571657146002,54.382268759231835,54.464799611416105,54.59847456347442,54.694628357054654,54.77020504577436,54.81547824412804,54.84510589437963,54.936714636328496,55.01363095907566,55.091389124041086,55.1594104748754,55.221464937717286,55.276676977895065,55.242339382984404,55.26991157048839,55.288941984277805,55.40363929394734,55.41582747102156,55.363524074863285,55.37960020780316,55.381450966545586,55.36105555921366,55.38586232672306,55.40346973086259,55.42994104222818,55.49130907803653,55.52395230977105,55.547187994499886,55.58048653090614,55.59107753895154,55.60289827314457,55.61974711790251,55.64595396823854,55.68377135004096,55.73099715874295,55.78610159601286,55.92538361525826,55.985908417587844,56.04033088004066,56.09003922366597,56.13698000297348,56.097771607082954,56.23351645519739,56.23533283962642,56.29551978697796,56.379052504079965,56.423352063923254,56.47517456748275,56.60860486772749,56.631170627217216,56.64516238188173,56.65913503453226,56.67555462870475,56.62017932800463,56.62867067955125,56.659794966708,56.77185448755549,56.771377637978304,56.890585608975876,57.07255190159071,57.288986880821916,57.53335123200963,57.80418309560928,58.19838863398509,58.52234385581869,58.849714236701466,59.18400793919819,59.5433933607945,59.9250469493062,60.26797924758231,60.649539377046715,61.033438208808825,61.33627928671415,61.66023713505128,61.97158965138379,62.31391277961045,62.595473470207764,62.875380293583746,63.1563838199962,63.43725214954536,63.716738106467076,63.98430606076351,64.2227983649019,64.47711129341359,64.71695662453388,64.98272956430473,65.25602416476387,65.53036914620206,65.79063760441211,66.00663055298483,66.21897508816264,66.64218540512017,66.92973837420655,67.18482847933639,67.47472705976094,67.7544890610151,68.00429011166067,68.29101814204846,68.58074582680719,68.7725363578184,69.08077537943196,69.39713541712437,69.69620352647593,69.945168534258,70.2059569716628,70.46225430108451,70.70792734440516,70.95677389455315,71.21808014437265,71.50032898394961,71.72874063044084,71.98663655623511,72.19368481949127,72.48911781299459,72.72094929151191,72.9493003519031,73.17585052568806,73.40145807309754,73.63007583002319,73.81251762692968,74.06642048712652,74.23937665132016,74.46014969649492,74.63425008619451,74.76509342405907,74.9482067802755,75.1458940397843,75.34909982224133,75.5292021143343,75.70047012129662,75.82899903195073,75.99097718259465,76.14220650441546,76.35869528189963,76.48421832385723,76.6392117880989,76.83576860627875,77.01223750296164,77.14935542351257,77.3110881627888,77.45282743019496,77.55425453439031,77.63590921434266,77.66612837898268,77.67936602812539,77.62984220387001,77.60123385505892,77.52956827953062,77.49501201720878,77.3996810333424,77.30924755483535,77.21472670833288,77.13236026090289,77.04079849472085,76.96955663568139,76.87667865240618,76.7885076088785,76.68721107918964,76.66378163834415,76.63273423630746,76.61511906013651,76.61369186824327,76.66332264660622,76.68293786211602,76.70814814417253,76.74025750891073,76.77499201045569,76.84922110974408,76.86881388307071,76.8984617263913,76.9078771120333,76.77270369060034,76.67688677621709,76.63267629802249,76.42206532059674,76.2763821039875,76.11756835059346,75.94067688897533,75.79211223961305,75.57708468439692,75.41663202409538,75.26968848479876,75.12917271024517,75.00464882965211,74.88677495823211,74.76901632100991,74.7232669195925,74.5745661640632,74.50475562587873,74.46605066422941,74.38708751770463,74.22589790887871,74.11615801932403,73.99444785763704,73.8678056803535,73.73490155150361,73.60063486667248,73.46903705251168,73.35000805681618,73.22529345097729,73.07138206333487,72.94445127539872,72.81678162802588,72.69963128092712,72.58662322532312,72.49410528719187,72.49865877928102,72.50606068094378,72.55645640659152,72.63330689149777,72.76882013049122,72.94352288542191,73.08418378030389,73.26937223622421,73.41549863151674,73.6126273124993,73.73462684793243,73.85829285805163,73.93508731816128,73.99114278177423,74.0118412182289,74.04624134787213,73.97449538587038,73.98035475630547,73.91869903862155,73.905245981754,73.90723035976885,73.91919013109695,73.9320349851594,73.95094070451663,73.97045602260798,74.08491518389937,74.09921863957099,74.11096347435225,74.08148444682487,74.0623290082895,74.10489718319282,74.00779678737244,73.84140611069047,73.69723325097597,73.421290457096,73.20742391990021,72.98171481246956,72.73702079226146,72.52549154353636,72.32766899965227,72.15632352011845,72.0025123649175,71.87988452882874,71.76518495418154,71.66045687478555,71.54765061490279,71.50378031471844,71.36543662570288,71.23191601081723,71.02342962852617,70.88165982364346,70.73760006629308,70.59101012386998,70.44053137451101,70.29364833818772,70.15797047667915,69.9878827327125,69.83178193073469,69.70382334156741,69.50925249476232,69.38060227626899,69.26407486435775,69.19713869094228,69.083421201629,68.96606721428851,68.94253535357575,68.71912152662301,68.62183797239155,68.48051058772938,68.35413789405874,68.24413171542794,68.1412652095026,68.04869607677364,67.95634546725343,67.85320986321751,67.7330458532086,67.60260208538672,67.47266228231832,67.41144069953585,67.27952171432963,67.2675188622498,67.16419525315214,67.21897555164557,67.33521348267374,67.56626948910954,67.8758023984678,68.14431494110178,68.41160518647146,68.6640104652139,68.8214168090898,69.04922912781556,69.30932209093035,69.51291971584888,69.74833355725158,70.01025781412396,70.16166052181585,70.31070441440767,70.4638026864399,70.61771357729964,70.76970241118615,70.9146901580022,71.03082671302788,71.08175755332228,71.21203274680477,71.34268700365803,71.43477899917505,71.56309735924957,71.74433733694993,71.90587087382467,72.02106000523365,72.15971205367035,72.3078224929766,72.54402545182714,72.60532431883013,72.80673777592871,72.96664807826781,73.17344908206174,73.27475371452958,73.42928540830887,73.56946911079157,73.78097913332492,73.92550739390072,74.06621194847573,74.204513036816,74.34010241147143,74.47258403593933,74.5563711838779,74.70611486391874,74.84902294012444,74.96772149187693,75.09667318715869,75.20289260745015,75.41953871364161,75.53379971128388,75.67108450560345,75.81065619775339,75.95226997494812,76.09577168105285,76.24010802243475,76.46086184763418,76.60634824991921,76.74767196010357,76.87841728023326,76.95630059884029,77.08756199942603,77.22361277883496,77.27245350149104,77.3109570884985,77.36872568363727,77.34012655418744,77.3223297209815,77.16565241653446,77.03853663785301,76.89493188463533,76.76860393064602,76.59384646705047,76.47497973538265,76.40547854267967,76.31949002801309,76.28541931720538,76.2314187119573,76.20085041327845,76.17801980288604,76.15907762768535,76.14212886095777,76.12660729468574,76.1550948711636,76.04969761175798,76.02102612207095,75.8765398985197,75.74305831335455,75.59965713613683,75.41493578246353,75.10847517645759,74.84333805250918,74.56891894971899,74.30950305658631,74.04759896245424,73.78368029638136,73.54861726298053,73.32826926822274,73.16407660395502,72.9268351507227,72.74394528753398,72.56672216672224,72.38300129265089,72.1881025730893,71.98977110445477,71.86418325491664,71.68589629189736,71.44067283505593,71.27678161607564,71.10212632804601,70.9166230917927,70.72553699019645,70.53179027248714,70.33325756604557,70.14825085772512,69.97972289213668,69.83877695881897,69.65459419999866,69.38575976403008,69.19507869708657,69.08575549310872,68.95013307790052,68.83626274408304,68.76379141021123,68.75004791173933,68.89711996343318,69.08571023997091,69.37092599001977,69.7513207583485,70.17478985254543,70.63402435691772,71.12366095206418,71.60617193097653,72.04310989717632,72.3902964085868,72.76443994889684,72.9998096478341,73.2990894420821,73.60140073929531,73.89644810659468,74.17276762827848,74.45827975440505,74.7184327852524,74.89618300468535,75.14915309475819,75.4154024794268,75.67313240507391,75.93768097441016,76.18261960597252,76.4266403951184
54.323658489648324,54.341915371547366,54.374223203628,54.45206471341286,54.575882269091906,54.67201311676777,54.74751815406632,54.79312203094532,54.826274315425074,54.91801638304132,54.995082729738265,55.07194332599426,55.13904184045903,55.2003626443622,55.25614922401261,55.23748224635966,55.26846700344916,55.292068819968065,55.39599226270558,55.41013482220267,55.36174062881452,55.381127939112616,55.385628873449726,55.367960392720256,55.400031851855516,55.41150927723578,55.43588303258737,55.503527317691244,55.5311769484502,55.554389197907014,55.58322160773167,55.59647490279021,55.61158961151368,55.63170782923267,55.65967578954294,55.69713477738529,55.74241841469331,55.79402179571677,55.910138725537436,55.96733532954671,56.01946921357731,56.067463687245414,56.11444737558539,56.08450544735017,56.215752345885726,56.22463212746112,56.2807989076504,56.35666369379184,56.40797378088486,56.46150887181452,56.58716828564558,56.609474049001015,56.62719252083241,56.644797207372164,56.66424024855328,56.61042713340823,56.63454000934471,56.66827668128838,56.76192177834134,56.77193620502704,56.89305204223933,57.06445892722491,57.27479096563414,57.515211086816976,57.77587265607355,58.14462164484401,58.465216015531176,58.78164536217133,59.103190868484575,59.45116704873137,59.8500372535362,60.19385758956774,60.56963931574101,60.953488872441106,61.24482949997729,61.56944483037509,61.88101605821423,62.206768026365005,62.483584380004686,62.764906775081606,63.05004316203334,63.33389292017398,63.614076991462646,63.87977558908368,64.11427111730266,64.36625467132468,64.61246279194695,64.87540865854955,65.1465436623712,65.4192505759663,65.67144986621848,65.89027085139018,66.1064505125771,66.51932970863025,66.80586192978562,67.06002822596975,67.34714832937779,67.62591575531906,67.88246483813306,68.16590075577034,68.45192849505011,68.64840407983846,68.95215260074858,69.26503720964165,69.56289582437581,69.82024248861482,70.08396446300954,70.33884995717293,70.58429738320585,70.83161095321022,71.08976163628132,71.361559839934,71.5914815499528,71.85126512121033,72.06131417711241,72.35467422162446,72.58716609867031,72.81635022153465,73.04398769420874,73.27103577893142,73.50138642394998,73.6921259626752,73.94500437563998,74.11913411630324,74.33930005398942,74.51443305818012,74.64875964932232,74.83148794981798,75.02809398530474,75.22963113174183,75.40930915712529,75.58022250590956,75.71335468334965,75.87483839471412,76.02779073754475,76.22739773608266,76.37169414535452,76.52758706225376,76.71894071661464,76.89355879458664,77.03583955065005,77.19187958694795,77.33415240065729,77.44643593378024,77.5321976458005,77.57463011998966,77.59235100699948,77.56285024518894,77.53621528518543,77.48097111053154,77.46349112754385,77.37256922939581,77.29112931565406,77.20422129096735,77.1139841466347,77.04493844059947,76.98041653359589,76.8676681618425,76.78634720040337,76.68114192001316,76.64860661978963,76.61605270026733,76.62249086572047,76.61936133270018,76.66694769326077,76.68838211763021,76.71124330323536,76.74578071010616,76.78186200744193,76.83999904115576,76.86130672654309,76.88998464384937,76.90209689151422,76.7800297513846,76.69120423211912,76.6476543317974,76.46545373181557,76.32921709758052,76.17603958242601,76.00234081287059,75.84693551608726,75.64316737391655,75.48456539508257,75.33826661646567,75.19726504023977,75.07120208330696,74.95191504776585,74.8332743204617,74.77412483345059,74.6385101241231,74.55856452133855,74.51211205681528,74.42908545393333,74.27960756464273,74.17299030995454,74.056403448386,73.93523420275548,73.8072703126844,73.67581668450973,73.54493216063089,73.42203082066278,73.2965108461475,73.14226366593924,73.01685660194894,72.88537932114295,72.77545013124559,72.65888573376489,72.56626964748763,72.56318234342486,72.55411334198368,72.59626278565365,72.6675333022984,72.79611337909132,72.9631712178078,73.10612247527011,73.28738122370147,73.4218065617143,73.61333942233591,73.73972442252939,73.85761365036939,73.93626929817046,73.99312241855029,74.01617659591672,74.06137817631074,73.98800576100518,73.95926160329034,73.9366331457731,73.92174755260328,73.92017715486683,73.92919401025617,73.94327601228605,73.96528720647055,73.98709994810265,74.08131488161756,74.09313901998063,74.10366465889675,74.0925458799848,74.07392094899227,74.10418636203376,74.0127422075055,73.8562870882371,73.72109323131656,73.4774202210805,73.26955197960717,73.04503843382449,72.81002244072356,72.60017284088029,72.40538091135105,72.23196020785494,72.07917835233857,71.95224848908546,71.8319653338057,71.72278349996074,71.60752823773207,71.54145463337792,71.40839804098296,71.27349583401244,71.07962897489485,70.94078000851671,70.80175696861492,70.65919578742569,70.51057297735676,70.36509151988882,70.22489237879401,70.05705959479181,69.90683194209508,69.77584473622036,69.58406180076847,69.45639165554212,69.33379304675724,69.2631292598136,69.14812073881566,69.03048658805078,68.98875571332309,68.78373438595695,68.68025082478898,68.54191424433392,68.41495961517423,68.30068391690253,68.20334320294928,68.10874546849362,68.01442574431286,67.91083471440683,67.79265642023952,67.66594280957604,67.54030157259423,67.45745282973516,67.34387614307889,67.32640044573017,67.21860584011543,67.26296591773811,67.37007971219776,67.59073221637446,67.88670153793272,68.14607052262407,68.39761002337804,68.61780313397863,68.80375603842434,69.028146915452,69.28262562029853,69.48634638202067,69.71896592791765,69.97900092732354,70.13926031966099,70.28869518666657,70.44098532949046,70.59388786347425,70.74365708317801,70.88463722161819,70.98658977951396,71.05704690602244,71.1845841387745,71.31173583694488,71.40372656094709,71.52881260608753,71.70669955856239,71.86627985688345,71.98529143487383,72.12587938960814,72.2729448795839,72.49086839808876,72.55532436704512,72.76400047207953,72.92412982334925,73.12569201781112,73.22603895754527,73.38052739962185,73.5237355168546,73.72405107606906,73.87133462016811,74.01473031401859,74.15518879125135,74.29296869239099,74.427786393001,74.52654290634003,74.66946035489767,74.81621333728025,74.93570711983878,75.06598134916025,75.16977298485534,75.38294399993609,75.49679482925954,75.63492715563225,75.77475988956463,75.91611915538466,76.05862695829228,76.20141244910184,76.40477582024329,76.5495461395981,76.68952443231072,76.81805101807171,76.9055477654561,77.03809845567436,77.16263789870857,77.2144596646127,77.25823198063273,77.31942504687005,77.29968577368702,77.28598274141179,77.15317488355609,77.03845352105807,76.90761405025572,76.77460547070226,76.62666766170626,76.50815002172422,76.41733887822298,76.33198906531089,76.29087136086437,76.25092381117234,76.22108511231383,76.19696693795869,76.17782477988084,76.1614316488826,76.14582529579636,76.16619367892686,76.07902273588425,76.03825442308568,75.9074818612622,75.78073195970893,75.64048470936311,75.46079634270245,75.18254793500152,74.92835961558653,74.66167352807422,74.3901201276426,74.13422544520033,73.88274415750044,73.64797458392162,73.43158973833799,73.25109226884004,73.02447277152022,72.83624213844543,72.65544716193176,72.47013036235796,72.27605589405375,72.07859721343496,71.93861603031857,71.75993296272298,71.52085530796103,71.35635721148887,71.18072020100627,70.99805339506584,70.81151679297541,70.62241447129423,70.42799398893088,70.24535629675562,70.06957655178309,69.9273770194107,69.74331601952092,69.4782825810884,69.29252369722019,69.17926961192897,69.03984801342028,68.92007527707149,68.84033442257183,68.8173585339455,68.93604450523195,69.11355620636256,69.39154204847252,69.77036335214089,70.1916775339182,70.65009779919704,71.13848597716618,71.60682605720373,72.02339456570796,72.36702685196497,72.71640092960703,72.98495898782178,73.27997449012595,73.5733654010465,73.8584630359821,74.13424620638088,74.40549464117967,74.65718737511841,74.84002113131285,75.08688423876013,75.3529293864916,75.60641843249637,75.86961855983736,76.11382100792416,76.36082254403442
54.30676942390344,54.32323290580433,54.3650550835196,54.437240946708144,54.548040031014224,54.64278337062732,54.718064118394615,54.765871402857194,54.80463515670817,54.89447587386338,54.97111953398859,55.0465345688187,55.11274022039475,55.173230783459964,55.22925390300094,55.2276064853085,55.261885433978165,55.289888176026274,55.379244300771234,55.395913978023,55.356569049243575,55.37884383958794,55.3871059201513,55.375409135668036,55.40942678541151,55.41546545301801,55.437838066525934,55.510310803558674,55.53327320110425,55.55651204205547,55.58091427095306,55.596846292620214,55.61517474148338,55.63840542539799,55.66800598014794,55.70506386977983,55.74842202322097,55.79661648884442,55.88806239434699,55.9422590564366,55.99284303651047,56.03976510713186,56.08694592491906,56.07249670983829,56.191258909289175,56.209506838772406,56.26192601261906,56.330169233147764,56.38832615693866,56.44347533464581,56.55598925700743,56.580904053550086,56.60306616782758,56.624156171900204,56.64590689313016,56.59983861502882,56.63521697797399,56.67120813398068,56.74809625112834,56.76712759684324,56.88908056398517,57.04931904545334,57.2529326809392,57.48903661331288,57.73961877340422,58.08404793193798,58.39860065197822,58.70388196545988,59.01343684682169,59.35066534411964,59.759904821747796,60.106311261114385,60.475873145176244,60.85790880357272,61.143228623304736,61.468730522106625,61.78064314398062,62.091742305394995,62.366029520489064,62.64917719944892,62.93756378027374,63.22339041700434,63.503771326073256,63.76800181834956,63.999846530867444,64.2502147700722,64.50036996475279,64.76077301291431,65.03002891808241,65.30133889694625,65.54973785735386,65.77574465880963,65.9991315450418,66.388714696604,66.67493382114708,66.92842901079332,67.2131638574921,67.49092991715445,67.75636746824075,68.03614596464566,68.31797404093457,68.52528439559053,68.8217537710642,69.13002913981299,69.42510304858644,69.68991125617737,69.95650148703575,70.21018981638142,70.45547609396982,70.70132747325133,70.9565038772888,71.21797945341166,71.45116016638418,71.71194949490153,71.92713815551384,72.21449018802394,72.4480248611083,72.67835890290084,72.90713794364038,73.13557853260951,73.36775796702028,73.56870743632061,73.81898111556112,73.99847459822092,74.21707105943355,74.39395242304978,74.53449185433867,74.71548943750179,74.9060388106836,75.10550954519744,75.28502082637112,75.45581174791398,75.59430930477203,75.75562428977098,75.91020750528082,76.09300998663228,76.25566959518648,76.41488758321724,76.59969269227993,76.77211718919084,76.91800584123774,77.0696775344076,77.21222299473466,77.33532332397117,77.42602398823198,77.48205773048845,77.5054362202014,77.4959411402154,77.47250435840728,77.43316453150071,77.43082430047397,77.34542738748529,77.2726534784058,77.19308622557294,77.09676118839013,77.04723078483335,76.98839046948864,76.86008054271402,76.78497999425201,76.67907193894474,76.63797866281494,76.60357997223598,76.6296075932001,76.62466125182667,76.66826970220269,76.69113870740007,76.71183379347374,76.74846917527425,76.78577005082606,76.82849440636335,76.85261333149707,76.87990947574498,76.89223207285154,76.78790467367699,76.70652913199069,76.6589807177704,76.5066593982197,76.37945996813848,76.23167809861441,76.06107976303917,75.89751742226356,75.70612120236673,75.54919015947041,75.40337621267713,75.26181890663675,75.13426023243015,75.01362776407136,74.89416885804302,74.81966040949483,74.69923828150284,74.60935203634727,74.55204697636712,74.46472366759264,74.33056784426758,74.22690006595735,74.11522792666688,73.99933456966,73.87608429845666,73.74726746089331,73.61697548938663,73.4901601625425,73.36378010385766,73.20999377121305,73.08608105040571,72.95103892713823,72.84767344977226,72.72790242993128,72.63506950062224,72.62061976648799,72.59879800744994,72.63080203949609,72.69474387215273,72.81480403077693,72.97296078392687,73.11737963055275,73.29324042952028,73.42129748362571,73.60687524187716,73.73773768149795,73.84966558539826,73.93062035758223,73.98843654299004,74.01401760200181,74.06458330471084,73.9954144917529,73.94395390697392,73.94874635738942,73.93255970578747,73.9275409704493,73.93365229036719,73.94896438036744,73.97400002330285,73.9980528378983,74.0697934123957,74.08070974541765,74.09190880157098,74.09848420414984,74.08102817261138,74.0966715992533,74.01184743956966,73.86829471462592,73.7402648130068,73.53010958310819,73.32840654856952,73.10543063819091,72.87993235482818,72.67177389263534,72.47974114020258,72.30412636254495,72.15216264563725,72.0211183091696,71.8955757557701,71.78219068897516,71.66465808890092,71.5747415992966,71.44574624946723,71.30895722586465,71.13341563578349,70.9973744235415,70.86317136191094,70.72437626283026,70.57738804801834,70.43313661084463,70.2883686120337,70.12287093019167,69.97807751666986,69.84375774735231,69.65586298066688,69.5289232103121,69.40056737512586,69.32507634548462,69.20884214673441,69.09100117295759,69.02791248802457,68.84463744378368,68.73482176861002,68.59979717927982,68.47257484054438,68.3543247624245,68.26213312141938,68.16554024047016,68.06924762083038,67.9651238154481,67.84878248053577,67.72559286073187,67.60398843129225,67.50285848412713,67.40365241800264,67.37694869369852,67.26861290446358,67.30200641724551,67.39931938854667,67.60807206635772,67.88541798876253,68.13436790337406,68.37097458220924,68.56411310186908,68.77737898725954,68.99861264808794,69.24695905138961,69.45094389913062,69.68035861278831,69.93491410335797,70.10256716133243,70.25277873751544,70.40476046132103,70.55696071742075,70.70485824629436,70.84262952898622,70.93622113946137,71.0250263967658,71.14996348675852,71.27375598748264,71.36647131836777,71.4887025999893,71.66248741735521,71.81722632811596,71.94309643418993,72.08559686146228,72.23180390148721,72.43013061535828,72.50722152482304,72.71529652599814,72.87591294378534,73.06974612250715,73.17236278772495,73.32672496123004,73.47293602875779,73.66026047893573,73.80974453010346,73.95549675910698,74.09817141913113,74.23863493912067,74.37649157993744,74.49043774884466,74.62765898248179,74.77615453030148,74.89749740301663,75.02894515913279,75.13127689257772,75.33754886767304,75.4533848374762,75.59236109760384,75.73246022641659,75.87359671845063,76.0151713628637,76.1564830741819,76.3406085877071,76.48429944312547,76.62315850174248,76.75084292113682,76.84936987083155,76.98322233444547,77.09796613521621,77.15578104055633,77.20625661659486,77.26824135186394,77.25769037492898,77.24510719718313,77.13715226285407,77.03476241787807,76.91647646702357,76.77855694297955,76.6557858090198,76.5380733621893,76.42796098647297,76.34381989291332,76.2949037556451,76.26759369348413,76.23821570349918,76.21275230363636,76.19329432060044,76.17732675917483,76.16174714070644,76.17221834480985,76.10516182710506,76.05292821617483,75.93832001256165,75.81848989478937,75.68056426099879,75.5050858237439,75.25505100806508,75.0112573526645,74.75188707301929,74.46795064375357,74.21748286752604,73.97877680448548,73.74415893427111,73.53121818085988,73.33394983723791,73.11872688820813,72.92550055525172,72.74134052256939,72.55453528268882,72.36128681354293,72.16480185278883,72.00801959581874,71.82833023961295,71.59929063441784,71.4340799288653,71.25739726459108,71.0773085827949,70.89503745547376,70.7103382016892,70.51978570607224,70.33928747599639,70.15619129063558,70.0090192972573,69.82556757186593,69.56845952837529,69.38746424088396,69.26904883794772,69.12583629413635,69.00018880397221,68.91311063334152,68.88053933529503,68.97003253751137,69.13346524709077,69.39939901009126,69.7716797348834,70.18684469609173,70.64135621223717,71.12502066900525,71.57362158386633,71.96568176822848,72.31145292451274,72.63675759044592,72.94890677756725,73.24143329123382,73.52690192130736,73.80336607482455,74.07971695623493,74.33969170774294,74.58563791880995,74.77552388428468,75.01688566596579,75.27867659375991,75.52833982080227,75.79051300606422,76.03764047793753,76.287744924801
54.283671547318264,54.3017160080715,54.35423991984864,54.42037945245947,54.51646409757833,54.608768291338976,54.68366973812436,54.73498927578999,54.78073893129766,54.867299694760284,54.94311492024995,55.016710167746105,55.08203942321361,55.14163077565431,55.19759925134896,55.21348249122978,55.250870746797325,55.283018692340484,55.35538169120665,55.37496084762171,55.34829076563994,55.373045473620486,55.3857669107508,55.38221361633195,55.41449955950759,55.41603630212758,55.43656924898507,55.51212287587207,55.530814262761695,55.55411010780333,55.574243071495864,55.592776678744556,55.61414705135584,55.64025458071825,55.67130987538424,55.70790520166516,55.74936588178885,55.7942913874856,55.86090560753087,55.912402476389325,55.96199323330147,56.00835541611968,56.055845664495926,56.0606627393056,56.161764816591976,56.190726394875504,56.23979361466736,56.300688321510485,56.36531722575875,56.421983286721286,56.517896841565005,56.54750324102236,56.57454502736337,56.59893044982428,56.622385282978954,56.58838919500943,56.631361203875336,56.66914551709263,56.73084626503689,56.75766993134673,56.87925743458973,57.02792928771123,57.224264580656396,57.455621694518605,57.69632066363577,58.02012944506755,58.32563795314727,58.619685997448954,58.91843378337241,59.24638721456202,59.657649143581175,60.006921289562946,60.36994170493052,60.748875417983946,61.03271007801903,61.35928687325932,61.671662335147836,61.97211082322266,62.24569754480775,62.53015266742681,62.82016988682239,63.10668888773017,63.38674316516754,63.64988264482371,63.88026013037122,64.1296053864919,64.38173678223578,64.63990185924791,64.90756581614835,65.17772207683329,65.42570115043166,65.66193153340743,65.89480467693589,66.252546997112,66.5390632305455,66.79217481603436,67.07492954478008,67.35166518752877,67.62672913122252,67.90268098721022,68.18007246484967,68.40217093429159,68.68959290495816,68.9925967136462,69.2838487169904,69.55522460708393,69.82456636751523,70.07729969690934,70.3224883228993,70.56698677528652,70.81944028815752,71.07108090563966,71.30871351318278,71.56975670464739,71.79144730802132,72.07017744570686,72.30499869292805,72.5366641435014,72.76657537036769,72.99632268095105,73.23034522717536,73.44252805194897,73.68920638361286,73.87691888009896,74.09332537414335,74.27240899345742,74.42090022270668,74.59930493410135,74.78089229263801,74.97789409731098,75.15752689661494,75.32845954287801,75.47304975002237,75.63453112750433,75.7906093015831,75.95783501913436,76.13720542825244,76.30053150681144,76.47831453402607,76.64847448425294,76.79685184804124,76.94542386095951,77.08834578185686,77.22199024087843,77.31852433302733,77.38848681281941,77.41907974813367,77.42878282051593,77.41023153901304,77.38601110984638,77.39707135398476,77.31838969635807,77.2541146556744,77.18168563738121,77.08161320266473,77.04798243908098,76.99375477099855,76.85450311198453,76.78473878679041,76.68157798068964,76.63360417731764,76.59741280341939,76.63717152582366,76.63040114075628,76.6680156862479,76.6918825297132,76.71070358403858,76.74903013373341,76.78740016608351,76.81613893627733,76.84366882737692,76.86949166166012,76.8805011354136,76.79667250472917,76.72312055214617,76.66904124807141,76.5463039407341,76.42753846364701,76.28483619927493,76.11724427239024,75.94525107570512,75.76629072763075,75.61077785404152,75.4652344060071,75.32303896681682,75.19404846246206,75.07216992097813,74.95198682486037,74.86169791424767,74.75701087404897,74.65772315720783,74.58790692457237,74.49631885292594,74.37940173409613,74.2784451128594,74.1713535567228,74.06039354986399,73.94151040073221,73.81509615522204,73.68527202589296,73.55463103343932,73.42736078924347,73.27486837119767,73.15235949206276,73.01413533802173,72.9164197700008,72.79384744432723,72.70065849391602,72.67240638352247,72.64045827993364,72.66101506920778,72.71628096840864,72.82644533233069,72.974566988853,73.119462502069,73.28868048338737,73.41479027567696,73.59417582010639,73.72944724455697,73.8354553012095,73.91904500183139,73.97796683769506,74.00619321563593,74.05761555703155,73.9973348764751,73.93309066275222,73.95554328038344,73.93820616906967,73.92991761912796,73.93322668314967,73.94968009519647,73.97752700236568,74.00368137626744,74.05205824849058,74.06332007556097,74.07662623650141,74.0998150845706,74.08424095042912,74.08440192152149,74.00714872166368,73.87859627218647,73.75669455218733,73.57961388913319,73.38424994590265,73.1632950120171,72.94696355713022,72.7405252756231,72.55089079055848,72.3730051909488,72.22155764607102,72.08665170399277,71.95627147285617,71.83901941506768,71.71943779387136,71.60574635269555,71.47972512875484,71.34081045590848,71.18541460952135,71.0520058753608,70.92226652893495,70.78686520578111,70.64124856802131,70.49802318405432,70.34879494184538,70.18567261263165,70.04570695341774,69.90784497412426,69.7248657377728,69.598381714238,69.46471418015012,69.38326906889523,69.26587252612023,69.14788278435793,69.06183504491622,68.90208936386927,68.78600639572518,68.65453391839854,68.52740853540553,68.40565257055883,68.31803301369597,68.21952121135884,68.12128517697995,68.01655042307748,67.90184947662398,67.78189021242622,67.66394927885935,67.54753677015788,67.45911996432865,67.42033018441215,67.31460707119157,67.33659701025718,67.42348551705048,67.61888147032663,67.87487668997845,68.11245640860707,68.33590878544788,68.51051536234446,68.7431812122436,68.96153526046203,69.20337970843208,69.40772505720767,69.63362526220624,69.88132007423118,70.05405247356107,70.20524324506461,70.35725391758749,70.50888674863182,70.65515147131877,70.79042443780465,70.8805336366227,70.98633124502042,71.10883341481706,71.22946180808249,71.32374124024058,71.44356061072618,71.61248974956865,71.76064763248985,71.89517641859192,72.0395196182205,72.18505154009253,72.36347871824164,72.45969042775907,72.6614367869672,72.82280078781528,73.00739517495666,73.11472434518653,73.2688870607269,73.41801050348862,73.59149625754903,73.74270261740982,73.89046940262409,74.0352969430967,74.17867850590974,74.31996131042575,74.44874365914905,74.58128313584031,74.72987355002758,74.85377358323912,74.98626446067725,75.08821740241146,75.28489586498661,75.40438934911589,75.54415400132716,75.68448835706243,75.82540459105999,75.96609494063256,76.10601651667106,76.27011852073491,76.41249716093087,76.55046570097714,76.67840594720062,76.78872141430638,76.9238448744433,77.03054401367783,77.09650616671841,77.1546592850903,77.2157925480555,77.21464752741807,77.20154354414608,77.11839784837589,77.0281350543882,76.92203803690438,76.78113323045885,76.68151192901483,76.56514452127463,76.43868931168085,76.35602127660574,76.29933982532367,76.28213967624382,76.25285199454461,76.2259811125072,76.20608784133506,76.19043152193622,76.17502405385925,76.17517574641835,76.12862786544206,76.06653409614083,75.96933576532271,75.85680488379708,75.72128734742383,75.54990646595282,75.32637198928113,75.09220822824756,74.83961424155086,74.54428772300048,74.29863253850849,74.07179095644099,73.83718700934277,73.62699425070531,73.41391875838465,73.20954415714033,73.01179291074645,72.82453802448886,72.63637704914035,72.4439397151829,72.2485258257687,72.074088123546,71.89306865867576,71.67652819087034,71.51048327471149,71.332723100974,71.154876647489,70.97644367056884,70.79574209530543,70.60867747461533,70.43001115452839,70.23978642651652,70.08500575733304,69.90248708363939,69.65648730689395,69.47996692657603,69.35520574823329,69.20825493780167,69.07682482954453,68.98238160166254,68.93991487461149,68.99994366659182,69.14693792077063,69.39828942725678,69.75911753894162,70.16469958710528,70.6122232285177,71.08543739073245,71.51117563503504,71.88086713668883,72.23438551167943,72.54006126938168,72.89490185807902,73.18587135399862,73.46482353425175,73.73468006773986,74.01179707321084,74.26385442342973,74.50566919338729,74.70356335483827,74.94001753854913,75.19467883180744,75.4409781524029,75.7024111789741,75.95499393999476,76.20823394168046
54.256171111802836,54.277962369049234,54.34125323355707,54.401531371824376,54.482670717121216,54.57179705160845,54.64616181262072,54.70173856566996,54.7551361522622,54.83769443169765,54.91244243694566,54.98401743800828,55.04847325744669,55.107124041589074,55.16279350554557,55.195880655522345,55.2361268266285,55.27207900879869,55.32639071707423,55.349071340138046,55.337187207493095,55.364030405601646,55.381496649348776,55.38718566298692,55.41570260626024,55.41391986848288,55.43283968490597,55.50942687486463,55.52437332845091,55.54773697600865,55.56388656028571,55.58485103146628,55.60899992943334,55.637669969513205,55.66995281058251,55.70600534748184,55.74560788785996,55.78745220373001,55.83041935093297,55.879488467536724,55.92846068841159,55.974646547003296,56.0225166078374,56.04792088051037,56.12899873897838,56.16906021708557,56.2152942265788,56.26934015824274,56.33985502101923,56.397942058785596,56.47572009907025,56.51131421157577,56.54339080393598,56.57083856285231,56.5955061386432,56.57605429549305,56.62363230548503,56.66264502293207,56.71064017918749,56.74428132645735,56.86416891442939,57.00108668543379,57.18963921870487,57.41576021345541,57.64687754280277,57.95303533142463,58.247085537379995,58.529907092171015,58.81892090006245,59.138977097663656,59.545372838067365,59.89727648394706,60.25358386628486,60.628434359516845,60.91450728544256,61.242306546846535,61.555265058180765,61.848586201375376,62.12291522927391,62.40816931891543,62.69844110674262,62.98458356564699,63.26390579921878,63.52631580516641,63.75621425554019,64.00504031741956,64.2576218836803,64.51387442939925,64.78024024081998,65.04948808331878,65.29953931806531,65.54771103334798,65.79125639963854,66.11303323822482,66.40035934023551,66.6534096239201,66.93460129191791,67.21025520744956,67.49428095631707,67.76643304199992,68.0394137671845,68.27805732515874,68.55568401700991,68.85322543714909,69.14015634747032,69.41723231147274,69.68915742822178,69.94120541695602,70.18635891619648,70.42965217992594,70.67970428964988,70.92235727787512,71.16507862379626,71.42575377778654,71.65453218796058,71.92334772818708,72.15956070823188,72.39260369083591,72.62357407077522,72.8545045707752,73.0903029723564,73.31385381364342,73.55653585651817,73.75398774496308,73.96792565943475,74.14940358205679,74.30659493802486,74.48202813039119,74.65381820788504,74.8479438227851,75.0280171424,75.19938758636972,75.35076287290521,75.51275516765331,75.67014861999114,75.82417581917487,76.0173623794835,76.18393703310949,76.35509624149327,76.5231924716305,76.67337478374478,76.82005933513962,76.96382281264088,77.10749252798848,77.21073407363619,77.29395561809542,77.33331443396058,77.36116004160714,77.34905473934774,77.33921738892691,77.36210757510719,77.29124676128556,77.23535141320542,77.16991268190347,77.06830735750253,77.0472550371242,76.99669673256906,76.85073986544286,76.78551362196828,76.6880962937128,76.63493672727087,76.59723156527322,76.64521625158343,76.63673776799975,76.66662100552978,76.69112633013768,76.70853978781606,76.74814556769927,76.78743329145614,76.804364360928,76.8354083436269,76.85998664117668,76.86912255856879,76.80667729179297,76.74123756890002,76.68022171483034,76.58500898028392,76.47388033209185,76.33586618452388,76.17118487383293,75.99152959397507,75.82402050759198,75.66960001017753,75.52405836177856,75.38112988768447,75.25079196755141,75.12779832402511,75.0070151120203,74.9020616142315,74.81208813960815,74.70428287022314,74.62174340311839,74.52618770417668,74.42673222047128,74.32818327618763,74.22521260279713,74.11869791216449,74.00371551142281,73.87941172689487,73.74992675726396,73.61567838433733,73.48751246744054,73.33718345793457,73.21592679821377,73.07504344580349,72.98180762542485,72.85689490745777,72.7631902746894,72.71997752958033,72.67943776202598,72.68784277587773,72.73348695841396,72.83259053053517,72.9696652376601,73.11389931610634,73.27547574848495,73.40310381629403,73.57618220600672,73.71563373142531,73.81598943587454,73.9024477363527,73.96259498526685,73.99353241597092,74.04232904062293,73.99438021353336,73.925330371365,73.95752852166801,73.9392106702131,73.92790291351464,73.92857890032329,73.9460031625662,73.97631599101109,74.00435224748256,74.02981686215894,74.04235927008958,74.05874729781442,74.09705418649764,74.08414955372795,74.06942635550834,74.00068229188629,73.88835904324839,73.77232900499862,73.62618848510961,73.43734449072184,73.21903510470786,73.01132893993166,72.80665703860407,72.61897191276128,72.43878033811589,72.28745598453638,72.14900639036615,72.0143077378453,71.89361065147706,71.7722649781054,71.63657403379577,71.51257855644495,71.37156579367847,71.23625089443755,71.10523717061766,70.97946575244092,70.84697627197568,70.70242651889122,70.55999081251697,70.40656713367618,70.24582051583134,70.10990855129731,69.96838901569727,69.79127977540135,69.66495194097892,69.52654979251655,69.43799655098542,69.31949897770812,69.20140323760079,69.09235275123406,68.9563488099797,68.83426029800485,68.70649898752156,68.57988566499397,68.45526565987046,68.37144092856201,68.27112919981519,68.1710124929356,68.06558779403122,67.95228285103084,67.83517283823105,67.72041053574252,67.59136679527352,67.51054820728471,67.45771149612824,67.35697896529442,67.3672376568625,67.44313110303928,67.62375285954849,67.85643294524904,68.08197888804418,68.29401801294817,68.45776459206445,68.70205827002468,68.91782368731295,69.15294491565456,69.35770264628074,69.579879526514,69.81978695888931,69.99554185026793,70.1478579320155,70.30018532126661,70.45140225376316,70.59631004545963,70.72976264845737,70.82033907816928,70.94159667025421,71.06185654701027,71.17956765155563,71.27626429536903,71.39417990806953,71.55749539144311,71.69848111497268,71.84223280348988,71.98830280887056,72.13333977680593,72.29257932134489,72.41140571144851,72.60323210426927,72.76559670367831,72.94042295396638,73.05412277004784,73.20802266570588,73.35989879803462,73.51964732753301,73.67217437579029,73.82160636345311,73.96840138578932,74.1146767470075,74.25945729814288,74.40214858501017,74.53090520414241,74.67839742729792,74.80521690233492,74.93863909739466,75.04140758615084,75.22652754001099,75.3506279773608,75.4910735366112,75.63157543025532,75.77224470012666,75.91208773746433,76.05070939556546,76.19506399003618,76.33602829344382,76.47333756259314,76.6023530540351,76.7245568952203,76.86087731437172,76.96131805941347,77.03672358049542,77.10306827482442,77.16269658488136,77.17106440065893,77.15713223815116,77.09772493406908,77.01924315666372,76.92481766166892,76.78300761408755,76.7041555325807,76.5897514015653,76.4507967891885,76.3695655636749,76.30592578437361,76.29526275413546,76.26559987891888,76.23725654923497,76.21680623886651,76.2013632524338,76.18630725969795,76.17707276135815,76.14993383091698,76.08055864675961,76.00080942928892,75.89613616494162,75.7639715299953,75.5972091858651,75.3968726371552,75.17138125765246,74.92491096447024,74.62037718163914,74.3788836395458,74.1618149492545,73.92709521934498,73.71879317034005,73.49221362455692,73.29687984729762,73.09519315238043,72.90517552640982,72.71581665719692,72.52415898259972,72.32990993562682,72.13851578562911,71.95612875601988,71.75311735376262,71.586100755534,71.40726329232844,71.2312455816572,71.05608013113796,70.87880678377626,70.69471405170596,70.51749409143265,70.32058127724828,70.15663836461228,69.97521278144718,69.74256261764758,69.57009835279456,69.437852919854,69.28726096216917,69.1502048585479,69.04840888667724,68.99580971071855,69.02663358406076,69.1551908735671,69.38983785563622,69.73584347128583,70.12962683311785,70.56740856934033,71.02604886319854,71.4298604875801,71.78362065423833,72.14746439905304,72.44025250472545,72.82607338801252,73.11564699914871,73.38977165630676,73.65527719927817,73.93258602935138,74.17954195688753,74.4185349651765,74.62501163421102,74.85713997395135,75.10297083120997,75.3464150097096,75.6073599444505,75.86679731807808,76.12311599893515
54.22607436926717,54.252569679437954,54.325570545586885,54.38074784596036,54.44817613797984,54.53369882414144,54.607367141248794,54.66738218842343,54.72837733267045,54.806866670641064,54.880475632499,54.95000369483694,55.01357553162503,55.071272001907985,55.12644490207969,55.17557136958503,55.21835755819365,55.25768776528898,55.2942576614364,55.32004136471119,55.32353980429254,55.352096199922784,55.374179940045714,55.38913710390786,55.41348835778597,55.40981419600226,55.42741247922985,55.50268614076953,55.51452359320043,55.53794622752954,55.55052328824817,55.57365432108847,55.60022676401812,55.63106626610262,55.66430012107347,55.69971088167041,55.73750593889725,55.7765046496674,55.798354610397254,55.845239908010576,55.89378628630207,55.94005043257708,55.98832876846495,56.033188478210896,56.094689347632645,56.14527772671781,56.189320361136744,56.23724394270727,56.312847576394255,56.37226098158341,56.43228808927516,56.47437956536824,56.51136520204149,56.541599032692126,56.56710018066636,56.562809338622685,56.61268990123936,56.65226284380678,56.68794635270051,56.72767990009487,56.84440126388056,56.96958827005624,57.14990914900385,57.37024605314456,57.592188626939716,57.88281548157143,58.16359775759417,58.435275289452925,58.71546878149317,59.02877758996963,59.42483793954308,59.77897241515313,60.1285692620676,60.498575905848725,60.789853666897855,61.11898220588167,61.43264273954429,61.72179886048903,61.99796913899809,62.28355987866686,62.572957065097654,62.857869684050215,63.13617251870025,63.39819903603804,63.62841124610072,63.87713335969091,64.12908390837079,64.38376995521719,64.64913807634822,64.91772488409403,65.17145193286824,65.43196271679558,65.68627320452883,65.97238004801311,66.26093133247159,66.51427741667776,66.79433499958176,67.06883361792433,67.35975407276321,67.62832934755055,67.89718794832818,68.15193719740897,68.42004112179872,68.71240081632948,68.99504945790882,69.27698413948205,69.55127299292917,69.80293279472075,70.04811272006363,70.29038700777967,70.53842930252836,70.7733016513752,71.02119253167247,71.28100774165767,71.51668334865737,71.77561276897842,72.01318402112202,72.2475152924041,72.47940814124769,72.71136054890113,72.94878597050463,73.18295072548706,73.42182521099996,73.62920197583902,73.84073457662372,74.02453700150181,74.19018618389165,74.36275271714577,74.52598033314172,74.71681775194153,74.89767525560045,75.06977874998272,75.22853026067166,75.39130600636712,75.5497501177474,75.69389625868874,75.89698087697954,76.06468655849822,76.23029886540708,76.39674491312634,76.54836054640231,76.69426633818837,76.83950533940015,76.99238763684293,77.10290662429577,77.198420734013,77.2479046115317,77.29287513739446,77.28862293822525,77.29248973139997,77.3258081766757,77.26378712168412,77.21618865637654,77.15763745361305,77.05655196772436,77.04510042777633,76.99740153703715,76.8485822763113,76.78718424271007,76.69800719765094,76.64119829315241,76.60224097786394,76.65356216577672,76.64348590247123,76.66423497013473,76.68905085459505,76.705550619326,76.7461414642881,76.7863193692163,76.79430752329299,76.82868080068442,76.85261587246697,76.86030223713811,76.81825924795037,76.76112763816947,76.69477841701702,76.62335184945385,76.51888789566682,76.38510244725381,76.22323305088727,76.037594048065,75.87963045295251,75.7259212117259,75.58008045242059,75.43631324419268,75.30472340172764,75.18076057282713,75.05952322340156,74.94239341374902,74.8647229556345,74.74963294038884,74.65560791267895,74.55664691558819,74.47318228973585,74.37667238146892,74.27723732913303,74.17453442535853,74.06286652244026,73.94032313531058,73.81104467061374,73.67353716622054,73.54449470358458,73.39723502346511,73.27701784015242,73.13413814249344,73.04395554953803,72.91721894982786,72.82281849026278,72.76476853971364,72.7160800563181,72.71222606059487,72.74770420951658,72.83479287217295,72.95993093542197,73.10221829895227,73.25540058799531,73.3870569839029,73.55383544856146,73.69707776182186,73.7922746274647,73.88173306658092,73.943202668307,73.97686418215856,74.02057786283491,73.9871638012893,73.91933153355211,73.95520668815611,73.93609693698085,73.92209266622113,73.92037065360765,73.93851358826956,73.97081483659127,74.00043213581611,74.0047767256576,74.01921658868235,74.03920231963643,74.09071717518147,74.0813442537902,74.05379392788394,73.9944843612577,73.89873130869472,73.78901708928237,73.67007600241527,73.4879298946645,73.27298321219351,73.07322051366407,72.8703736573677,72.6841627339851,72.5016614600995,72.35000530756783,72.2083579620834,72.0699299896184,71.94628731579063,71.82352518786263,71.66930930258718,71.54654955419043,71.40373350870918,71.28654948886133,71.15763111595503,71.03519231518266,70.90502311711144,70.76119388215365,70.61927906923174,70.46208095297324,70.30367051351031,70.1708706092673,70.02567247123244,69.8553147968678,69.72881866419397,69.58639054291162,69.48954791269509,69.37000860223311,69.2518343480351,69.12129497421418,69.00767444588104,68.88003906731957,68.7560669124803,68.630431194546,68.50376234892438,68.42275491480056,68.32080502449482,68.2189036488713,68.11270918504553,68.00050804628295,67.88577871171834,67.77359862238862,67.63422766692024,67.55820657209865,67.490259207104,67.39611921176699,67.39442831715083,67.45880915184311,67.62327866529063,67.83138149050349,68.04437152978562,68.24642873974469,68.40548408268866,68.65490571725097,68.86838686337929,69.0967119972855,69.30188945637876,69.52023505605425,69.75175222489972,69.92883294756538,70.08237999309932,70.23527015197475,70.38624339687246,70.53010725592534,70.66238486132832,70.7564492712724,70.89145789193523,71.00969550739843,71.12478787071322,71.22476845255667,71.34135376179069,71.49829317921896,71.63266412053207,71.78496700429378,71.93260158240018,72.07732059303346,72.219099039274,72.36104201148659,72.54149332718696,72.70510403961357,72.87061323834311,72.99155720242683,73.14514074376045,73.29954076938326,73.44660260451175,73.60012529894793,73.7508657604773,73.89932076985025,74.04820701666316,74.19624125676582,74.35134047418528,74.47709757655723,74.62275319295182,74.75250860213276,74.88676891288588,74.99166051559007,75.16398644088032,75.2929203353931,75.43388737326497,75.57445259474848,75.71481897256453,75.85383979922447,75.99125832986122,76.1172033663203,76.25678184109384,76.39366561916877,76.52429719941232,76.657830812913,76.79523089293468,76.89123479774311,76.97652181928387,77.05111187450265,77.10957141039444,77.12744679001732,77.11367923601402,77.07590161795918,77.00868847543659,76.92526447534546,76.78463442746096,76.7239627174445,76.61214321182727,76.46466654247763,76.38470096935086,76.31526729521696,76.30739796562729,76.27689349405438,76.24703093367361,76.22592330602755,76.21064473610018,76.19616026100937,76.1796107429522,76.16952226024374,76.0961575468311,76.03285521236627,75.93657168424492,75.80892374519891,75.64741511177331,75.46661315234698,75.24883957076668,75.0078506721957,74.6967266725389,74.45874075892411,74.24901315329299,74.0140720619899,73.80679800595867,73.56938918693788,73.38085941080693,73.17583637503195,72.98339993221165,72.79301022555198,72.60208631113613,72.40909358438344,72.20299402192363,72.01949106775388,71.8296074995387,71.66146587783936,71.48158342082797,71.30690337780861,71.13429153005849,70.95971289873512,70.77794019448974,70.60170304579006,70.39879516065317,70.2252190840693,70.044882891895,69.82688216163938,69.65792511803775,69.51710292987818,69.36301138499175,69.22055039574163,69.11145404752781,69.04854840243974,69.05095798150585,69.1594407516451,69.37542607011196,69.70368477371748,70.08485466825628,70.5115125474111,70.9532918588519,71.34017443278213,71.68659902995974,72.0576410248282,72.34260044208735,72.74470816716565,73.03287053430952,73.30376268873182,73.56688997836372,73.84391581980003,74.0881878248127,74.32548879892688,74.54074081364031,74.7691130896137,75.00558732254322,75.24673197513371,75.50740616837682,75.77396653616965,76.03321750082742
54.19500216554696,54.22607479294714,54.30675935800434,54.35808271496909,54.41430734014408,54.49620068571077,54.56907201094659,54.63316042298131,54.70099811162596,54.77598337878526,54.848566541030074,54.91620874728615,54.97887973935672,55.03563607725486,55.09016167744014,55.153325024816695,55.19826682621468,55.24046360169936,55.260968807355496,55.28966683048036,55.30762998552777,55.33754041284516,55.3637022403205,55.386891113168666,55.40830424707889,55.40439759657368,55.42102540024551,55.49235890897515,55.501827115681905,55.52528204264974,55.534821284404536,55.55976585712451,55.58831727513554,55.620855115023105,55.654715106059,55.68936746095086,55.72541524917388,55.76184609384784,55.76634245008235,55.81127530295271,55.85944075595055,55.905889049312876,55.95455854587839,56.01548093814817,56.0604207592973,56.120114540292185,56.16275105504998,56.20551384849903,56.28520061256741,56.34584679959561,56.3904131368549,56.43871905344008,56.48020679364763,56.51291480587832,56.538992180710025,56.548629750080146,56.59919360957459,56.638555172024546,56.66323314469646,56.70858377017914,56.820540743319555,56.93423107301382,57.10592692547251,57.31987309660733,57.53315313208113,57.80951978607027,58.07582896670748,58.336520629121445,58.60864801226587,58.916131288024964,59.29780582709796,59.653604879094225,59.99666840713398,60.36129014356833,60.65998264370739,60.99050651337813,61.30498680570325,61.592379221199465,61.87114583909081,62.15665707143317,62.44429738695076,62.72734247623531,63.004456614085136,63.26643007409895,63.49755344177897,63.746498310141675,63.9971814955916,64.25066766855059,64.51534520698397,64.78352044685045,65.04163856745384,65.31356614191452,65.57764158298589,65.8327928948751,66.12286477876454,66.37682065017222,66.65612510593283,66.92940473448128,67.22385736936512,67.48927093898376,67.7545448888484,68.02284913861305,68.2826813856202,68.57059599723715,68.84951976717771,69.13547771356764,69.41182916726714,69.66338793653146,69.9086568654219,70.15015637983485,70.39666569472175,70.6253110311391,70.8779288906245,71.13651228947649,71.37816905143755,71.62844406777506,71.8672002502887,72.10260378655855,72.3352262563112,72.56800763348726,72.80683655111605,73.05006988164922,73.2858447594159,73.502151686847,73.71164568062275,73.89747997698815,74.07045577155382,74.24066518767525,74.39841815740752,74.5854615466104,74.76725399526433,74.94016508196351,75.10659130470084,75.27027342742777,75.42946041213645,75.56699232463384,75.77613581670474,75.94289694279891,76.10407915929898,76.2692947181178,76.42202362179174,76.56813641706691,76.71541648616743,76.87667780029689,76.9949295735774,77.10182795325883,77.16261039463613,77.22373044178342,77.2285851144595,77.24553449992317,77.28804837152471,77.23579931697023,77.19645129056545,77.14473004698321,77.0460553481509,77.04157045985062,76.99605436723981,76.84782181781219,76.78963039194034,76.71069101214079,76.65161085544018,76.6116457612582,76.6620295720701,76.65045730560648,76.66099488302956,76.68579620809071,76.70179654493823,76.74308049210684,76.78412116515842,76.78597628356233,76.82358804689841,76.84781394826712,76.85528939753227,76.83150389764734,76.78274217663113,76.7133198627062,76.661451040261,76.56269754921688,76.43270569465459,76.27356967814684,76.08376906540826,75.93333458354103,75.77998546790204,75.63357239175436,75.4888623543518,75.35609648340207,75.23127744721673,75.10970062856939,74.98310446872053,74.91507468495175,74.79414700565688,74.69114354352905,74.58978163565486,74.51934551466289,74.42445617569949,74.32785223378427,74.22818580731033,74.11912963301027,73.99794037846735,73.86873179196283,73.7284421737818,73.5985670183046,73.45531903866015,73.33586748796334,73.19179430378435,73.10298208762374,72.97499245753917,72.87969434308083,72.80818427008647,72.75072833228201,72.73510582266421,72.76027508906434,72.83460560402668,72.94703948721255,73.08594767689421,73.2302293651007,73.36746865692945,73.52807659675378,73.67455995546544,73.76531751405138,73.85780549795076,73.92067156941698,73.95701749335066,73.99421613101757,73.97629893810452,73.91375265005333,73.94908238676057,73.92938869713606,73.91308268985917,73.90926363542145,73.92779128497038,73.96147138531529,73.99228772559289,73.97864503330321,73.99527956857463,74.01891844380799,74.08131727225944,74.0764050969185,74.03941763378998,73.99014782535347,73.91023938566258,73.80735310757086,73.71141208622213,73.53613704539686,73.32525192037335,73.13278663666858,72.93184313310567,72.74668813301278,72.56189836621994,72.4094792746671,72.26494363795183,72.12333333325678,71.99722715071772,71.87341466851869,71.70506233682907,71.58326092764017,71.43948225709478,71.33689491956552,71.20973206424232,71.08986046905808,70.96131633030205,70.81782223203118,70.67612746110777,70.51573212591539,70.3595784793881,70.22878142628637,70.07997793928243,69.91718046782762,69.7901665327536,69.64455194010584,69.5382121189797,69.4176883780767,69.29944787884914,69.1504899707607,69.05632462282911,68.92379489292456,68.80360657444557,68.67946237470952,68.55173404780015,68.47237197491744,68.36898942349208,68.265432724961,68.15838785285663,68.046950504907,67.93404580646003,67.82373995924466,67.67599849254412,67.60236448399826,67.51913989559668,67.43241843560435,67.41866895121157,67.47107266879203,67.61805131882036,67.80101706167095,68.00107052193172,68.19426744087201,68.35329712587678,68.60261911057073,68.81413372339973,69.03573827755345,69.24129827753065,69.45580550116958,69.67865333982978,69.85572342156604,70.01056662304731,70.16422388932817,70.31514634201731,70.45831638992426,70.59003177680142,70.6896760231034,70.83655012953145,70.95301292004173,71.06583681836642,71.16998168060708,71.28587544166096,71.43567194913649,71.56513399413558,71.72408043641366,71.87307108672834,72.0176459380559,72.14470352729722,72.30727753816097,72.4770285465502,72.6421228059732,72.79973953473454,72.9280191757078,73.08124056495849,73.23786635436545,73.3742295210273,73.52850050950215,73.68018865045048,73.82988111326516,73.98084351984356,74.13157408499805,74.2970071752532,74.42043260030984,74.56396778397081,74.69632985290261,74.83135365670505,74.93978914438416,75.09881507884356,75.23208603637262,75.37336318109747,75.51385099929503,75.6538293352875,75.79204117177842,75.92835993855445,76.03829502029656,76.17664680431056,76.31334132383115,76.44585032018321,76.58949504605292,76.7278095672123,76.82121825875994,76.91598010373042,76.99844515572778,77.05689144542643,77.08409415996677,77.0720245555207,77.05319841680036,76.9966580338089,76.9235602401817,76.78602855814442,76.74109434977377,76.63244032940884,76.48007855489936,76.40123034578117,76.3270987394921,76.31869750250132,76.28693181531294,76.25550421059734,76.23363856986526,76.21847988886051,76.20476607332363,76.18306055857315,76.187506164529,76.11328835920358,76.06524549885273,75.97779122946248,75.85571955347524,75.7000574188515,75.5354585990497,75.32457098808227,75.08851951047933,74.77325965468675,74.5382022326516,74.33362002912992,74.09837678103327,73.89134960200688,73.64556374392917,73.46176428677644,73.25393706729669,73.05938016791839,72.86809516231654,72.6778404822398,72.48618117799758,72.26866327568372,72.0847548465266,71.9064683989111,71.73706212798244,71.55621608599569,71.3823203626094,71.21141457598942,71.03863917176687,70.85840118097411,70.6826059905874,70.47464724834283,70.29204948183134,70.11263542283422,69.9096425950344,69.74351379593163,69.59306892989632,69.43566511597614,69.28808326437776,69.17177862709768,69.09845550859875,69.07377255051456,69.16090420116966,69.35643584556655,69.66431239166582,70.0319547351091,70.44731777217578,70.8734967812108,71.24994006798192,71.59231264792464,71.96557130341968,72.24671878137453,72.6527313392891,72.93957107117133,73.20867095625358,73.4711357649915,73.74761620201303,73.99122554390163,74.22778425938783,74.4516229843635,74.6767970029774,74.90456303638295,75.14401063108653,75.40459671663646,75.67741751825162,75.93936485161963
54.163418228287014,54.19864164200338,54.28486997975567,54.33360151118117,54.38128533234745,54.459861179407184,54.53209281544959,54.599663746128684,54.67321922139114,54.74550939503361,54.817384891017575,54.88356454516435,54.94552589298077,55.00150601113573,55.05538897380771,55.12985432488156,55.176513000653586,55.2209917024974,55.22835164733123,55.259560176309094,55.289720590158055,55.320638655401176,55.35006268138271,55.37988116926515,55.400457265333536,55.39795157893556,55.41395855066592,55.47881726153173,55.48666603504342,55.510125293811,55.51721652665672,55.543604065309275,55.573658147759005,55.607392022944765,55.641539482463465,55.67531462484955,55.70967449390549,55.74381220647112,55.734923485281215,55.778147471531824,55.825979384402125,55.87257865735387,55.92158499565855,55.99462060120744,56.02663279174106,56.09387055343716,56.136023994700544,56.17481025927932,56.25749842416869,56.31927912196016,56.35174538033464,56.40538504455035,56.45079393291319,56.485721011618665,56.51234508179887,56.53349526217525,56.58373595174179,56.62206185475922,56.63696603748326,56.68771105194307,56.79317361312277,56.895812125741756,57.0585451020301,57.26543522686497,57.470670274261565,57.733198135483384,57.98443351763773,58.23437315100341,58.499029176981836,58.801380788374786,59.166037879821694,59.52276967168356,59.85965181633924,60.218567159264275,60.52612763719359,60.858072132349285,61.173488683122585,61.460957704142544,61.74273189466266,62.027793621966566,62.31304169736522,62.59379717549766,62.86967137584675,63.1319066560095,63.36434318230127,63.61374896560769,63.86297328462719,64.11564678184841,64.3799448230831,64.64795069786392,64.91029590352429,65.19147527459764,65.46348666824176,65.69583617738546,65.98723464461764,66.24168993287023,66.52042662634578,66.79250536407079,67.08694022886444,67.34968771379903,67.61198376231869,67.89050767097356,68.14367476655698,68.42805432204237,68.7040100395453,68.9931203706734,69.27114301746282,69.52281822856854,69.76823402969463,70.00923620700925,70.25472920004502,70.47877863891348,70.73550601665079,70.99254960736813,71.23906225247677,71.4822175444131,71.72193147833839,71.95816183255842,72.19132000891796,72.42474474041038,72.66474431218718,72.91536738939539,73.14884645313192,73.37283637400473,73.58072539307669,73.76827266679442,73.9472619364367,74.11566903817396,74.27131463482175,74.45403645893337,74.63679719563441,74.81053927999301,74.98478124520761,75.14946437897837,75.30911463463677,75.4429634302819,75.65473592367148,75.8187936074673,75.97657039665008,76.14093621550346,76.29448286138042,76.4416789045693,76.59149052660833,76.7603361518747,76.88668842900027,77.00412306851965,77.07719189706297,77.15352828867945,77.16859024686441,77.19805805715423,77.24870337248866,77.20707188656031,77.17596422114981,77.13106055648736,77.03652581360294,77.03671698216033,76.99284040601407,76.84824996316773,76.79273181258357,76.72552805681906,76.665396394612,76.62465063552253,76.67043877413012,76.65746373884139,76.65703804718119,76.68150249562996,76.69733798885099,76.73901913795358,76.78086448537624,76.77910836014941,76.8198486478044,76.84522564403171,76.85372118077493,76.84608713867513,76.80571963722974,76.73531967918,76.69915361225807,76.6052872247014,76.47873904023194,76.32230408225908,76.1300375896348,75.985318487719,75.83203299725577,75.68481217125358,75.53906040021992,75.4051686225293,75.27956486968395,75.1577137836178,75.02409698976074,74.96323835538709,74.83782346471939,74.72842562974718,74.62593932224922,74.56538752240111,74.47175124966512,74.37726311452475,74.27982215074557,74.17265156861947,74.05240584905573,73.92313930495563,73.78061387902504,73.6499737768466,73.51167030314653,73.39267051498035,73.24829069191358,73.15900879114439,73.03033697700629,72.9339227016804,72.850901871643,72.78366108274051,72.75726112262643,72.77238611368334,72.83357899950546,72.93266629810566,73.06661567621967,73.20173644298339,73.34515771379974,73.49984669956694,73.64886093207495,73.73612473370588,73.83156953589705,73.89588337119841,73.93482132869906,73.96509795252078,73.9623989223406,73.90725222160839,73.93966022439429,73.91960725501994,73.90143973325694,73.89583635898539,73.9143480562557,73.9487150724073,73.98028764536357,73.95275076774477,73.9715410896562,73.99850803265993,74.06924060405208,74.06965710538796,74.02683102374391,73.98769716452342,73.9226633381623,73.82706128335415,73.75027881614172,73.5820641274436,73.37591160164953,73.19017019094301,72.99123067208106,72.80677607213052,72.61974430076958,72.46616911361845,72.31901390574215,72.17469678100989,72.0465379388273,71.92197943517343,71.74356336556124,71.62262210402194,71.47900163861624,71.38740193804699,71.26171984748906,71.14365027773216,71.01604078076521,70.87252141084902,70.73074561334225,70.56784804678955,70.41385718748286,70.2838346738961,70.13158020308526,69.97704372291669,69.8491437402908,69.70123363932903,69.58425946881242,69.46280330723509,69.3444949133632,69.18125743245113,69.1025175647211,68.96582825271112,68.84933423304884,68.72718435374566,68.5994665542498,68.52055522491838,68.41601424276656,68.31099660011185,68.20305056710471,68.0920096540857,67.98030041791145,67.87105970479392,67.71656185497835,67.6432914569991,67.54552013986348,67.46626726180143,67.44045951913411,67.4804746592161,67.60866325140502,67.76663439468052,67.95351205258281,68.13866059136477,68.3008270132884,68.54609400663207,68.75597320211294,68.97108108068697,69.17694189976534,69.3877045122026,69.60192777124684,69.77801092838222,69.93417501659064,70.08876201294315,70.23984725325542,70.38271073466477,70.51444409526066,70.62083114083356,70.77750860251086,70.89247140900038,71.00342873912729,71.11262691238531,71.2285129591293,71.37038114937246,71.49759406785572,71.66020534195594,71.81029519069905,71.95488073852937,72.07062253417944,72.2492983363888,72.41041741552476,72.57720522485756,72.7288984134659,72.86408846001231,73.01689124221097,73.17540521967538,73.30352421492722,73.45836713595885,73.61068483396825,73.76120999428825,73.9136702561816,74.06639670261632,74.23973259643209,74.36140068899823,74.50288926469011,74.6372662876349,74.77299041910427,74.88642322754256,75.03227668858956,75.16884106976373,75.31018793472906,75.45043576643525,75.58992048880133,75.72732688766,75.86265124215703,75.95984613168685,76.09718914618372,76.23385104026102,76.36818074337585,76.52019426289682,76.65916574310019,76.75166805617201,76.85506640097773,76.94490827640608,77.00459323981893,77.04088166084529,77.03193547593249,77.02957756230859,76.9831866413407,76.91982267865683,76.78715236162405,76.75570530296247,76.6507582455919,76.49680136696736,76.4189500438485,76.34113247112023,76.3292998517632,76.2958968288606,76.26285229431181,76.24011585020604,76.22500546105665,76.21220457641279,76.18727476836754,76.20390227900127,76.13163756954866,76.09771057588749,76.01945366742285,75.90391820749346,75.75465835666326,75.60327076288795,75.39856171956755,75.16700391132161,74.84988360837357,74.61725530121666,74.41587061799837,74.18026901311131,73.97279008529785,73.72084782118894,73.53988168095373,73.3297150198695,73.13328777128365,72.94120438903329,72.75152868125278,72.56124051597864,72.33544823371835,72.15196618228941,71.98365446310316,71.81291243820802,71.63125248536102,71.45763540344461,71.28759187606101,71.11570335385122,70.93617686653661,70.76025919003695,70.5483330758549,70.35813251149806,70.17936668469616,69.99098330326396,69.82691439095805,69.66591526351915,69.50542688516688,69.3530335364931,69.22964049271947,69.14585436771902,69.09593298267454,69.16079786830569,69.33424895688236,69.61939727056006,69.97237094471761,70.37610903416883,70.79020762301434,71.15996888108018,71.50008371408458,71.8714691146199,72.15212418625575,72.55206665637098,72.83777767478387,73.10637078359873,73.36963191915652,73.64551693344671,73.89008863085074,74.12667491130865,74.358530237618,74.5810518314836,74.80193270330493,75.0403325599794,75.30097845511291,75.57806604215732,75.8423841142386
54.1313407142107,54.17029292489517,54.26011058380539,54.30737293239945,54.348930567386084,54.42449356983479,54.49625439991639,54.566751781683436,54.644960893058354,54.71530705299128,54.78679413637935,54.85195703217277,54.91349242319779,54.968967098803724,55.022395274239315,55.105400111663926,55.15336102804922,55.19955861212531,55.19692425706743,55.23013253939794,55.26998719504148,55.30159683969373,55.33350278232215,55.36844829848561,55.390098165751105,55.39039016385146,55.40609465504694,55.46236157824171,55.46927686164843,55.49271844502548,55.49791833996625,55.525407332397435,55.556521453686585,55.59098298979335,55.62510197437887,55.657889411446725,55.690616052291965,55.72271099089601,55.704056442420296,55.74578587329801,55.79331567907513,55.84001145991088,55.8892876412958,55.970826352299675,55.99322107979384,56.06654282889616,56.10904717834061,56.144985009812515,56.22967734759888,56.29249442934174,56.31603626513975,56.3741254518561,56.42290960612019,56.45984973555934,56.48706652168142,56.5173982838773,56.56654952356399,56.60313280263803,56.609488608920124,56.66565121904703,56.762875462024965,56.85512788131854,57.00861623259579,57.207726326938754,57.40563926951551,57.653900420373105,57.89006576330263,58.129562894925634,58.387182860242454,58.68486868756412,59.03129547680397,59.38806258883425,59.71929000453862,60.0723970395253,60.389522068678986,60.72287172580857,61.039339798267115,61.3281647299541,61.61301387082412,61.89730225501907,62.17976962140431,62.458029015132794,62.73273009445829,62.995526518430026,63.229480665568346,63.4794820675436,63.727426199561826,63.97958801755616,64.24369045122441,64.51164679462788,64.77756207402767,65.06547606357765,65.34369685463744,65.56137027392028,65.85374676081585,66.10852601027193,66.38684126086842,66.65774230651745,66.94906094770134,67.20960146470051,67.4694757321755,67.7551493065955,68.00313495036242,68.2848160492772,68.55849960888699,68.84994604917956,69.12926644873694,69.38124569111461,69.62685398107912,69.86760723708082,70.11255224748936,70.33350004516376,70.59375514201434,70.84900198700878,71.0993348004775,71.33679393052795,71.57726109900364,71.8140991541537,72.04762257628471,72.28152767096711,72.52248983662719,72.77896208103344,73.0108876384946,73.24140526166812,73.44810023016795,73.63707680571396,73.82087930070433,73.98800172813358,74.14449181437881,74.32252352826133,74.50628265371233,74.68087775930276,74.86293276919561,75.02868573199407,75.18854791672678,75.32130898488026,75.5326899228921,75.69260197395921,75.84790585094142,76.01176373418186,76.16585711663559,76.3149031334896,76.4676617343883,76.6433358251008,76.77806869808373,76.90525187248211,76.99140923260131,77.08207101198806,77.10828731425387,77.1497667657508,77.20764839240196,77.1773933698708,77.15455235350743,77.11649907659874,77.02767167890126,77.03059184351872,76.98794483619692,76.84965818560026,76.79636824756423,76.74189865132253,76.68177689114572,76.64046032072349,76.67861007562335,76.66431696361168,76.65250176555644,76.67630982221816,76.69223537526246,76.73401388862632,76.77657513596337,76.77344147146745,76.81717804225859,76.8444611634341,76.85507976377595,76.86164783630497,76.82968346433468,76.76022907545885,76.73630308794307,76.64663274388903,76.52326451257568,76.36954515605136,76.17638198269431,76.03576775349035,75.88230401833692,75.73407778239209,75.58719056385512,75.45219722906397,75.32583876271885,75.20372914259002,75.06527157164919,75.00930772742969,74.88062576851875,74.76715337859963,74.66467813432341,74.61115062143527,74.51844516593415,74.42543217329955,74.32948892175183,74.22355738280174,74.10389991137394,73.9744799738096,73.83024711604004,73.69892216339063,73.56632826202001,73.44747602681863,73.30358339660181,73.21216418655149,73.08330559562106,72.98556701195234,72.89285564557514,72.81502398047728,72.77886637054617,72.78434463730188,72.83278926825884,72.91843285786472,73.04574710256412,73.17169618482562,73.32094303293967,73.4700868059842,73.62076131136922,73.70570292449955,73.8039296858545,73.86971975625276,73.91110466735554,73.93507661486845,73.94607293257194,73.89856064109149,73.92740315343636,73.90716824046044,73.88751611879024,73.8803937044711,73.89850731579781,73.93291024170968,73.96480761310004,73.9272960963768,73.94809855158742,73.97800721008116,74.05468677230891,74.06115873679964,74.0157650375643,73.98681017089287,73.93573911196118,73.84784835324217,73.78675787253066,73.62580931894004,73.4250326284242,73.2455140584852,73.0487014805569,72.86465451362447,72.67545250804083,72.52036605220601,72.37081925322508,72.22419933798196,72.09432701317536,71.96926136898021,71.78443795499119,71.6642491297117,71.52177027600139,71.4378825501476,71.31344024953223,71.19649188742314,71.06921415606047,70.92537401050613,70.78326617841158,70.61854739879195,70.466635202963,70.33624840137095,70.18072669156271,70.03494670046783,69.90581157820448,69.75640088067134,69.62792412046366,69.50557117579706,69.38717442015646,69.21360427775465,69.14639228569003,69.00623050210957,68.8932996738173,68.77356891872999,68.64682579618366,68.5673037388381,68.46188713409974,68.35563703127094,68.24679670951872,68.13583501638622,68.02472627125096,67.91576225255976,67.75589742249925,67.68126511736958,67.5704065452549,67.49804474976536,67.46029972370793,67.48756812844536,67.59570689431186,67.7295282254614,67.90313230983915,68.08073466625751,68.24769703658315,68.48622596208325,68.6948142342575,68.90379773091459,69.10983311311179,69.31704573949597,69.52301298671821,69.69749312412647,69.85496236846058,70.01060000243604,70.16208229464436,70.30506357735523,70.43736251708991,70.550725057463,70.71495868444664,70.82869405363887,70.93817097060914,71.05317154752866,71.1696110676735,71.30282262578422,71.43038253171163,71.59366981587338,71.74459345751687,71.88931345346266,71.99696204742877,72.18732008269916,72.34184361590097,72.51048930435464,72.65810077624722,72.7997310174092,72.95207023476382,73.11215844487292,73.23432961850011,73.38959931030882,73.54227560884361,73.6932918437788,73.84675396221498,74.00084500432824,74.17979985561698,74.30023925271512,74.43981462120638,74.57561947888964,74.71197779824547,74.83163928967882,74.96468300677402,75.10349435125147,75.2446868904971,75.38454142872132,75.52342911560832,75.66002745328346,75.79444821859171,75.88213789988677,76.01863606168598,76.15533347969496,76.29132150937345,76.44998173054213,76.5893510373484,76.68245545391669,76.79367547747266,76.89041957420811,76.95248737008447,76.99763223009836,76.99312334391135,77.00499669112324,76.96830887535795,76.91416951324999,76.78796819338602,76.76795045040468,76.66721245165839,76.51460351919509,76.43765641443542,76.35708084402253,76.33934350041858,76.30397052086337,76.26925109912271,76.2455189668763,76.23035820303045,76.21855564817761,76.1921058808247,76.21872732719079,76.15089166353782,76.12998073060972,76.06121786495446,75.95307895992278,75.81074017477214,75.66991142948638,75.47079797519088,75.24339030672306,74.92650601389032,74.69588720510764,74.49599996113139,74.26000839486015,74.05146158264473,73.79535194437518,73.61549879908657,73.4033900234452,73.20529428006112,73.01247082724493,72.82325800355187,72.63433767432181,72.40311116878101,72.2207757388058,72.06091487256522,71.88879148404865,71.70646885025681,71.53269282707197,71.36276593787474,71.19095071884853,71.01140270659272,70.8348654755786,70.61999866781431,70.4236425653097,70.24526924877273,70.07087419851081,69.90813165974593,69.73589710839504,69.57254856154348,69.41564008109734,69.28528919584114,69.19104567202555,69.11825380512508,69.1603383992182,69.31024717894188,69.57061035582944,69.90754720812316,70.29912644454774,70.70397891615082,71.06993801712188,71.4092332822753,71.77554833822138,72.05833332039987,72.44463787039939,72.72951941019693,72.99873649549393,73.26399580085378,73.53944777155735,73.78621060235636,74.0234143194387,74.26233466464123,74.48273550811022,74.69966349256443,74.93758842803213,75.19826577018812,75.47667086539144,75.74295300601266
54.0987868431078,54.1410510729379,54.23268943261328,54.27946567648175,54.31706294309071,54.38989908163295,54.46133676534157,54.53424523606134,54.616131366869524,54.68521913845364,54.756611206121974,54.82116883922326,54.88254445781314,54.937770967762965,54.990932708095364,55.07997251471304,55.1288744324278,55.17629388931145,55.16656010400824,55.201311705002155,55.2485797959421,55.28060707217817,55.31429518572554,55.35300727137088,55.377369531916024,55.38161351391812,55.3973032342385,55.44329005485807,55.44989192391692,55.473299582373826,55.47712660721358,55.50540453811034,55.53717327257934,55.571932318508495,55.60573112758962,55.6374288513463,55.668572291227356,55.698850319688695,55.673694594834025,55.71411211544273,55.761349897832105,55.80807327425541,55.85754061720277,55.944319828441245,55.96007794439653,56.03812230996356,56.08169727602208,56.11580644869316,56.20159585495768,56.26535421312369,56.282861981163926,56.344596030425905,56.396265774355534,56.43504767228147,56.46292402067128,56.50033354495228,56.54774674711683,56.58199542248577,56.58097999452711,56.64252105197561,56.73006550848495,56.81281761834904,56.95694193298756,57.14753193500707,57.33895731599021,57.57167664126759,57.79338004752539,58.02281990071492,58.27367964664902,58.56693758213807,58.895339997134435,59.25107942645946,59.57735348658737,59.924769870940075,60.25139935948604,60.586097956769336,60.90373157760175,61.194630719270016,61.48227833268573,61.765515695342835,62.04506073021212,62.320830795556695,62.59452036666957,62.85806526642116,63.09345334408853,63.344007874049325,63.59086882577553,63.84268494899131,64.10669336078494,64.37467527613966,64.64352076254028,64.93587595233119,65.21873260031644,65.42897557374455,65.72200956297533,65.97694697182745,66.25496163024187,66.52470759795142,66.81026945729697,67.069020489121,67.32697671773167,67.61702408086764,67.8611769414937,68.14091444717323,68.4129532688528,68.70598278964624,68.98625018528317,69.23869214725637,69.48452623740644,69.72524909593675,69.97006394450582,70.18926288099935,70.45250247775122,70.70574727103634,70.9589576921083,71.19203096290643,71.43307071561061,71.67032415933495,71.90406592857731,72.1383110533121,72.38005276389218,72.64097270084648,72.87202531470372,73.10800779700403,73.31389676840182,73.50405420219518,73.69158338729197,73.8579025820258,74.01777048124937,74.19090379394522,74.37568816649973,74.55115693512421,74.74087856366853,74.90774435745006,75.06759538988493,75.2015283976762,75.40990653937898,75.56454746373049,75.71821879565411,75.88187160305156,76.03626523902466,76.18781843662185,76.3438643831729,76.52564995349957,76.66895588834693,76.80516015783296,76.90502251504029,77.00916094561467,77.04732529544174,77.10036698837058,77.16475864409905,77.14655230631809,77.13204059301587,77.1009157017907,77.0192012588666,77.02324689273911,76.98155284062538,76.85183795833208,76.8004194398069,76.75918311528791,76.69997432551918,76.65827953692765,76.68636378021634,76.6708287413532,76.64752334112221,76.67035829286066,76.68654912837077,76.72812123092316,76.77127892301363,76.76871333592982,76.81529166911729,76.84513071014766,76.85884732344522,76.87782485580809,76.85425710231536,76.78749926056327,76.77274298981392,76.68670992854851,76.56634414027552,76.41540179235115,76.22278460653644,76.08486796885893,75.93103874969535,75.7816472166437,75.63353602731544,75.49743971296073,75.37031504881152,75.24791315952919,75.1065288091653,75.05337656156857,74.92251736799741,74.80702599735274,74.70555227796653,74.65646914901978,74.56441103413897,74.47230884860615,74.37722512746652,74.27197099518506,74.15260509253206,74.02297098562732,73.87753405619235,73.74561376426016,73.61929344626479,73.50030005988401,73.35756086859148,73.26257778700928,73.13394664337551,73.03468926103159,72.93394638487747,72.84494638149579,72.79995479442877,72.79615002574816,72.83232297125953,72.90504460868935,73.02440766120982,73.14176228602753,73.29563460671505,73.43973469490889,73.59103912756478,73.6750452247745,73.7757537040417,73.84299005038929,73.8865784371206,73.9055290920933,73.92774113438848,73.88728244684225,73.91260087739347,73.89234298152991,73.87156820805531,73.8631843668829,73.88056017649471,73.91440685910315,73.94622496220822,73.90227427394828,73.92492583871291,73.95739054426019,74.03784049823041,74.05095591422817,74.0059406668579,73.98716463658718,73.94920265282643,73.86942105384483,73.82093093574552,73.66747079802144,73.47268537309955,73.29896112129299,73.1044207647962,72.92055141978076,72.729276232326,72.57236131821402,72.42061016817141,72.27202000927718,72.14070170681788,72.01530235109254,71.82731167132637,71.70775805108532,71.56726586490885,71.4881437309852,71.36472670953634,71.24830326348263,71.12084257305872,70.97644692055209,70.83380958373797,70.66790915672553,70.51799188678507,70.38624756869434,70.22765885236656,70.09090887844678,69.96021866548125,69.80999060988378,69.66943609537458,69.54620365356585,69.42767728638468,69.24732845012913,69.18807851845874,69.04507773968113,68.93554426054743,68.81857587822572,68.69364721637358,68.61258568609227,68.50655568792364,68.39929372992313,68.28958502637293,68.17843676211524,68.06741176929505,67.95803499024265,67.7940925571999,67.71657759895055,67.59416193109374,67.52796560074724,67.47858596077783,67.4928843600304,67.57977427021167,67.69099328994268,67.85136748180108,68.02161614058485,68.19353048742072,68.42391053357244,68.63156575457211,68.83494555246484,69.04098470759888,69.24494283339224,69.44334645381129,69.61596766491118,69.77468587338835,69.93145331260212,70.08358343138643,70.22710126425969,70.36032377396512,70.47993539659784,70.64933634331221,70.76204486474712,70.87036362611924,70.99171161730737,71.10916384146297,71.2332171993142,71.3633439327443,71.52471838524292,71.67622420203945,71.82117776407317,71.92364941905211,72.12168303376414,72.27145135207168,72.44207364948215,72.58725974396208,72.73486276429793,72.8867119726584,73.04809090230583,73.16640940626722,73.32198593081962,73.47479088629626,73.62600532124564,73.7800348507342,73.93493027779225,74.11743797578626,74.23713701946386,74.37493505376092,74.51163844525371,74.64856044350674,74.77540983447668,74.89614331266135,75.03625485022945,75.17708399445391,75.3163992666305,75.45458872037719,75.59036859324881,75.72395922234391,75.80507806436384,75.94086798164791,76.077647458193,76.2151266216448,76.3788434944919,76.51837876113373,76.61342843401384,76.7317008140368,76.83489766405151,76.90038441273559,76.9541688051715,76.95529950611927,76.9794134398837,76.95205931318682,76.90671846644044,76.78843840891645,76.77798466549433,76.68191843889021,76.53325355209633,76.45714580842467,76.37465621212021,76.34896693547311,76.31133487748738,76.27487653933576,76.25001173970242,76.23467486512376,76.22389916651885,76.19740640443395,76.23199803262781,76.17073712684271,76.1617862501587,76.10274268888583,76.00276106343232,75.8678251227417,75.73524238446954,75.54126596492061,75.31776512868427,75.00303435152786,74.77408518481289,74.57424309976196,74.33785456291606,74.12770622086077,73.86918663914604,73.6889028469226,73.47518186871868,73.27557123200444,73.0820273984942,72.89313554451391,72.70553872902231,72.47141435362522,72.29083417975245,72.13799827926915,71.96447153318121,71.78163462287348,71.60732671042945,71.43687008486542,71.2644223197454,71.08421918163702,70.90664149475981,70.68978382250475,70.48861149780663,70.3104083081753,70.14925399422206,69.98716270586182,69.80327897195407,69.6372841698253,69.47614219547273,69.3389731446367,69.23431012327956,69.141101731405,69.16065722209962,69.28581228662755,69.51962259290319,69.83892743636706,70.21761011446996,70.61521815056963,70.979524621152,71.31908240633246,71.67802285401658,71.9648628474757,72.33236873336242,72.61682534246025,72.88764241666583,73.1558447700783,73.43123847380124,73.68102497511492,73.91924715682228,74.16384241439886,74.38249383166776,74.59856110679279,74.83621792548196,75.09667653448786,75.3735350304398,75.64136958593193
54.06577383476797,54.11093851744693,54.202814788639095,54.24994844128583,54.2855023572921,54.35587893944105,54.42711991271976,54.50196481567818,54.58663888306651,54.65508843721617,54.72665302925206,54.79098259722775,54.852447124632256,54.90766923338169,54.96075119632462,55.05358009362842,55.103115107143516,55.15132569621683,55.137128151223614,55.173024138004685,55.225648385318856,55.25786145930985,55.29271253417956,55.333972858461884,55.362413947412676,55.371521791732256,55.38745380909051,55.4219008871338,55.42874355026892,55.4521067919366,55.455041211279145,55.48382456216923,55.515879684098415,55.55054431202979,55.58375548787997,55.6142699751523,55.6438755776056,55.672538065415345,55.64379121585685,55.68304780515739,55.72998229853565,55.776649917659,55.82621805779204,55.915322666648464,55.92709570649002,56.00859993993367,56.05385095779678,56.087042924515735,56.173112418344715,56.23771996468934,56.251798718300975,56.31645253532835,56.37057439870608,56.411061516366296,56.43968509908208,56.48229577516616,56.52743996048084,56.55887508100971,56.551607705774124,56.61832878705469,56.69504426711279,56.769151219622884,56.90392809525184,57.085402226737045,57.271253859038445,57.486658871522756,57.69495704910375,57.91479501921933,58.159049611524935,58.447917276205686,58.7599199393512,59.11341594086498,59.435612777340694,59.77767574009728,60.11299293093553,60.448941964254445,60.76783685440313,61.06094775095862,61.35077879013643,61.63271616063681,61.90937306652233,62.18274175837294,62.4554733847387,62.71972586126603,62.9563583596625,63.2073989253786,63.45335839834268,63.704982555281056,63.968990749840465,64.23706624146759,64.508253582958,64.80299041499046,65.08905466209457,65.29823246612318,65.5916314867123,65.8465709069868,66.12438035520721,66.39299327450289,66.67061568907242,66.92795308449318,67.18444263829996,67.47638202917861,67.71791574440786,67.99638278396188,68.26733581309263,68.56125863263352,68.84214495129523,69.09517942008043,69.3412603165076,69.58214140946427,69.82719339854533,70.04585477752984,70.3115742348974,70.56266330208865,70.81790192403774,71.0477863783354,71.2892419314854,71.52674525609265,71.76058203596168,71.99504951560007,72.23741273343826,72.5015179931175,72.73231648095913,72.97279342717928,73.17824158428354,73.3693666646865,73.55964971913487,73.72561092432237,73.89097142060409,74.05915829533603,74.24499153099819,74.4213532226889,74.61845131562994,74.78644712632146,74.94609218558976,75.08312107791703,75.28629449814446,75.4348554982369,75.58764250426924,75.75135415101111,75.90582608001482,76.06043414676013,76.22003274662762,76.40725167059541,76.55923550730911,76.70379371725889,76.817791858169,76.93460042346477,76.98535316924199,77.04956508767125,77.11990934041435,77.11433723531863,77.1082538450529,77.0841805265366,77.0108228683197,77.01473397863477,76.97384960213641,76.85458075458541,76.80476513223607,76.77676176835189,76.71921067821027,76.67731300420161,76.69352019157569,76.67681083350175,76.64224007684543,76.66378801256279,76.68033967237419,76.72139765164215,76.76500165262063,76.76466167194977,76.8139049672368,76.8468444878457,76.86450603669262,76.89425706245574,76.87906399554112,76.81658144351377,76.80831684036863,76.72549460044844,76.60803995192128,76.45998288398587,76.26922782311088,76.13280472182862,75.97847740988091,75.82779846548216,75.67837997265903,75.54115348417415,75.41320965045207,75.29043228847856,75.1477692970886,75.0955386182929,74.96346171409769,74.84774269327279,74.74811595926772,74.70117744240906,74.60952196391199,74.51784257894194,74.42306977502707,74.31801632539731,74.19870391964007,74.06882952751153,73.92266687084754,73.79025016577877,73.67056638686499,73.55115865058232,73.41011155862489,73.31037910568189,73.18230845026156,73.0813514360531,72.97407488254464,72.87355764179954,72.82055962227965,72.80780131537615,72.83214271253767,72.89244136123648,73.00274600719285,73.11246291663663,73.26968509471959,73.40938093510964,73.56021326412743,73.64464851807111,73.74735886434506,73.81590531665059,73.86138247715337,73.87655687827844,73.90756002388457,73.8736049277733,73.89549806442976,73.87539242161034,73.85385191311887,73.84445704122498,73.86079775124433,73.89355489046858,73.92491702609395,73.87767855520815,73.90199683537725,73.93663260338555,74.01888650301701,74.03909456074814,73.99707890323164,73.9884383537317,73.96278990652533,73.89148612177205,73.85287968614294,73.70714674282297,73.51894020807772,73.35065426136421,73.15855373106203,72.97469475288561,72.78146871791748,72.62244613942664,72.46863713835187,72.31833779999984,72.18576935281087,72.0601442626638,71.87181008077431,71.75276491451869,71.61496610099725,71.53799245567768,71.41541266666597,71.29900237126239,71.17093214863073,71.02580703053644,70.88249625674365,70.71601229539323,70.5680065994094,70.43405713630148,70.27261813314863,70.14494973481935,70.01241362110763,69.86193977271749,69.7090254149863,69.5849124103447,69.46619439920381,69.28222789303241,69.22770599574999,69.08244606398702,68.97610935703578,68.86216504079597,68.73976625759128,68.6563692360967,68.54996749467021,68.44190639858392,68.33137372129634,68.21982354996982,68.10844356904857,67.99806480481944,67.83124022539009,67.74952254055069,67.61698719067765,67.55612229848771,67.49545372315671,67.49671441532729,67.56140624721185,67.65219095689835,67.79958142859938,67.96239321804202,68.13796819790609,68.36002134168342,68.56711571953845,68.76555779861408,68.97138192011653,69.17247337406071,69.36430316405308,69.53508951825509,69.69487102705224,69.852691221744,70.00551742047844,70.14962233547043,70.28368627981395,70.40854651219529,70.58090669011605,70.69278356271845,70.80025197062336,70.92831393024352,71.04715477328253,71.16178413266306,71.29632214199621,71.45359557475763,71.60544573912446,71.75070735157821,71.85061200105639,72.05272744625591,72.19938482842997,72.37205686525783,72.51628843749417,72.6693996170779,72.82075088593612,72.9831674643219,73.09952725274991,73.25531589575883,73.40806057754598,73.55922908619779,73.7134531345297,73.86866381066672,74.05287597991838,74.17228271724788,74.30844176259502,74.44557220531402,74.58298300426604,74.7177073656199,74.82676688551608,74.96733153609134,75.1076031877056,75.24624052604369,75.38363273338155,75.51857593578846,75.65139252972997,75.7285742752512,75.86376533634838,76.00065179181505,76.13945008365855,76.30676560024945,76.44626222563315,76.54443497848325,76.6690358914917,76.77826116085406,76.84809494428484,76.9103143235102,76.91817530921826,76.95278544522935,76.93447253215332,76.89758726070727,76.78852536370147,76.78596282162549,76.69499169856925,76.55252000618458,76.47721457669886,76.39357092933442,76.35830864393245,76.31817188489865,76.27990452925665,76.25375798851073,76.23809219767848,76.22831500933736,76.20302884768455,76.24373111884262,76.19086044513485,76.19285742167362,76.14368700604545,76.05252377069128,75.92543545013557,75.79912541346201,75.60995189872499,75.39021480920574,75.07937610157714,74.85183648082078,74.65083507512323,74.41406715391521,74.20186612675911,73.9424624311596,73.76038103020947,73.54531034638478,73.34429016486725,73.15000702432376,72.9612683995158,72.77490975607533,72.54012006100453,72.361792168806,72.21465333518685,72.03972485328252,71.85651924540139,71.68137113045496,71.50983764046799,71.33615920952835,71.15476677216408,70.97580389512811,70.75782833820979,70.55307116352914,70.37484905601522,70.22606140384492,70.06400463287225,69.86832536162633,69.69988773473165,69.53477917690141,69.39094074728003,69.27592773670149,69.16456851262384,69.16219153799794,69.26220970603757,69.46810492721052,69.7679555404906,70.132800155093,70.5243328162201,70.88840583821542,71.22895214009172,71.579106541798,71.87122943115206,72.21718299724812,72.50172453662357,72.77496287184108,73.04679618682505,73.32271412792689,73.57584251077502,73.81494669175271,74.0634353663839,74.28058605705496,74.49845329644825,74.73599442785654,74.99600775475042,75.26887937329552,75.53787203803904
54.03231890898097,54.079977689737646,54.17069491434264,54.218889924669504,54.254068707820984,54.322234367898474,54.39338384304552,54.469731226949726,54.556391681891256,54.62475773507426,54.696736534776164,54.7611809370981,54.82296555146052,54.87841351102805,54.93160065987598,55.026231408009615,55.076144945550624,55.12478219500246,55.10849736178354,55.145196303288515,55.20134295563071,55.23355210754413,55.26902747027086,55.311759830299465,55.345373995825526,55.36001515989061,55.3764159004529,55.398492270821905,55.40606406912439,55.429378159794496,55.431862035043416,55.46089628429538,55.49290676790487,55.527123273296944,55.55950360103433,55.588749813468674,55.61685827832066,55.644082100642144,55.61429957882318,55.65251454963343,55.699113139048286,55.74562720739312,55.795194097476205,55.884056503937636,55.894166687015165,55.97796666210089,56.025384893716634,56.05846278587472,56.14408550985963,56.20945317542205,56.22242266644461,56.28935072163199,56.34554744025877,56.38763796239497,56.41711727722745,56.463279704284965,56.50574150173642,56.53399714491713,56.521539254131206,56.593082660610015,56.65810929398155,56.72434555023655,56.84979541993176,57.02162501425035,57.20262513208122,57.399206817139955,57.59512553073702,57.80578603290054,58.043550170183856,58.327995731198364,58.62606274394123,58.976341177261325,59.29558363501722,59.632822771892656,59.97529748669382,60.312220850603396,60.63224077741214,60.92727390178876,61.21855282175384,61.498956632168934,61.77278454249173,62.04382925345903,62.31562813144718,62.580543574347296,62.818251045301174,63.069720566081344,63.31495115858552,63.56652581555261,63.830619816466694,64.09884978967997,64.37184214917674,64.6671349256875,64.95512379678752,65.16872134032107,65.46222096764293,65.71701590520011,65.9946900565056,66.26219137230203,66.53014957444879,66.78640754824987,67.04182941319316,67.33347318691727,67.57346636356202,67.85125432787466,68.12161203525639,68.41580161870148,68.69700147096673,68.95072933267343,69.19706573621366,69.43826380355058,69.68386971705894,69.90306336586468,70.17079662448901,70.41962792280366,70.67613849293444,70.9039179136017,71.14565634995408,71.38327085241735,71.61710286860368,71.85169768598564,72.09454938472159,72.36071670212958,72.59181813646055,72.83591159936076,73.04126125431846,73.23317600163631,73.42535381916828,73.59136607949495,73.76391541761356,73.92726807178461,74.11417054420934,74.29144303722833,74.49548371208351,74.66460090958353,74.82387343531965,74.9655864348501,75.16176252420088,75.30375149893426,75.45631025026789,75.62030570695907,75.77465849107347,75.93275959669853,76.09610109841805,76.28811410991277,76.44879306248956,76.6010983434466,76.7294773757765,76.85819177944386,76.92201991446845,76.99706742631044,77.07297569418226,77.08053669628885,77.0830170149962,77.0661636453097,77.00224482208138,77.00510495001893,76.96502030356704,76.85767804758262,76.80928506777624,76.79401493015125,76.7387079296968,76.69676544261189,76.69989961336789,76.68207500149315,76.63678927569292,76.65673908632989,76.67366743147086,76.71389963758125,76.7577691308781,76.76102419794064,76.81273337547331,76.84921270020156,76.87153808042801,76.91058332151918,76.90372758838132,76.84692683333083,76.84286816210518,76.76296258135761,76.64841397610273,76.50339732378296,76.31569399436734,76.17976360040325,76.02486021744339,75.8728095203813,75.72200558194393,75.58359595265894,75.45473849013057,75.3314529834813,75.18889363019859,75.13588765809182,75.00342225776205,74.88900267362612,74.79192338431602,74.74510983885752,74.65365106488561,74.56198280280441,74.46706187157083,74.3618172930665,74.24237891980799,74.11227278656477,73.96583773137117,73.83303295426991,73.72014761480476,73.60006783531948,73.46112391744448,73.3556976557336,73.22843934627127,73.12561552415177,73.01314193157125,72.90098711739199,72.84071408210418,72.8192975425399,72.83221109612339,72.88053939778278,72.98080179736512,73.0837131893477,73.24307597219108,73.37896637577649,73.52832586401196,73.61438108069316,73.71863836853431,73.78838144066202,73.83548416591458,73.84805021958945,73.88566652546982,73.85772596528359,73.87633938261399,73.8565775040838,73.83462314604753,73.82446042250166,73.83951115294471,73.87070430168667,73.90126113816312,73.8535021949054,73.87928542592509,73.9157079556457,73.99800950786916,74.02562059943409,73.98890073829229,73.99030911445176,73.97623681882511,73.91375029363371,73.88268580407946,73.7449353314799,73.56386750576088,73.40073636069673,73.2112655856174,73.02731247522514,72.83228320910762,72.67091174362807,72.5151506515372,72.3633317152541,72.22963728421031,72.10382898484744,71.91755874954251,71.7988857663877,71.66434867992523,71.58723569934291,71.4653315600857,71.34850717611401,71.21948899964727,71.07352123000885,70.92944662485083,70.76293578959793,70.61675870129648,70.47990206462778,70.31584598156068,70.19708874755122,70.06244506407015,69.91218531492349,69.74692210073991,69.62190911593682,69.50291664576967,69.31810054992236,69.26540445028658,69.11841157358849,69.0150363270789,68.90429621500391,68.78501836260865,68.69862255826709,68.5920701447714,68.4834147397688,68.37212099791797,68.26000403864685,68.14790832751636,68.0360385832668,67.86743339337957,67.78039358097872,67.63908321730288,67.58260442181955,67.51099794981543,67.49920001814371,67.54104340795341,67.61355925708065,67.74836594948782,67.90358829754929,68.08094393978888,68.29503105274172,68.50190534762282,68.69611807587033,68.90146249537094,69.10007677233116,69.28636381253499,69.45529605956776,69.61579488453006,69.77446680705687,69.92792113693251,70.0725747753451,70.20738626051893,70.33657989018847,70.50992871205602,70.62116958224537,70.72808126908728,70.86304529485919,70.98356735591699,71.08874268853128,71.22916103050976,71.38054590911071,71.53251638362964,71.67813589719522,71.77777714544855,71.98079357684661,72.12578824936877,72.3005375566994,72.44509997772714,72.6032574921486,72.75412140463827,72.91735300326889,73.03344683246954,73.18937810339402,73.34191459381249,73.49284179814406,73.6469490263919,73.80205689061012,73.98634289099168,74.10586507407056,74.24052594794999,74.37766977765737,74.51549012990145,74.65850438679226,74.75666300460263,74.89693337823073,75.03646841135829,75.17429645284176,75.31079458489488,75.44487510913493,75.57695641706623,75.65253418268203,75.78720855606608,75.92420529662108,76.06414589888344,76.23373409331788,76.37301474202349,76.47532306934482,76.60557419065896,76.72042867953336,76.7954295412448,76.86589172256,76.88146209987028,76.9250703437996,76.91558310958351,76.88689361852973,76.78819141322725,76.79203979219218,76.70654772197746,76.57217142197347,76.49765907014066,76.4135373495864,76.36750711280219,76.32466352926319,76.28451098319105,76.25692153312765,76.24074695103644,76.23188305453387,76.20882571906583,76.25394330936544,76.2109481040858,76.2229245322937,76.18370968326184,76.10192633436891,75.9830934065173,75.86142230208849,75.67684198657241,75.46082578028802,75.15543874432908,74.92912833361964,74.72601092844818,74.4889058044938,74.27428342715297,74.01528984607394,73.83022055469493,73.61399524713835,73.4116226164032,73.21654262627632,73.02776366393438,72.84251683147603,72.60899056367242,72.43330036964318,72.29062869229018,72.11432371202952,71.93089216003092,71.75466016408637,71.58160192811732,71.4062024411839,71.22318595866845,71.04256932423094,70.82427201321309,70.61705341701754,70.43865668540394,70.30123514082653,70.13865454434375,69.93130078484192,69.76061328098177,69.59179032266559,69.4414404119451,69.31617852751165,69.18874190502619,69.1650402702517,69.23992995792038,69.41757960572174,69.69607543153516,70.04593667757428,70.43173040305162,70.79625881335716,71.13816353738879,71.47901328135814,71.77694973509774,72.10100441404457,72.38624605773664,72.66256587287172,72.93834271842246,73.21509352625965,73.47104301426985,73.71058914627405,73.96132739583469,74.1772303851447,74.39913729418686,74.63668780956567,74.89605641494452,75.1629247299517,75.43269854637656
53.99843928553647,54.04819102112538,54.136538072183676,54.18635882449058,54.22258189250808,54.288766591644595,54.35990855731345,54.43736517629177,54.52529800358565,54.59406981782332,54.66667865170087,54.7315464897462,54.79386486610335,54.84975541607028,54.903231019698275,54.997935017456136,55.048025841003266,55.09679154782937,55.080536698757996,55.11775466573663,55.17581349933657,55.20787112333636,55.24351263658619,55.2867829574245,55.32639226073896,55.34699378098992,55.3640590291756,55.37336240167538,55.38208580890335,55.40535177202804,55.407788961386835,55.43684858421009,55.46852060365983,55.50197350524952,55.53330401283704,55.56120539689941,55.587852760266564,55.61379029793524,55.58517295706744,55.62243395606227,55.668642677232604,55.714890960729306,55.764342870667946,55.85074297732505,55.86118320691289,55.94621341975955,55.996175753833434,56.02983438136459,56.11437360160205,56.18041533670513,56.19431001548859,56.26294634440538,56.320896860100476,56.364523704948695,56.394988075420954,56.44328006207468,56.482763708964036,56.507586980915285,56.49094215106832,56.5667909089674,56.6195581451644,56.678617475286565,56.794763552549924,56.95647434464412,57.13310422311404,57.30971932645941,57.49416044989487,57.69599236187185,57.92732625875735,58.20727255679616,58.493707007135384,58.84000580105814,59.157443806649,59.49040259529885,59.838358315217825,60.175890664383274,60.49683516755221,60.79349271408684,61.08555130830283,61.364225088221474,61.63529894892535,61.90410917630038,62.17501082740551,62.44055365580233,62.67918673401548,62.93103814070746,63.17570334782615,63.42735970893322,63.69161775873931,63.96005601984514,64.23436807509236,64.5286249585546,64.81740076121102,65.04002258560317,65.33338644138342,65.58790005591742,65.86548335487817,66.13189392747903,66.38892104484718,66.64439217782376,66.8990929617241,67.1885475894723,67.42794380341329,67.70556234714303,67.97574672899407,68.26963978841019,68.55087046849141,68.80536370812199,69.05195201435565,69.29359590408293,69.5400220074976,69.76067627711339,70.02999585756206,70.27651897581923,70.53363839546691,70.76028330549215,71.00219557434276,71.23980935629957,71.47356039666919,71.70821019262348,71.95144235719825,72.21868757216575,72.45058728040783,72.69751176071527,72.90308235501179,73.09564402149304,73.28897121032743,73.45540737201526,73.63642325744846,73.79521416264194,73.98320300313479,74.16140279397402,74.3718084400329,74.54201257821134,74.70077427055311,74.84842387772267,75.03621934256064,75.17146088727837,75.32435530713116,75.48882059979401,75.64288132366788,75.80480411923101,75.97200371220964,76.168210404976,76.3375140614075,76.49701982908279,76.63983918165192,76.77973734745737,76.85697450993504,76.94258036694583,77.02383291823725,77.04493922864516,77.05615500822348,77.04673515258335,76.99317543497241,76.99441165570488,76.95525012775427,76.86092131054596,76.8138589893519,76.8103229203227,76.75768806045666,76.71584157222509,76.70532234925953,76.68643300676317,76.63130824063157,76.64935161916732,76.66659282985898,76.70568367553858,76.74960716387974,76.75753863231574,76.81149233268319,76.85184555088857,76.87942563156128,76.92644249826964,76.92787132520537,76.87798663903494,76.87624047752148,76.7990896930446,76.68752824140964,76.54575400456986,76.36216548225543,76.22593019258673,76.07042739093268,75.91695837281489,75.76469603722822,75.62502452836966,75.49511749033705,75.37114169858063,75.2298024032747,75.17451744145437,75.04236244993291,74.93050514567908,74.83652875920055,74.78810067561959,74.69667144669219,74.60467895869104,74.50924042423519,74.40349781782052,74.28381262014584,74.15351794988972,74.0072388091288,73.87416371605711,73.76803766106819,73.64704365050126,73.51048639579257,73.39866295032851,73.27238766139659,73.16754351246259,73.05104832495192,72.92736416427661,72.86045140190778,72.8306377435934,72.83249072604677,72.86925500060497,72.95861468857848,73.0554220592282,73.21575651055414,73.34836054170447,73.495367830187,73.58407075406818,73.68947449186646,73.76033222748659,73.80885084556067,73.81989936219188,73.86219756355385,73.83984344077201,73.8553695000149,73.83615917233234,73.814137818908,73.80344320571713,73.81699149449376,73.84620505863829,73.87563463182164,73.82973844778905,73.85676549470098,73.8945911692292,73.97539423398729,74.01057995336066,73.9811271636466,73.99245471087274,73.98927933549307,73.9359203060397,73.91043096991172,73.78093474212747,73.60753763855116,73.44935030128836,73.26272153472536,73.07863254908553,72.88197295018877,72.7180493586025,72.56040119549813,72.40718076014421,72.27241283407223,72.14639839879692,71.9641832438384,71.84573665306817,71.71489129735139,71.63568043709874,71.5143168289601,71.39673564338925,71.26651924297919,71.11965640851882,70.97478111548175,70.80875861414259,70.66432755290666,70.52400731410854,70.35758384525458,70.24734539460817,70.11036161335542,69.96066418225284,69.78335617407659,69.65740544014545,69.53803491323816,69.35474436425679,69.30130361479128,69.15305036704675,69.05236653447328,68.94492920941268,68.82923897419745,68.73931382201917,68.63281122865924,68.52375845599319,68.41178505986687,68.29898688684332,68.18589270170324,68.07214321256156,67.90276502747817,67.80948435904331,67.66065090426578,67.60750154957562,67.52531357972481,67.50048064506214,67.51911468124652,67.57529214289679,67.69784555454721,67.84529169636025,68.02263367403567,68.22906166186858,68.43594812761316,68.62656254886141,68.83116069568453,69.02764538613432,69.20934082077503,69.37640789827907,69.53731587738206,69.69666620388627,69.85069703512411,69.99587511399572,70.13135940245994,70.26405701651056,70.43666139632995,70.54746235802044,70.65409678647686,70.79597251967644,70.91838508215118,71.01431212961957,71.16170446932755,71.30581391299533,71.45769445041262,71.6036970821415,71.70507220423542,71.9062216822083,72.05080581928107,72.22761432882456,72.37360748554458,72.53635230590938,72.6867579588063,72.85061239149454,72.96793181994741,73.12396145199278,73.27618284631549,73.42672211659341,73.58046273911125,73.7351208052808,73.91806773198455,74.03807281793533,74.17137881006713,74.30818018087075,74.44632646979096,74.59777340167751,74.68594094918545,74.82526934604124,74.96390360651816,75.10079829290561,75.23630770519082,75.36949174152068,75.50085916066902,75.57686543678956,75.71107807107981,75.84816678867102,75.98906807078815,76.15973501920034,76.29864962148163,76.40594068861832,76.54120919236013,76.66131883500715,76.74219878012799,76.82072393976635,76.8448712247373,76.8962257722338,76.89542562280344,76.87475526238697,76.78739891297991,76.79637045058834,76.71670200039667,76.59197633997664,76.51827563963273,76.43426782679732,76.37670082908805,76.33099179674714,76.2888718154447,76.25966619337962,76.24277587553954,76.23468318000918,76.21464952706707,76.2626513277265,76.23068658936707,76.25171786915816,76.22246958736345,76.15052800713428,76.04032124145046,75.9219948359735,75.74192243843122,75.52968447393164,75.2311297600746,75.00594798369787,74.80000570096989,74.56263015128803,74.34530024885547,74.08777940954711,73.89870862612662,73.68145636167425,73.47774012436598,73.2817671258946,73.09272843314646,72.90842603121966,72.67778813438245,72.5050094459406,72.36567300255109,72.18804037709903,72.00452280895249,71.82702788826167,71.65209627124828,71.47459306769859,71.28961722164469,71.10715442961582,70.88925464579825,70.68059011281218,70.5018963894528,70.37471391861408,70.21110954384285,69.992469749031,69.819714833295,69.64741493004749,69.49072054680585,69.35534251093054,69.21370966485658,69.16930007094248,69.21914692228353,69.36863479659316,69.62459565342058,69.95825946347745,70.33781840101351,70.70276069162222,71.04603765205937,71.3779569524894,71.6815404229816,71.98574507874899,72.27224178911932,72.5516471404523,72.8308972203163,73.10839507363244,73.36657956701221,73.60619454690455,73.8577319593931,74.07264501680977,74.30041033266482,74.53806794501908,74.79661949903883,75.05589193640144,75.3260872949871
53.964152184224226,54.015600942925545,54.10055252462195,54.152423838606836,54.19086180918415,54.25527683531881,54.326474056518165,54.40468737012005,54.49326608839159,54.562867471258755,54.636296309032744,54.70186188608393,54.764910196366124,54.82144656387657,54.875392196740336,54.968699481567555,55.018819686855686,55.06748191685856,55.05311512521695,55.090625690232045,55.14921000889544,55.18101061314193,55.21644067571219,55.25945701037787,55.305611325737395,55.33235781762689,55.35025271610853,55.34680947544718,55.357041098025775,55.380265714717886,55.383021873189875,55.41191034163464,55.442987271024386,55.47539931082717,55.50548526907245,55.53197375604844,55.557191390337294,55.58197052986082,55.55636462392409,55.59272763163533,55.63847117095115,55.6843269949391,55.733538511779805,55.815603723827046,55.828037587124065,55.91333115620403,55.96610020819913,56.00092605957988,56.08383516567167,56.15046793992196,56.16703695532671,56.236895158717125,56.29633461931812,56.34146543860866,56.373065013976245,56.42229157830129,56.45861892024416,56.479869955711436,56.459983908055435,56.53946176845266,56.57968837673441,56.6321838598694,56.73905213862891,56.89022426501552,57.06272422013245,57.21859524782131,57.39233676404697,57.58561342206888,57.810522460858785,58.08584602581204,58.36270094769103,58.704321369541915,59.02093329543557,59.350099222289764,59.701984707231105,60.039786722411165,60.361471942732315,60.659483394066825,60.95172489654144,61.22850950279762,61.49692007662814,61.7635974223825,62.03364769322418,62.29979135576855,62.53922075881635,62.79141699380684,63.03567120738682,63.28752921455012,63.55202177473406,63.82071503103143,64.09591297460075,64.38777598772376,64.67634631218078,64.91171659123442,65.20473634354998,65.45884144858877,65.73635287106605,66.0016929761641,66.24698003168868,66.50191527064763,66.75618920320552,67.0418552722324,67.28146306841876,67.55934010999856,67.82970468795553,68.1228011823198,68.40380266806292,68.65910436951276,68.90592866876462,69.14811733694849,69.39557937731234,69.61848114238543,69.88899814515253,70.13321430377319,70.39037262830377,70.61674029079359,70.85874120797759,71.09626917572987,71.32988659032414,71.56454166366827,71.80807129032436,72.0755493475091,72.30868091200074,72.55774335840967,72.7638314628689,72.95693253270508,73.1507774155476,73.317974126355,73.50831572527937,73.66297760725901,73.85206670477619,74.0312089081575,74.24725818648174,74.4184890031801,74.5766298227686,74.73113281578208,74.90957367823603,75.03820908472505,75.19191094834008,75.35699315841447,75.51061342926535,75.67657704715175,75.84767486166793,76.04751368930945,76.2252840115821,76.39150396685415,76.54863738958437,76.69903946141076,76.78986593445565,76.8858102722351,76.97235622541369,77.00733337180402,77.02749273011243,77.02576514283088,76.98332302181348,76.98270594450588,76.94472425753509,76.86410201669773,76.81836663988759,76.82506605850296,76.77537305096766,76.73374611310774,76.7096087029172,76.68969661074765,76.62593427462826,76.64176571608044,76.65917629173676,76.69680625231217,76.7405415577193,76.75394269348838,76.80989727772265,76.85435324358008,76.88765086700226,76.94147345797835,76.9511186503826,76.90921206964663,76.90827730911559,76.83385175727818,76.72544477643177,76.58716181917401,76.4086246487249,76.27149008638293,76.11541914889862,75.96052301425674,75.80673452056996,75.66569662126098,75.53456257356163,75.4096648878197,75.27039621109651,75.2115217288697,75.0802457415526,74.97194931669793,74.88148629001043,74.82998428994968,74.73845621896413,74.6458804850993,74.54964444015756,74.44318181928735,74.32318754776362,74.19278220458902,74.04706227548603,73.91384403746382,73.81423705663948,73.69210213253358,73.55808744441154,73.43940450263086,73.31420172562953,73.20719738812046,73.08769485568128,72.95281813845689,72.87980480969581,72.84182095489064,72.8329442063379,72.85850445197971,72.93622433768485,73.02749848134563,73.1876759812334,73.31743295768878,73.46133006562107,73.55354537962371,73.6597495095985,73.73167148218725,73.7814498582481,73.79199455225125,73.83729006254629,73.82015523563742,73.83283308470133,73.8143983697381,73.79265184376688,73.78165408587569,73.79352988878952,73.82040712720413,73.84841484047537,73.80638056860802,73.83441092604956,73.87325681232447,73.95122540257182,73.99401854560243,73.9734791709015,73.99455293511994,74.00165340229644,73.95770289560001,73.93619686399626,73.81524315290096,73.65002097885079,73.49663896513697,73.3130867846489,73.12888293675293,72.9307911854533,72.76415021213408,72.60463925800542,72.45006393977444,72.31420333545262,72.18789438566564,72.01130912986947,71.89293362093606,71.76607164893437,71.6831336440631,71.56220191245379,71.44360573843977,71.31202899549723,71.16427945561603,71.01862015605859,70.85355974383012,70.71079251470032,70.56659784517906,70.39807317188207,70.29573915395595,70.15621188794995,70.0073133204566,69.81855765643745,69.69161305277383,69.57174008876517,69.39195727949357,69.33553322198685,69.18643854292304,69.08814134301548,68.98402383258545,68.87226353512953,68.77841119676873,68.67213833676566,68.56287724977258,68.45032411077202,68.33678075325625,68.222483348614,68.10656557968045,67.93732809399562,67.83708851355318,67.68189114486263,67.63090326058868,67.53849555185566,67.50069577266511,67.49604899590135,67.53758337825896,67.64813824002825,67.78758281602104,67.96322063667101,68.16222334137089,68.36924037396105,68.55680375224301,68.76039205158135,68.95505386220529,69.13303054503058,69.29824084224308,69.45929213237325,69.61917554757775,69.77374756942855,69.91943988153443,70.05554139201675,70.19099937709468,70.36136373013568,70.47192132473624,70.57854378775782,70.7271624132174,70.85159144476994,70.93871171862843,71.093796329492,71.22964411110466,71.38123825433111,71.52762458763442,71.632424529424,71.82935201901316,71.97458174255974,72.15338578665106,72.3017240818302,72.4685999747597,72.61859497848155,72.78291050134666,72.90274588970483,73.0588548398227,73.21069524627482,73.36074870105472,73.51393448547822,73.66786684233716,73.84827952587543,73.96909467684554,74.10119154918769,74.23735243354096,74.37573667331266,74.53548691395945,74.61470999852901,74.75254840891644,74.8901327142913,75.02597729211615,75.16040552454287,75.29265146117817,75.42330903685473,75.5014756877069,75.63525431166833,75.77239508402486,75.91407060284145,76.08475442340007,76.22318017518447,76.33613581832361,76.47583437741679,76.60085024219312,76.68821323744696,76.77463391257483,76.80811403048132,76.86620936717132,76.87403464913925,76.8612899147582,76.78611021844566,76.79910967020801,76.7255700251089,76.61170330070766,76.53886063605769,76.45547471488834,76.38602827979558,76.33733867351648,76.29316294032326,76.26215578909296,76.2443157215296,76.23679526366409,76.22035278017759,76.26987189745614,76.24976238665026,76.27896771940624,76.25962558517881,76.1978880416567,76.09664120449861,75.98070480074169,75.80517946426966,75.59687732213713,75.30635662910463,75.08228267154378,74.87305443392138,74.63549983093411,74.41525871867987,74.16004164723724,73.96613245025219,73.7479134806873,73.5428142265092,73.34581344472132,73.15626980252897,72.97270343130137,72.74627504588818,72.57657006137492,72.43953491794139,72.26064711616799,72.07718063435642,71.8983083799187,71.72125399329575,71.54137214205896,71.35420104158739,71.1697758588302,70.9529160342489,70.74371310545338,70.5646333612732,70.44643645065467,70.28136673493611,70.0520967616236,69.87744641639068,69.70189229632928,69.53902956003624,69.39369970217847,69.23955954835952,69.17506759215192,69.2000335365752,69.32149682196847,69.55408421104677,69.87078665147467,70.24299879748753,70.60760008641537,70.95191186730574,71.27614318226037,71.58458811433447,71.87253007405317,72.16014758772927,72.44214326799987,72.72431887243152,73.00249601146106,73.26240302618035,73.50178292016234,73.75286251370116,73.96704815292308,74.20206964453826,74.4399047086266,74.69749399100198,74.94800182863781,75.21827646791323
53.92947482483393,53.98222988645352,54.06294653411729,54.11715366487606,54.158728355679926,54.22156632356049,54.29286034165425,54.37151851485038,54.460204176550974,54.53099348117598,54.60540643577838,54.671909757023194,54.735866670054236,54.79323856981509,54.847834111951,54.938533359943335,54.988588376462054,55.03698146425106,55.02610160423039,55.06373584165769,55.12168247676625,55.15316268341615,55.188084230235596,55.230196759700426,55.28317377440525,55.316007432398294,55.33486648210162,55.31913168789034,55.331162264911676,55.35435807394464,55.357760653333,55.386310436290245,55.41657284965965,55.447704992969534,55.47637591552491,55.50139192151974,55.52520653542683,55.54893066898505,55.52782785272753,55.56331718354406,55.60849887806652,55.65382112729396,55.70265515522442,55.778860380459946,55.7946221485896,55.87931081472867,55.93503492686557,55.97150616911503,56.05232867416813,56.11947247645586,56.14017967585267,56.21085291963573,56.271572678998574,56.31820985795605,56.35111561320693,56.4003089827308,56.43341947365725,56.45107143601286,56.428832036562575,56.51110347539157,56.53879754476466,56.58526156908156,56.68288082369131,56.823148822461675,56.991518211131975,57.126233429565936,57.28992943066299,57.47484862942725,57.69328336010149,57.963814411058955,58.23289278436552,58.56919943999909,58.8857918549196,59.211596301349346,59.565985953457336,59.90374434150416,60.2260030208615,60.52512514794278,60.81702423322781,61.09179784990058,61.357651716405115,61.62230988719086,61.89156494951375,62.15829192438338,62.39840845271471,62.650922469929405,62.894910978589614,63.14707931153054,63.4118690625267,63.680856922307164,63.956558461597794,64.24490348732724,64.53242120651257,64.78338374647974,65.07587910975876,65.32945817266426,65.60689122581033,65.8711805544874,66.10437646639444,66.3589851241542,66.61307405695027,66.8936462705863,67.13413916303553,67.41262088467266,67.68345070579072,67.97531384099032,68.25584879387495,68.51197313993242,68.75900521727159,69.00180772803448,69.25047093395415,69.47626559279037,69.74762969829654,69.98959174930351,70.24631218811356,70.47314660629287,70.71517485418465,70.95255871869878,71.18601341973441,71.42064672727466,71.66441582355603,71.93142077244264,72.16615603043908,72.41675583961079,72.62363515439503,72.8172033437209,73.011047957764,73.17930566698591,73.37941360627705,73.53053944498662,73.72073944613513,73.9008377950102,74.12166563843365,74.293837055465,74.45127522344455,74.61321265827566,74.78173425623945,74.9042215127301,75.05911044737579,75.22491771171903,75.37797365933321,75.54808771325474,75.72304882045843,75.92599709643764,76.1119884205327,76.28449654944743,76.45563211336292,76.61590045520958,76.72034316684422,76.82646350483593,76.91842082854608,76.96750766518184,76.99685508604071,77.00312371052557,76.9723958974254,76.97003966523526,76.93362787574652,76.86701163926017,76.8226877623078,76.83762466432873,76.79098488170771,76.74968378532644,76.71257897800743,76.69167757488238,76.62080468064983,76.63412148207452,76.65147824130237,76.68732385470003,76.73059811849043,76.74997409987185,76.80766364944797,76.85634598194942,76.89569596366087,76.95531506591654,76.97309300828242,76.94005433418637,76.93882217938547,76.86722459582701,76.76222560975893,76.6277296604228,76.45505385572535,76.31662886979568,76.160075709891,76.00378143618062,75.84840421402725,75.7058696412875,75.5732896622944,75.44718900524171,75.31057564844346,75.24699428082694,75.11703558356356,75.01303439394901,74.92635018283475,74.87059501910223,74.77887849133381,74.68553682052668,74.58831292647537,74.48099321709492,74.36068622977143,74.23028273776526,74.08550030180838,73.95227550481361,73.85874633250272,73.73525931782224,73.60381551404376,73.47805182580485,73.35392986896206,73.24463913826033,73.12298231675392,72.97747839593627,72.89880753347366,72.85284621278565,72.83353414102695,72.84820403418372,72.91367040153608,72.99985141076749,73.15878365565348,73.28605314852449,73.42620347328267,73.52263279878733,73.62934569698746,73.702313009827,73.75324854613326,73.76422603593318,73.81108094685679,73.79885923127866,73.80897480474206,73.79155603968303,73.7704211326909,73.75934175798159,73.76941744872993,73.79366047326505,73.81997909753014,73.78342181211131,73.8121956043154,73.8516794531201,73.92568773482324,73.97598229923398,73.96567775166375,73.99628157931876,74.01309496500251,73.97880479892447,73.96006516668974,73.84795874193556,73.69138789906188,73.54274523424036,73.36252654165112,73.17829160051355,72.97899115919363,72.80950553200708,72.64811532682981,72.49216025924889,72.35511612140748,72.22835882660705,72.05856197384324,71.94009271636725,71.81736743033282,71.72940229535384,71.6088202497313,71.48903542661724,71.35602437407225,71.20745726084999,71.06108417400362,70.89741815346343,70.75623294713793,70.60789861827473,70.437555409095,70.3422895035603,70.20004450684034,70.05206967528588,69.85275656926358,69.7247436236252,69.60422305950655,69.42953723909056,69.36822300459612,69.21865219977859,69.12240211650199,69.02153989308538,68.91392748817665,68.81588285193152,68.7099990595227,68.60071082362244,68.48769635426243,68.37339429658257,68.25776692525348,68.13949257160027,67.97121555924171,67.863499683317,67.70300483238975,67.65289913369153,67.55063880517886,67.49998487753516,67.47227528072803,67.50062672707942,67.5993620021816,67.73054105807773,67.90288806371944,68.09462626355563,68.3017784011181,68.48675422067072,68.68907209358547,68.88217684727913,69.05722934155901,69.2206106993139,69.38158177626863,69.54188097347682,69.69697519422124,69.84318560807321,69.9798679155692,70.11742845787398,70.28429470067111,70.39480591708528,70.50166753789593,70.65668178400414,70.7831699365581,70.86216071825851,71.02528048204563,71.15228102813188,71.30340611024283,71.45015209489137,71.55976147302117,71.75052484393328,71.89726022359783,72.07795053519662,72.22936288746757,72.39991641509901,72.54956689370542,72.71421220517298,72.83765271626316,72.9938471651513,73.14528170491012,73.29480021103689,73.44730447828323,73.60030628943765,73.77720729564271,73.89911937880461,74.030155365553,74.16543555425493,74.30396538984455,74.4716174273218,74.54307943189778,74.67897953625,74.81537967578387,74.9500646963542,75.08332147322459,75.2145798963399,75.34451432193968,75.42627258556729,75.55961770811042,75.69674899874252,75.83900749851202,76.00877835142022,76.14661971430893,76.26575644048052,76.4093432266505,76.53894151600893,76.63328348971426,76.72744457843089,76.77090186376428,76.8349787652516,76.85144476591694,76.84661529812257,76.78428768511054,76.80041232444522,76.73326728739598,76.63112084468018,76.55921041029825,76.47687036778069,76.39562795193052,76.3438861457373,76.29756027213242,76.26455414009409,76.24550323934852,76.23829918339938,76.22578798688669,76.27562174208457,76.26786198160693,76.30440437017712,76.29483654353639,76.24356569060525,76.15157554522541,76.03741398201765,75.86659927405611,75.66249075690502,75.38102683171003,75.15811963764575,74.94539216853578,74.70777448006824,74.48450096343929,74.23218708480239,74.03277923281934,73.81358639487239,73.60701646058652,73.40881450429916,73.2184948674587,73.0354151077163,72.81421357094307,72.64763287962286,72.51196309043301,72.33191619691318,72.14863507843313,71.96833571599542,71.7890084176946,71.60658071725155,71.4170778989911,71.2306502594216,71.01539597684867,70.80645424948146,70.62693279397648,70.51634145039552,70.34942322119004,70.1104463300499,69.93406205498805,69.75546171879317,69.58661585981021,69.43153011647587,69.26637931177959,69.18243948596171,69.18276273824361,69.27639121417555,69.48485715691554,69.78393031250681,70.14761107471512,70.51074622926713,70.85554130830612,71.17366681544988,71.48603398146226,71.76121138970596,72.04972041538727,72.3338524764984,72.61846234743209,72.89727358116122,73.15846424895257,73.39737429256577,73.64693251540078,73.86065799435747,74.10391246246327,74.341967974798,74.59847687480267,74.83947524265398,75.10950424919754
53.894424427155315,53.94810028302463,54.02392836312943,54.080617001156064,54.12600142982617,54.18743628100901,54.2588474137163,54.33767931689849,54.426020508305726,54.498290633370424,54.57382596094437,54.641472733475844,54.70649941497312,54.76488304925408,54.82030668627913,54.90744521218307,54.957393803176586,55.00541835216792,54.99936509886828,55.03701158489655,55.09338089540795,55.1245194406144,55.158715942743065,55.19941697593307,55.25922219032693,55.297842787900834,55.3177698480048,55.290627234757835,55.30468163798105,55.327866935788926,55.33220518469661,55.360277747898245,55.38954341922668,55.41919485461623,55.446304497978794,55.46979692391727,55.49223056242911,55.514978587874104,55.49951591681222,55.53412421897988,55.578626056441244,55.623259175065456,55.671566935414376,55.740734584240066,55.760829212250364,55.84414333862784,55.90285657988457,55.94134305856458,56.01971259919103,56.08729043769019,56.11331436696027,56.184475382229806,56.24632300022873,56.29450365757206,56.328907393426626,56.3773270051292,56.40727770728373,56.421416788526855,56.397654048059664,56.48172426610997,56.49718320532827,56.53806746801954,56.626469253259785,56.75552206407978,56.919519284108134,57.03303272003348,57.187213407212575,57.36389739988257,57.57575354009884,57.841275985349945,58.10413073591617,58.434551569716106,58.751759238643814,59.07457748096159,59.43017134462015,59.76759883847933,60.09028031984878,60.390297181928716,60.68139996511997,60.95407810353359,61.21749765906125,61.48026246621088,61.74878881688473,62.01609061178419,62.25680514872153,62.50961991362503,62.753478902756775,63.00605497900171,63.27119682019288,63.54051179274064,63.81638614997934,64.10032293149715,64.38608620102207,64.65460444060405,64.94642317562598,65.19936831759392,65.47669103985217,65.73994869857907,65.96116028038549,66.21561003577625,66.46970344227111,66.74417061992277,66.98608709172072,67.2654379393968,67.53694957614964,67.82720580498193,68.10705957012115,68.36399184246756,68.61119117770762,68.85464670322808,69.10462578487403,69.33381725943765,69.60571672803007,69.84552915504806,70.10142807156485,70.32935998877683,70.57137811629006,70.80858639319678,71.04187285506586,71.27648001159736,71.52045559634942,71.78642059124942,72.02306963492265,72.27469865148552,72.48262000609549,72.67661826298881,72.87005835991192,73.0396413183797,73.24953768561198,73.39788071517586,73.5891990242132,73.7702658697637,73.99486348289231,74.16786360604115,74.32454560405945,74.4941628144507,74.65260980158327,74.76972359274933,74.92608707771934,75.09268858860622,75.24508086533875,75.4193454503341,75.59805986224666,75.8036337598849,75.9975127957785,76.1759433695493,76.3605834667767,76.53012266275921,76.64805518591464,76.76424642740598,76.86190194046878,76.92525064819507,76.96406698138608,76.97868095014077,76.96010237662892,76.95646466670624,76.92214616522554,76.86944165145566,76.82670209953704,76.84737905743678,76.80374553315457,76.76285930894775,76.71405347819679,76.69218766060315,76.61605676166319,76.62655902215499,76.64355910275403,76.67729296950023,76.71980265228684,76.74537056987948,76.80450688671543,76.85743396966991,76.90304309844696,76.96760618735549,76.99341784327414,76.96996464167466,76.96771861082907,76.89918403045975,76.79793276998086,76.6675664211437,76.50143546520653,76.36153213082888,76.20463729245971,76.04701163006035,75.88998829965819,75.74580099840384,75.61151467902545,75.4838805048899,75.35024131009503,75.28102885781514,75.15269542690821,75.0534595846987,74.9706746437626,74.90976720033161,74.81781137343361,74.72359740347056,74.62528489032597,74.51705593087117,74.39649119327918,74.26623673652112,74.12274505946144,73.98965970442993,73.90156601964208,73.77653124277313,73.6475590554316,73.51473443301464,73.39162042138618,73.27993075001712,73.15681150116446,73.00147429271827,72.91749280124672,72.8637125536324,72.83422313414397,72.83827002949367,72.8909925369841,72.97238980256125,73.12902880523899,73.25409063900678,73.38997895614044,73.49116085298651,73.59814532929033,73.67217061546881,73.72421425137266,73.73648405940313,73.783707140895,73.77615330909464,73.78403932820586,73.76789312554926,73.74770159774666,73.73675491703904,73.74494528721297,73.76631506270176,73.79070473639192,73.76085543304792,73.79009341384312,73.82983365980458,73.89896595194196,73.9565171373299,73.95744389754019,73.99731843559454,74.02333996937847,73.99893275262305,73.98211755834872,73.8791796873665,73.73170877158661,73.58781199059639,73.41120601199499,73.2270865026535,73.02682611570205,72.8544065460056,72.69107988974203,72.53364872367193,72.39525852499277,72.26783360277459,72.1055673419672,71.98682998573756,71.86825633720532,71.77429336608878,71.65400527995716,71.53294267327331,71.39851149557501,71.24925671377032,71.10229359673906,70.94041281784547,70.80072821067985,70.64813459383082,70.47627200454514,70.38701592138696,70.24190808901311,70.09487019249165,69.88618293399612,69.7570088225028,69.6356747126182,69.46728218650561,69.39950269534182,69.2497674361746,69.15519021872942,69.0574371994756,68.95406627611065,68.85169695692326,68.74634098736225,68.63719888005816,68.52385999396708,68.40883617551923,68.29183008862653,68.17111107529777,68.00452038952625,67.8890115071435,67.72419286014345,67.67357874771699,67.56183827866523,67.49848743625479,67.44822246453673,67.46461595327038,67.55163483725802,67.6742458240764,67.84181919120549,68.02638060072975,68.23355852353593,68.4163264888001,68.61711635222096,68.8088889880909,68.98173356661763,69.14333327734563,69.30404293583325,69.46466861692903,69.62028236387754,69.76702882372423,69.90427465949716,70.04336574478157,70.20571329513405,70.31637556976015,70.42371330185703,70.58459744055872,70.71310405030043,70.78487839121034,70.95600079803093,71.0739691887701,71.22445633300545,71.37151328512974,71.48701038703385,71.67008041364083,71.81898546678832,72.00140717947895,72.15643702334037,72.33021754332675,72.47960813451922,72.64448237532126,72.77241597414374,72.92872732624619,73.0797721334412,73.22875530604885,73.38051293031673,73.53245043424066,73.70508006426482,73.8283356518159,73.95846145940438,74.09267856159951,74.23125726876465,74.40613744544834,74.4711585285562,74.60477169743554,74.73986843210199,74.87329175150067,75.0052889815096,75.13550267523834,75.2646832922402,75.35116378050392,75.48404869068487,75.62108734888398,75.76373276126859,75.93179284876393,76.06898155003188,76.19465053710887,76.34162922088294,76.4755112713723,76.57722011344244,76.6789788747801,76.73294607124825,76.80249160311396,76.82769055046258,76.83084913495928,76.78189366846077,76.80043328669396,76.73990927853978,76.64999751240781,76.57912131323701,76.49816713939553,76.40563833249847,76.35081619957568,76.30223972517788,76.26702506620937,76.24647517933813,76.23927481711584,76.23080765568365,76.279917585142,76.28467185990861,76.32775810861004,76.3277613292647,76.28712020664916,76.20464651319436,76.09198416542596,75.9261680777589,75.72661121023587,75.45504784818178,75.23344612249213,75.01725394604604,74.77971373532658,74.55336910994696,74.30432624790063,74.09893617957579,73.87869489492437,73.67051836435158,73.47090322617082,73.2795107233125,73.09662713645977,72.8813659823007,72.71784856436102,72.58270617199787,72.40161988701158,72.21865558337302,72.03694397342974,71.85529286787973,71.6702598462629,71.4783882743504,71.2899942789375,71.0768342718812,70.86884539943672,70.68885988067407,70.58436763128375,70.41527610617115,70.16778296173993,69.98981577380647,69.80836249472135,69.63372785430168,69.4691137690431,69.29425671136133,69.19151240445345,69.16750746473697,69.23354350554234,69.41723033373633,69.69799986580912,70.0519550726678,70.41245866050576,70.75712370442662,71.07054347948333,71.38593125330247,71.65152503618599,71.9407129609055,72.22657298693187,72.51318231798189,72.79260502414876,73.05471409250717,73.29298869063298,73.54015542113393,73.75369274198573,74.00573601909605,74.24402761794305,74.49936513440957,74.73053301444298,75.00000882288262
53.859018210978064,53.91323456395428,53.98370627411816,54.04288254530462,54.09250092945361,54.15268793230377,54.22421527369891,54.30299048268019,54.39062332389774,54.46460171363749,54.54137181353725,54.6103334463538,54.67657355892814,54.73613161756173,54.792559840673555,54.87544359788624,54.925297860353496,54.972920742770114,54.97277457220061,55.01037938483165,55.06445525727948,55.09527299119205,55.12860845582131,55.167532429616635,55.23389915708685,55.277764046731235,55.29883233466798,55.26159431180263,55.27783154565386,55.30103038633134,55.306555350161226,55.334041156179886,55.36216505938663,55.390173198706904,55.41559956221841,55.437525793845026,55.45859583823818,55.48042215909413,55.47138208951254,55.5050703451342,55.548752963937886,55.592526955525074,55.640147986762315,55.70144797218368,55.72655109904725,55.807819671195865,55.869441837308074,55.91020507652297,55.9858454128401,56.05378331500828,56.08601721854324,56.15741830156787,56.220297544095544,56.27009353203789,56.30620787494893,56.35334037526249,56.380305959204115,56.39113137996067,56.366617454016726,56.45133237693364,56.45514291449835,56.49081842177983,56.57003707285691,56.68761803696691,56.84676052705648,56.93939196756423,57.084463651165365,57.25295914937046,57.45807758446414,57.71832902149791,57.97626302110037,58.30028931597943,58.61857520015096,58.93872640961039,59.29435017144315,59.63118553015372,59.95415575760314,60.2548787022387,60.54480273897603,60.815338237699834,61.07646169540151,61.33747105492805,61.60534551594767,61.87322266810838,62.11446617984771,62.36757466944363,62.61143122121044,62.8645011960909,63.13004224580839,63.39970974140021,63.675477653641295,63.954349794365605,64.23780205252501,64.52495906287228,64.81597697676784,65.06818997282788,65.34534493393268,65.60758944456937,65.81738140508298,66.07179830294655,66.32603327848086,66.5936783556305,66.83742185893144,67.11782454240256,67.39016609268215,67.67850511485463,67.95748572099525,68.2151823002048,68.46249606790374,68.70661388841656,68.95797303752292,69.1909237734368,69.46308544538923,69.70090436364467,69.95569127532626,70.18523817503225,70.42723259761992,70.66426060721446,70.89739686648441,71.13199614479097,71.37617024816059,71.64066754821252,71.87947872465126,72.13172124120065,72.34091259447554,72.53533909895732,72.7280841449266,72.89922040500801,73.11850874845494,73.26498245717752,73.45742323601203,73.6394695476495,73.86668440686135,74.04037552588377,74.19627609609174,74.37348269355455,74.52210903927978,74.63494074623854,74.79297411285184,74.96040011797463,75.11205389874931,75.29035959118383,75.47264226069815,75.68039681317566,75.88174264483872,76.06579021984649,76.2632515636148,76.44150841796518,76.57265097048074,76.6988654026029,76.80267477401624,76.88035086026008,76.9289533215262,76.95230695614978,76.94615077424483,76.94203279773207,76.91046430880914,76.87118356453038,76.83028942032024,76.85371014934479,76.8128770023926,76.77247740403821,76.71385250715183,76.6910386293458,76.61182782063526,76.61921844132715,76.63547930028986,76.66677008351081,76.70818096520225,76.73986982192459,76.8001424283813,76.85722741041491,76.90917444827039,76.9779856875664,77.01171659972721,76.998394201132,76.9948101259444,76.9297058829451,76.8326282856874,76.70678099416415,76.54775183911804,76.40638545748638,76.24934411515457,76.09049158736974,75.93176995952084,75.78574810256467,75.64945354624483,75.51990584080743,75.3892937908307,75.31371922032349,75.18718872252892,75.09292409621317,75.01401387888309,74.94733517089229,74.85512797489598,74.76001167242853,74.66059933884677,74.55149388024408,74.43078496539697,74.3008613879592,74.15898871981076,74.02619822263631,73.94269664904171,73.8159339437921,73.68920651931744,73.54958183742444,73.42732171289389,73.31313421052573,73.18908320190754,73.02493518480637,72.93589384102037,72.8744190137849,72.83497378971907,72.82861872018627,72.86823040088078,72.94502261179443,73.09836070141458,73.2214149539307,73.35264741716284,73.45895738364884,73.56603068176416,73.64115810417566,73.69431431612273,73.70865886882675,73.75530556907049,73.75223535048424,73.7582713231615,73.74367057071886,73.72474915100085,73.71414225805235,73.72040451713663,73.73872086139508,73.76096909046655,73.73867468616679,73.76807823897732,73.80769400056636,73.87124477512842,73.93566898296481,73.94849860013763,73.9973412960726,74.03212436119163,74.01779349330562,74.00243571932977,73.90900416732906,73.77105396882712,73.63198211620286,73.45929040194359,73.275495605459,73.07454929927096,72.8991444819139,72.73378343451284,72.57470833814769,72.43473787926456,72.3063605953217,72.15195080044879,72.03276147542293,71.91821606521052,71.81761383138587,71.69759044229603,71.5752454437597,71.43949647687636,71.28974470392663,71.1423688516871,70.98262271177914,70.8443576657865,70.68753073228274,70.51446440588433,70.42993788540169,70.28185125345486,70.13565181782505,69.91906677207622,69.7886203192098,69.66628593525597,69.5049900651966,69.42950202694676,69.27986035067232,69.18654701349422,69.09167556031932,68.99251534170335,68.8858216811597,68.78111171071637,68.67228112159529,68.55877323351503,68.44311504876325,68.32475949573792,68.20160797774977,68.03733555115896,67.91391762384133,67.74565612141998,67.69303168149783,67.57218891128564,67.49634292540658,67.42431947613763,67.42974482074409,67.50507474150811,67.61877651556313,67.78019725515375,67.95759652520013,68.16457705566609,68.34543309128681,68.54444035801183,68.73506493137566,68.90633957646382,69.06622438419237,69.2265337378321,69.38742461327995,69.54357153277283,69.69088605859952,69.8286973101804,69.96883272375062,70.12587850072234,70.2368897174534,70.34492634460689,70.51097619140326,70.64137727878185,70.70708400018455,70.88580114849037,70.99495311771256,71.14464723747663,71.29194183956682,71.41409862346893,71.58835898480793,71.73990167652408,71.92385432451579,72.08285961033226,72.25941927584233,72.40865313096438,72.57368588413932,72.70679933786789,72.86328422137497,73.01399644308775,73.16249264559951,73.31350005436917,73.4643105644046,73.63212685472008,73.75693222388284,73.88630103098308,74.01933047416162,74.15785695945104,74.33901947202284,74.39905656776874,74.53013386186662,74.66382292435182,74.79588970343644,74.92654147967136,75.05564542610593,75.18402422407267,75.2760569226499,75.4084276896704,75.54526895050917,75.68810039457983,75.85378396093442,75.99027899353021,76.1226660902285,76.27258584093558,76.41047812320089,76.51983368514402,76.62905973906788,76.69395799959513,76.76870551739782,76.80280658010224,76.81410914774754,76.77889052398244,76.79932743034827,76.74561148982234,76.6681018444041,76.59838969575668,76.51907738365408,76.41619790850504,76.35831082119759,76.30737721376536,76.2697323872652,76.24736829184032,76.23980204271423,76.2352642950578,76.28277615015878,76.29987850722686,76.34875922184422,76.35805880919224,76.32811084245759,76.25537635796904,76.14427713659126,75.98387208534638,75.7893251141302,75.52832715881078,75.30824936657133,75.08887480768527,74.85157723334538,74.62220528501607,74.37656966219008,74.16489049626915,73.94345877153806,73.73349147555808,73.53221253187901,73.33942446546727,73.15640559352688,72.94749455271455,72.78686777926607,72.65151281460781,72.46953045413998,72.28701159136646,72.1039672291596,71.920040667286,71.73245058207954,71.53827264815982,71.34802456492538,71.13737071763009,70.93091840985953,70.75047981447734,70.65045370676654,70.47892249344605,70.22437116412385,70.04496159756519,69.86083392139604,69.68061395168458,69.50673067510063,69.32327950334928,69.20238299970875,69.15444065350349,69.19317922839662,69.35151958421858,69.61330473061675,69.95633000065823,70.31301032765428,70.6568780920526,70.96678708547748,71.2843332022527,71.54320702397192,71.83287791309603,72.12010302028429,72.40833345674487,72.6883675818394,72.95110341402246,73.18864614088221,73.43274468754254,73.64637059668081,73.90733754709267,74.1458535124715,74.39995575379135,74.62139597999794,74.89002837301106
53.82327339609192,53.87765516055786,53.94248852954325,54.00401899517957,54.05804675239297,54.11712250208414,54.188743922596686,54.26727271861124,54.35392086356892,54.429769507772605,54.50786092256366,54.57827452656893,54.64585422972473,54.70673589010621,54.76434349608309,54.84253707665239,54.89236244134696,54.939616798218665,54.94619898729736,54.98376570634595,55.03505555483981,55.065615441604436,55.098034412056975,55.13495789129203,55.20734725826945,55.255671371486244,55.27792346294108,55.232331114777786,55.25084431635016,55.274086511652484,55.28101103260726,55.30782954085645,55.33470384980055,55.360944328181155,55.384589654028154,55.404915561906954,55.42463472974799,55.44556925521134,55.443379644162995,55.476077169198454,55.51877985841905,55.56151028594434,55.60827244368081,55.66122218130715,55.69168012992114,55.770330755727116,55.83466736918793,55.877860571584726,55.950585587214896,56.01881259979347,56.05786442049533,56.129337432718565,56.19320827168585,56.24472617593468,56.28278457808746,56.32834382289664,56.35261656749879,56.36044057702154,56.335889765903765,56.41993604418836,56.41297422834797,56.44373129545892,56.51380392800525,56.61971078822027,56.773275027972545,56.84571002049836,56.98195511999112,57.14223329382653,57.34040007681078,57.59507179231584,57.849137858675455,58.16632423607554,58.48597949298365,58.80372673577971,59.15833172464999,59.494339733344425,59.8174812520336,60.11874891508675,60.40718320155408,60.67556622640254,60.93454761623089,61.19395154882784,61.46126126731302,61.7297233434934,61.971446879104185,62.22485208193511,62.46882417527277,62.72246294192524,62.988442537448925,63.25848086735418,63.533914586479526,63.807299550064805,64.08802951783719,64.39402800254936,64.6841489488005,64.93554122781616,65.21244552879298,65.47369482858845,65.67308977190802,65.92755822309776,66.18201948489228,66.44241951309822,66.68825846912476,66.96981396192136,67.24306504903818,67.5292398111686,67.80717797069086,68.06556633623084,68.312929405691,68.55768890948708,68.8104417993519,69.04737276589731,69.31956206141,69.55559521773127,69.8090727960663,70.04063890184604,70.28261990150031,70.5194897687423,70.75251742415595,70.98714975501021,71.2315394184457,71.49428038761494,71.73544029882464,71.98797305592305,72.19863949604049,72.39352766007478,72.58540083574323,72.7582822513426,72.98614757997649,73.13182571034262,73.32538987853329,73.50842524389908,73.73696109734442,73.91117968596802,74.06630183101991,74.25067170483452,74.39014069434141,74.50009839465355,74.65990482625433,74.82814662872279,74.97901161103216,75.16113946859802,75.34673028947844,75.55625938983427,75.76456347523262,75.95398289302567,76.16339651766636,76.34986005473294,76.49377995956957,76.6300295159221,76.7406183042427,76.83260802981894,76.89134857564619,76.92387719687059,76.93026645369332,76.92677998468879,76.89871621895917,76.87205504793488,76.83333577196665,76.85625001244472,76.8178328961532,76.7778951601265,76.71182697577916,76.6880543419372,76.6082547261467,76.61223984459635,76.62729925810812,76.65581168352982,76.69575886333037,76.73320957442044,76.79428571330186,76.85533650785776,76.91357219004105,76.98609243182055,77.02761272201096,77.02479422157887,77.0199402472294,76.95876597505175,76.86637418546826,76.74548227231153,76.59398533940966,76.45137443777207,76.29443639652541,76.13449929958253,75.97403237567326,75.8259683637246,75.68732218644259,75.55543146703751,75.42763368543002,75.34515912884105,75.22047892136811,75.13112713575889,75.05592209428531,74.98313326803867,74.89070140535323,74.79472906589795,74.69429527917517,74.58443098484155,74.46375007323478,74.33437387918215,74.19442345422193,74.06209264575624,73.9821387516857,73.853483457285,73.72864635644363,73.58272355219844,73.46108207347714,73.34431150692116,73.21969821197776,73.04799042820399,72.95404388080003,72.88496462959719,72.8357487117824,72.81916638853816,72.84542365007799,72.91765879353446,73.06672861560484,73.18789561809142,73.31419975931846,73.42585023220185,73.53288402966592,73.60918928101053,73.6635160825399,73.68064071036947,73.72601315579293,73.72730323684631,73.73191545767783,73.71914931857386,73.70181970452012,73.69175247602577,73.69608625139887,73.7112278352258,73.7311494931599,73.71687282621693,73.74612396406258,73.78523504359399,73.84270892558305,73.91348375921325,73.93856285106288,73.99602795287828,74.03918408620926,74.03509375758209,74.02110132998955,73.93753035995846,73.80949386318558,73.67539849305767,73.50694491775995,73.32374687121617,73.12241395419271,72.9440105675161,72.77647644891297,72.61551810778042,72.47366151727881,72.34398168540181,72.19733791549552,72.07750323179924,71.96672431000701,71.85917066636297,71.73940917591243,71.6158617034281,71.47898543484708,71.32898812086846,71.18143036626998,71.02412681006737,70.8872006729183,70.7263119940657,70.55237406076432,70.47107487357022,70.31992261915211,70.17435149703712,69.95163810494502,69.81978978354954,69.69624761457577,69.5424588186213,69.45835073213374,69.309007041833,69.21651386459294,69.12421478417963,69.02911012772654,68.91822519405663,68.81425882001699,68.70589725074923,68.59239427653527,68.4762395750116,68.35664180359254,68.23117016593294,68.06975401044966,67.9385116722192,67.76759550951571,67.71134751386687,67.58178564201084,67.49369082157304,67.40099524434088,67.39620709341277,67.45979971118258,67.56421253408399,67.71820549158872,67.88838420927374,68.09483031196015,68.27398656278645,68.4709596414822,68.66057932386846,68.83084372735492,68.98909982770819,69.14891230903021,69.31003509787503,69.46674515528245,69.61467384281119,69.75307155399881,69.89385088071423,70.04504930463382,70.15660779485755,70.2655519311113,70.43588484505985,70.56797311478712,70.62899680788175,70.81452540446642,70.91547733965237,71.0642371385141,71.21167143942,71.34095353433335,71.50570081410665,71.66015305719814,71.84539057532486,72.00854376932685,72.18743752904521,72.33663631308225,72.50178760397485,72.64056648195691,72.79730674880517,72.94778454506952,73.09589088919773,73.24620606323104,73.39589796758786,73.55857668998698,73.68509782300883,73.81386528053045,73.94564031052812,74.0840091112817,74.27023601072906,74.32688282879985,74.4552749989369,74.58746709363946,74.71808979804244,74.84731239798352,74.97523377717516,75.10274539375342,75.2008596621385,75.33263513534577,75.46915261967807,75.61196440191452,75.77473773343485,75.9105253559808,76.04965108185928,76.20210656762998,76.34376068641244,76.46093478133157,76.57751010873984,76.6536489954669,76.73357814474257,76.776827432162,76.79651305896645,76.77524060716173,76.79724962880213,76.75048941252543,76.68520238118275,76.6168119087399,76.53931345447748,76.42744516695593,76.36655199676918,76.31314865220052,76.27283992308794,76.24831932719697,76.23996073809538,76.23901041349842,76.28421416066512,76.31316840923324,76.36713799701884,76.3853878501475,76.36609685069979,76.30328732911306,76.19415468113813,76.03969750678685,75.85071890058853,75.60077224388792,75.38251661037161,75.16048979468653,74.92362461076081,74.69135161545978,74.44902785332879,74.23092938864714,74.00809781540835,73.7961073319596,73.59287534296644,73.3983431892998,73.21481655491282,73.01236155493818,72.85434118801476,72.71813167023475,72.5354201659753,72.35347254460382,72.16923956012286,71.98318513934827,71.793193977688,71.59687150091399,71.40495776493273,71.19714511237898,70.99270513529017,70.81185778849769,70.71453839029108,70.54035948658121,70.28047544463173,70.09975355098358,69.91311529609943,69.72752256013293,69.54466084986875,69.35353544398797,69.21514792380927,69.14373524199137,69.15552391506634,69.28804075107179,69.53015432616493,69.86103506799903,70.21267417823579,70.55502350756943,70.86241154454908,71.1812931007105,71.4359933635424,71.72596796077104,72.0142407975396,72.30377043638502,72.58443849564895,72.84758307067668,73.08436666983172,73.32491377126868,73.5389097593155,73.80851427910933,74.0472155327932,74.3000457169167,74.51228497531197,74.77980108362544
53.787207202286595,53.8413845041507,53.90048339186448,53.96409504863868,54.02245879647504,54.080541214989495,54.15221336140419,54.23034673110742,54.31582136756118,54.39363680157118,54.47311021703012,54.545078605033105,54.61410655516823,54.67644748225577,54.73540757345663,54.80873420808109,54.85864943951118,54.905634680674616,54.919507307228486,54.95709701432243,55.005331780547884,55.03573889830692,55.0672664540368,55.1021081315001,55.17970907745912,55.23146492476258,55.25491275367405,55.203135839436214,55.22395227848989,55.24727339783301,55.25577211491521,55.28187178164921,55.30742587012958,55.33181254597864,55.35360331919236,55.372303258707,55.39067960385254,55.41072774879188,55.415461854097934,55.447066298364106,55.488606997747254,55.530094983594765,55.57581444058252,55.62027884862675,55.65610862581291,55.73166753551595,55.79840984557599,55.84407789234433,55.91379159441512,55.982239783429115,56.0284321627103,56.0998885307504,56.16476714408656,56.21814828384368,56.25840502315585,56.30233207779769,56.32432187024826,56.32956974641681,56.30563849519071,56.38754350419997,56.37097470295023,56.397022954153336,56.45798946422747,56.55207436493696,56.699095874851835,56.752385727176154,56.879962771159356,57.03191924918641,57.22286560075206,57.47160257061677,57.722603467398805,58.0325678872908,58.353711870684684,58.66926210795351,59.02192529496429,59.35689676486847,59.680108721049145,59.98178702668691,60.26849199961216,60.534750043644905,60.791759212354336,61.04971984339572,61.31656229159135,61.58562788807661,61.82780257950191,62.081517495649365,62.32571400626596,62.57998519563205,62.8464348931902,63.11685526967087,63.391778562389916,63.65948767272691,63.93722935377425,64.26139164890024,64.55054752734016,64.80104017200883,65.07758544517422,65.33785688676649,65.5283353122817,65.78289809366274,66.03761798081818,66.29064412771469,66.53871192675783,66.82143946618471,67.0956112388677,67.37943793448385,67.65618704340172,67.91516577363227,68.16250070890041,68.40785139232685,68.66196117781192,68.90295186792866,69.17497278712841,69.40947955994574,69.66154363045358,69.895419906005,70.1374216312574,70.37418228577086,70.60716649824633,70.84189547040974,71.08654274666087,71.3473778537398,71.59101135664268,71.84360354281957,72.05592728729565,72.25134575478964,72.44228395529713,72.61706618185517,72.85227496534732,72.99839151402212,73.19307674877855,73.37710937374398,73.60552624134513,73.78008295726907,73.9344579403224,74.12522925753787,74.2566134917805,74.36542195945013,74.52701249140796,74.69602244974931,74.84607285365463,75.03169441537075,75.22025822225304,75.43119462338518,75.64586079447945,75.84046718177356,76.06078218536001,76.25500949960782,76.41121660448056,76.55759129513201,76.67568650188402,76.78194800805056,76.85117801817601,76.89331341048853,76.91231411186689,76.9106337009548,76.8868128016738,76.87194552449914,76.83574162752052,76.855270969069,76.81888052158598,76.7793084780925,76.70810155421619,76.68329539028645,76.60541547270451,76.60574533408271,76.61907878086934,76.64447425657589,76.68256215276485,76.72512754578038,76.78665218033335,76.85137146567176,76.91571850066883,76.99156528538916,77.04072965449473,77.04861591203583,77.04295249718206,76.98634012854838,76.89923249791325,76.78377914841336,76.64011832803098,76.49668465968983,76.3401543551221,76.17931275817251,76.01705873017353,75.86671919183823,75.72533652210888,75.59062383762331,75.4651615886724,75.37544234385696,75.25252947436813,75.16776791060208,75.09595349605839,75.01699582902516,74.92440477443779,74.82769902237632,74.72641171844855,74.61599116429151,74.49556904390262,74.36699139729261,74.22924143406053,74.09754456011322,74.01989285855825,73.88919581965766,73.76576701755255,73.61428909050086,73.49294983312801,73.37352462633828,73.24855732436976,73.07076937891465,72.97197614859103,72.89534843742327,72.83651050436404,72.80982931682611,72.82261194142767,72.89020730284885,73.0340818192344,73.15340215628402,73.2746268855758,73.39166724007303,73.49858764825264,73.57617795103641,73.63178689278062,73.65231983019699,73.69596682547193,73.70155484957981,73.70521639982353,73.69459031249632,73.67916917037115,73.66983426596352,73.67228160289768,73.68418595007469,73.70162327787786,73.69544310794731,73.72420447344352,73.762431357076,73.81354312450627,73.89000738914983,73.92735764192275,73.99305619813701,74.04425509019856,74.0505402820624,74.03819607068458,73.96485644338996,73.8470988270642,73.7182040031586,73.55433476570707,73.3720682622112,73.17067332475966,72.98929603059646,72.81940942071314,72.65625703767434,72.51213677209151,72.38073875416836,72.24135425331487,72.12067130124238,72.01325876725348,71.89877084613794,71.77929491997097,71.65470941763017,71.51698448635793,71.36705385414545,71.21959856790993,71.06500408751307,70.92933659253559,70.76470333961514,70.59024241683696,70.51044636385834,70.35617080509141,70.2109061758789,69.98412695404357,69.85072888532517,69.72575063773344,69.57948639023762,69.48617854362548,69.33728360821785,69.24513213582212,69.15501467961973,69.06368607695201,68.94887566502972,68.84572990569612,68.73798697003548,68.62468132665687,68.50821841296123,68.38756366919515,68.25998452682411,68.10186873370814,67.96308729108584,67.7902119177269,67.72861582365691,67.59072340981177,67.49067060133666,67.37867869795663,67.36419653518865,67.41592774253212,67.51063328118511,67.656027136535,67.8188538252575,68.02431460686981,68.20189943795461,68.39658973315613,68.58530681230441,68.75504237554824,68.91177541574717,69.07103677619259,69.23238620605989,69.38970568578182,69.53830870647126,69.67733307733215,69.81844170160555,69.96348469406638,70.0757892366652,70.18583532633608,70.35939021005052,70.4928750511011,70.55083607700249,70.7420174370016,70.8357863792827,70.98348435097552,71.13093576590667,71.26750247163399,71.42244615820917,71.57988381320347,71.76611453692387,71.9334026212078,72.11418821933476,72.26349211091423,72.42875240717568,72.57348108093217,72.73058380680442,72.8809663506063,73.02882869635245,73.17857116969272,73.32722393144887,73.48465859304383,73.61302117719721,73.74134540828774,73.87185708928588,74.00995837363466,74.19975956525077,74.254746590914,74.38040407803999,74.51102488107108,74.64012328119948,74.76783516671958,74.89449335667852,75.0210550775988,75.12547964910286,75.2565514579898,75.39259717245062,75.53517878674134,75.6946402117684,75.82973394856054,75.97545349402097,76.13008488178782,76.27527757592456,76.40033397851765,76.52415292124141,76.61173040552558,76.69706712178758,76.74978768396788,76.77817859109531,76.77090627348477,76.79435475544956,76.75465853793104,76.7010676632573,76.63418446144414,76.55858819435632,76.43951829266624,76.3757215166558,76.31972992164545,76.27651149350405,76.24946503574989,76.23983078116002,76.24189851949481,76.28424834019125,76.3242280515993,76.38262472127317,76.40940731895896,76.40063748404485,76.34790167618998,76.24147858469117,76.09363055204862,75.91087900161142,75.67229058370415,75.4562350943814,75.23233394828284,74.99611550420909,74.76115022809127,74.52181134697486,74.2973400624574,74.07283181723007,73.85853747130987,73.65302458097578,73.45637399018702,73.2719260966128,73.07572926172512,72.91991945428364,72.78231139085057,72.59906129019441,72.4178078852755,72.23259504325749,72.04465960750146,71.85253108607479,71.65432531310745,71.46101052650705,71.25629725441148,71.054237430269,70.87305899584649,70.77656039530449,70.59958418914319,70.33636031069366,70.15444565878089,69.9654459161137,69.77470208782059,69.58318430856791,69.38511228952196,69.22990382883667,69.13556416764882,69.12080309787932,69.22710967700537,69.44885807168887,69.76636948400294,70.11172315977326,70.45177898736247,70.75743076781488,71.0768642210735,71.3296200653761,71.6197357927427,71.90878453968183,72.19934792956624,72.48069500699314,72.74410391964817,72.98017030399963,73.21687612895421,73.43152843076264,73.70906344780212,73.94788355331792,74.19943200775425,74.40342083637813,74.6695651387684
53.75083684935181,53.80444502604821,53.85789912354162,53.92317940353975,53.985556959530506,54.042745295659245,54.11440359111606,54.192033226584506,54.2762330761164,54.35604638082862,54.43693662594322,54.51052831265825,54.5810956630641,54.64501800937856,54.70550199374297,54.77404355177182,54.824220748200396,54.87110255229897,54.892568495063955,54.93029977364407,54.97543392686266,55.00583546775488,55.03657722434747,55.06939792078175,55.15112719824028,55.205044869156964,55.22966972771679,55.17430668153098,55.19738776049307,55.22082913095351,55.23103847996548,55.256396758279465,55.28059720003479,55.30308215503897,55.32296910349539,55.34002591484915,55.35706282744578,55.37620551240192,55.38758199265185,55.417959339822545,55.458134639785094,55.498166865747855,55.542648111880006,55.5788396111588,55.619728907663486,55.69182095385674,55.76054593652413,55.808625387396276,55.87532190654042,55.94392635729855,55.99729663508192,56.06872735073193,56.1346861223846,56.19010655034603,56.2328367304677,56.2752998697316,56.29553420553297,56.29874425485369,56.276031153347574,56.35416299329425,56.32944189437825,56.35091026295954,56.40281332704612,56.48498281421416,56.6242561556899,56.6598179359378,56.77876156213987,56.9222164313857,57.10561873990135,57.34801962921358,57.59650806602773,57.89893182691174,58.22151208679672,58.53501617461574,58.88494017310967,59.218691941543014,59.541890082558844,59.84387224325321,60.12867977990838,60.39287766343012,60.64810027457686,60.90479183411712,61.171274809393154,61.440971551995425,61.68358861405179,61.93763625513629,62.18215695551217,62.437112936338515,62.70405651110794,62.974863047418594,63.24915119526839,63.511229636483996,63.78586231715195,64.1266303911898,64.41478114800302,64.66430489485597,64.94035730381749,65.19966765523367,65.38316795762508,65.63782621207416,65.89278468557136,66.13860223486861,66.38889723628769,66.67273432342407,66.94776945582065,67.22912752536051,67.50456366332146,67.76400243549573,68.01121949536306,68.25708096282312,68.51246028035399,68.7574487106404,69.02914383358055,69.26243523292595,69.51307477515665,69.74943892429594,69.99151939021723,70.22824656629065,70.4612760589215,70.69618791914418,70.94115987226216,71.2000786908701,71.44624889730508,71.698762149057,71.91290254474627,72.10895519155027,72.29900902652354,72.4758115210174,72.71671168973803,72.86466090756684,73.06046164374943,73.24549835241571,73.47221252586716,73.64689221076205,73.8005795554777,73.99665476091194,74.12143615660936,74.23113686208411,74.39443038179375,74.56412190995263,74.71335647808404,74.90203376429604,75.09316033268742,75.30517565057042,75.52552241197405,75.72520366404902,75.95531954854864,76.15698795618445,76.32502913789453,76.48161484447357,76.60790243484753,76.72837617861268,76.80841709132305,76.8605609479199,76.89222652327955,76.89347619936616,76.87460434522792,76.87075661103002,76.8374094782995,76.85114587849475,76.81646578354984,76.77720036664914,76.7029450525864,76.67703808238775,76.60327014909264,76.59975338308112,76.61086222871509,76.63281504263709,76.66861997771834,76.71536344146713,76.7769572683321,76.84494248753029,76.91509555706355,76.9940431135435,77.05069084154795,77.06931048152329,77.06369039830035,77.01240416270733,76.93126497486239,76.82177964599855,76.68613260021361,76.54249837207308,76.38672896355179,76.22519599462461,76.06112361548634,75.9082535899744,75.76371165042059,75.62564940660806,75.5017780953374,75.40466262586028,75.28330383247146,75.20254562800908,75.13366229029137,75.04875719110619,74.95611119178201,74.85887098036113,74.75698766380431,74.64629833822197,74.52642440451055,74.3989311293932,74.26363483069207,74.1327555520308,74.05595950064347,73.92308706731598,73.80045695338657,73.64440796549584,73.52297332183839,73.40083555591205,73.2755613320781,73.0934013929418,72.98972387239878,72.90556947361712,72.8372217714941,72.80052378732675,72.79983493178163,72.86257709480509,73.00036958372792,73.11780409330368,73.23391969890346,73.35623624869,73.46302381278132,73.54203791931626,73.59909408900135,73.62358647447473,73.66530350251713,73.67518807008348,73.67841881766745,73.6702544958683,73.6570534606206,73.6486363228699,73.64928168453105,73.65794517182253,73.67276777802631,73.67437878610687,73.70229365146474,73.73925750920081,73.7839320930986,73.86528579584916,73.9146039643241,73.98810382397404,74.04707331892682,74.0638398033564,74.05380162177153,73.99108059575879,73.88393883533743,73.76053729501585,73.60161399128889,73.42067401259165,73.21957297977877,73.03528969711945,72.86283202161415,72.69710372559541,72.55027089730092,72.4166736844246,72.28362538011436,72.16188173012819,72.0572971326085,71.93622134582864,71.81708111363618,71.6917065517176,71.55349974827979,71.40400879330714,71.25699388402913,71.10533351891917,70.97084478509883,70.80292972936633,70.628310921754,70.54807183423173,70.39064443025934,70.2452528001015,70.0167633408131,69.88164929433991,69.75498589188487,69.61587072350339,69.51311519414483,69.36476614838809,69.2724431909783,69.18403505520278,69.0960786321516,68.97774126349476,68.87547255818569,68.7684899819695,68.65559258750876,68.53906022130911,68.4176117495506,68.28823794740005,68.13377268724413,67.98793811924992,67.81370623934986,67.74492618970073,67.59909715365923,67.48742174127997,67.35779876579502,67.333906909984,67.37357683180737,67.45811815841253,67.59384542601713,67.74911554545835,67.95302625484656,68.12908425144695,68.32124616355763,68.50912204341854,68.6787318773012,68.83406695616344,68.99276526608425,69.15436407317996,69.31235557864629,69.46170717969186,69.60141756656031,69.74262667235773,69.88144365621787,69.99469347756887,70.10602179524693,70.2815590948974,70.41606658050858,70.47282107024738,70.66812111713841,70.75612476129675,70.90264718971859,71.04996850024418,71.1936727873778,71.33893527378763,71.49923814893302,71.68612481433053,71.85734928685874,72.03958726311046,72.18915495450162,72.35454516608955,72.505306809315,72.66290429364025,72.81337177091778,72.96118472657257,73.11053558654467,73.25829974364602,73.41060158686909,73.54089101445146,73.66893261449627,73.79822982902184,73.93594939588802,74.12756263927174,74.18275713337565,74.30573006856947,74.43472022775279,74.56222139878847,74.68834321615309,74.81364979284845,74.93916155192517,75.04982453367616,75.18005708788125,75.31546142488678,75.45759755252902,75.61347744143822,75.74791808244633,75.89992130873348,76.05641426423061,76.20494740665501,76.33784185321483,76.46881111401815,76.56791357643313,76.65913008517227,76.72172191025106,76.7592232999359,76.76584926005202,76.79079112972616,76.75821986481512,76.71550084497943,76.65035390452485,76.57669983954789,76.45248504198865,76.38592894231014,76.32724393281802,76.28088288997316,76.25093510286368,76.23949161923993,76.24378140357481,76.2828954122675,76.33274391999662,76.39494968174643,76.42977608245512,76.4312919979343,76.38874674522607,76.28611709084706,76.14565628585424,75.96987795201781,75.74278973608219,75.5293821105424,75.30458751967511,75.06925273344608,74.83188734972921,74.5950152015549,74.36439168696874,74.13787383198208,73.92095188787603,73.71279311510064,73.51362396350574,73.32780029462204,73.13735994582883,72.98325324174944,72.84380062842712,72.66022609447418,72.47978705557183,72.29386775550135,72.10439739518044,71.9105029602265,71.71077456523474,71.51639949719582,71.31496694201124,71.11554714933632,70.93414862963512,70.83645843525393,70.65659370469854,70.3922902697398,70.20929194567644,70.01806507872105,69.82240094292152,69.62258106641853,69.4180977961958,69.24674736687253,69.13010036792406,69.08924230916345,69.16904220472883,69.36972538642378,69.67263245798256,70.0104302197898,70.34736356781714,70.65185866639162,70.97109983573924,71.22382313995162,71.51393409782312,71.80353246769495,72.09492060895245,72.37701435728778,72.64061681811516,72.87607706990427,73.10884521724111,73.32444481189513,73.60878228582722,73.84762744845536,74.09791161027273,74.2950243991896,74.5595587224825
53.714179557077266,53.766859157565726,53.814943987034425,53.881340757740546,53.94716113939015,54.00353596873273,54.075094612726865,54.15215291145827,54.2350642294765,54.31684103134031,54.39915707830957,54.47440628035621,54.54658668121769,54.61219908684279,54.67437667789097,54.738473667324115,54.78913826076875,54.836148575252764,54.86525151387377,54.90330044919385,54.94551198624306,54.97609725640364,55.00623936557565,55.037242029677834,55.12174420419735,55.17631136726616,55.20206390591924,55.14614183681502,55.1713830907797,55.19499179709458,55.20701001063856,55.231633349760074,55.25448391838158,55.275057458301816,55.29301555272156,55.308420560937385,55.32411676742174,55.34231041860763,55.35969333655828,55.38867791499248,55.42726304239512,55.465611749675155,55.50864759198589,55.53712610591965,55.58243329641372,55.650781954043815,55.7209523120842,55.77127140533505,55.83503499569044,55.90373381278513,55.96403402750393,56.03550964773176,56.10267716766683,56.160347670022965,56.20584722033663,56.247241928464376,56.26636591143336,56.26818946903946,56.247235251844344,56.31980274779701,56.28867335870512,56.305610086974035,56.34849516198381,56.418710183149,56.54878895848227,56.568405495123564,56.67862645040224,56.813324256360055,56.98880407787201,57.22442124091934,57.47069987331961,57.765327612224816,58.08911989486251,58.40067258425035,58.747185649809765,59.07956058018504,59.40267725447166,59.70488377099967,59.98769718920081,60.249937059761436,60.50357459370346,60.75918341647753,61.02542504132902,61.29578958538725,61.53886031576481,61.79327370494581,62.03820926433357,62.2938911431719,62.561344589277866,62.83253429966574,63.10611409901074,63.36284091546827,63.63438916478604,63.989324618682986,64.27645824640524,64.52495348580764,64.80035372546394,65.0587191701202,65.23763763935932,65.4923508757648,65.74747551846461,65.98654386994872,66.2389294021715,66.52373180187098,66.79950449354692,67.07833662435866,67.35235855464376,67.6120981449079,67.85909528290993,68.10535724686306,68.3618682144291,68.61065092514197,68.88190141180245,69.1143400793098,69.36363722684409,69.60255369350575,69.84479478170596,70.08159101829224,70.31477807634728,70.54998172936824,70.79537043470577,71.0525016432889,71.3012099200117,71.55359832180226,71.7696918448977,71.9665177788051,72.15585157235766,72.33475759330106,72.57927853831929,72.73061493046337,72.92752237261217,73.11356865423457,73.33685697894143,73.51142478933777,73.66451945644276,73.86450075409881,73.98455953436468,74.09742596682476,74.26227097430527,74.43252899864846,74.58096939758589,74.77216779857208,74.9653836934116,75.17819345088017,75.40352268586966,75.60823713321774,75.84711165876014,76.05590887013965,76.23532795341241,76.40218126642995,76.53729175107622,76.67189917056231,76.76304176535322,76.82556534900823,76.86993692441906,76.87518958277661,76.86194113668175,76.86838992433424,76.83824181562123,76.84424759999897,76.81103458690363,76.77205408671931,76.69662757059162,76.6695666112376,76.6017647865291,76.59424546059161,76.60267782258555,76.62089371757648,76.65399983517253,76.7038028254668,76.76499093534173,76.83569330002898,76.911197872808,76.99317220170673,77.0571356443348,77.08638075003881,77.08202525042856,77.03693132970086,76.96248931275525,76.85951527331311,76.73197280320106,76.58886297989385,76.43420179892811,76.27219519124523,76.10631324470553,75.95068344590496,75.80258490056822,75.66065264445064,75.53740042800942,75.43291425295756,75.31276611795052,75.23515950847961,75.16860268307343,75.0782516915362,74.98569376701839,74.88819437834981,74.78606212237985,74.67547642626084,74.55649868216858,74.43041026258653,74.29779581548217,74.1679272078324,74.09033920892547,73.9551732366658,73.83260461468808,73.6732096903476,73.55120086960031,73.42630628277745,73.30061102809746,73.11601582628894,73.0073202802287,72.91562677453271,72.8378451172027,72.79116608231676,72.77713227799187,72.8346771244707,72.96554118050994,73.08097095394545,73.19206910226995,73.31938509948024,73.42607479850899,73.50668299091308,73.56540501335849,73.59433088936832,73.63416011133818,73.6484007797563,73.65176737927837,73.64640281207188,73.63572848733513,73.62840734174911,73.62737760919693,73.63285546635008,73.64496032701113,73.65367311544466,73.68036538247085,73.71568806815698,73.7540605525604,73.83936490238578,73.90002280987376,73.98084862251477,74.0473752910673,74.07470377849255,74.06799502665369,74.0162772480197,73.92003335165836,73.80242633418176,73.64878754712812,73.46959323286984,73.26918403782946,73.08213925635279,72.9068991228698,72.73818189547846,72.58815432952144,72.45183759921275,72.32382820270169,72.20076612565285,72.09831904665259,71.971329140553,71.85260119607267,71.72677107104205,71.58853733748339,71.43991982790311,71.29373674204987,71.1451940790886,71.01180461106843,70.84121612375463,70.6668210231673,70.5839707626562,70.42339211364248,70.27732831545592,70.04977728669466,69.91276268039708,69.78414426418595,69.65140976187647,69.53929041641456,69.39153076090497,69.29848839385794,69.21123571949192,69.12612323609711,69.00479015886754,68.90343436791771,68.79734598906671,68.68508626271999,68.56877365875222,68.44687270166374,68.31611731463752,68.16555883736746,68.01335779552011,67.8382793676809,67.76036819083116,67.60700181252405,67.48408371798556,67.33878437666627,67.305531981711,67.33286497525908,67.40674656731233,67.53184359605963,67.67927954218321,67.88096157034207,68.05545353791904,68.24484446321085,68.43189966394591,68.60170858887113,68.75579025681108,68.91395590547022,69.07585483458088,69.23459728825122,69.38478579258503,69.52526070806309,69.66642727890391,69.7991851782861,69.91357995226112,70.02635660280974,70.20245830812256,70.33753119579444,70.39517105031697,70.59268031591931,70.67673701038765,70.821983969601,70.9690033236499,71.1193918335717,71.25550841751412,71.41836026877971,71.60552001256261,71.78029688716332,71.96355057677174,72.11355927388587,72.2791307530642,72.43580734162667,72.59405710758026,72.74483071722368,72.89283763936699,73.04203952657734,73.18913669183773,73.33663469444114,73.4688960627749,73.59681809939732,73.72500754832282,73.86222682741976,74.05361773647574,74.11102373544924,74.23146193991903,74.35877707479072,74.48461539669029,74.60906997655768,74.73292871391747,74.85727309304887,74.97380196599163,75.10303245529884,75.2376041930465,75.37907470274625,75.53123546794748,75.66509106881502,75.82290250801655,75.98098819577993,76.13268879352142,76.27326898193559,76.41130762451553,76.5219176098166,76.61972718721293,76.69264461030339,76.73970611049208,76.7600028452916,76.78658365028402,76.76115260138006,76.72844499348516,76.66528787196202,76.59362891289953,76.46625278941717,76.39710407761073,76.33565314955437,76.28595918173897,76.25278258312409,76.23900910800123,76.24458163032664,76.28018527680123,76.33842556912413,76.40385729547975,76.44618805519978,76.45773171416013,76.42558687182351,76.3280292927185,76.19574864706176,76.02768303409647,75.81217775862308,75.60187810913752,75.37718155862177,75.14297899090629,74.90354383043297,74.66861888516306,74.43215203598517,74.20331393617789,73.98345662951712,73.77229237277635,73.57019688616178,73.3825069571533,73.19701785262023,73.04399324247355,72.90234803493638,72.71868684649145,72.5391794976833,72.35289177379241,72.1623318258201,71.96715065312961,71.76635973779045,71.57134132454651,71.37329397346184,71.17666614703244,70.99519188297496,70.8941712235866,70.71138513681377,70.44852982920021,70.26454643638952,70.0712120812037,69.87086753360971,69.66313113864095,69.45257972025404,69.26577518999851,69.12751678026531,69.06106708124665,69.11415417695153,69.29306568960484,69.58012319925056,69.90906830580839,70.24199628531879,70.54570915139603,70.86405321710535,71.1183385977477,71.40831556482445,71.69828280256291,71.99034314720762,72.27327378794863,72.537072623256,72.77210699406379,73.00103449277134,73.21787710358576,73.50746802584071,73.74621709261538,73.99528150844077,74.1873164997394,74.4500200188103
53.67725671178905,53.72865453359484,53.77181889471873,53.83864978067344,53.90710479866492,53.962723378688125,54.03407117605412,54.110528242673986,54.192223614562025,54.27586393213337,54.35958862959319,54.436495302002946,54.51034484943396,54.577742436908366,54.64178155568933,54.70203311394939,54.753463867513155,54.80090091020678,54.83742532709495,54.87602550636171,54.915715892794,54.94671602944471,54.97652409872317,55.006050494809884,55.09170112946814,55.145175850560896,55.171981407672064,55.11892010048924,55.14614691714396,55.16996417843881,55.183843839945645,55.20775576381879,55.229292080814815,55.247988927643064,55.264026644860884,55.27778064159841,55.29212523574562,55.30929663404534,55.33176543619069,55.35917173200516,55.3959214602436,55.4323491602245,55.47371504597645,55.49534380436177,55.54413539260677,55.60855206637551,55.67952143120467,55.73180066990781,55.79279792773036,55.861528256880106,55.92822568593081,55.999893550690324,56.068453352684735,56.12861897609287,56.17720444238603,56.21815298851863,56.2369292429415,56.23813074539257,56.21941830215099,56.28447100403406,56.248966652003936,56.26133929129331,56.29525461456315,56.35353051883863,56.472727371224465,56.47854725307368,56.57983239341617,56.70544214004505,56.872566198277354,57.10090567854697,57.34502710803178,57.63166680051642,57.956275048424736,58.26591498534128,58.60847101578821,58.939337997611645,59.26232215469662,59.56470081614036,59.84549487424752,60.105916206642036,60.358185960539075,60.61291048596243,60.87903920800938,61.15011723838949,61.39367301765183,61.6484951896278,61.89392717405232,62.150364795259414,62.41833632577573,62.68989912548053,62.96274888751292,63.21463698381187,63.48327065349222,63.84905472064476,64.13518725816304,64.38260403431393,64.65716733085469,64.91460346755622,65.0917942889055,65.3464803821674,65.60164643572692,65.83471853699155,66.08892320931325,66.37446516058695,66.65078115864428,66.92709327231958,67.1996224415465,67.45947472515182,67.70613758967502,67.95265987105913,68.21011409309924,68.4623461735232,68.73307182941444,68.9650720856027,69.21320208824787,69.45462232938948,69.69712981348755,69.93412438959338,70.1676047668057,70.40323168227856,70.64915412665827,70.9047648612522,71.15595104534563,71.4082605356698,71.62642030108296,71.82419090142888,72.01307299594828,72.19412148093348,72.43984687007509,72.59623538010993,72.79423948541822,72.98130131926999,73.19947072531923,73.37373407382593,73.52638357719229,73.7288814499021,73.84616836965654,73.96429566559914,74.13054025809608,74.30125630277234,74.44893448819737,74.64211343231574,74.83694964999282,75.05029868158739,75.27994673421637,75.48964215670628,75.73627449972368,75.95188594549514,76.14222344463505,76.31937166348428,76.4638800985132,76.61252361295644,76.71502801053263,76.78827215359709,76.84537855177324,76.85565595403996,76.84867346309554,76.86474708121862,76.83814113080342,76.83494899285874,76.80303283650625,76.76435289922583,76.68941920793371,76.66116516983251,76.60084541623188,76.5892029895405,76.5945530248622,76.60877044892999,76.63879375247815,76.69057415429926,76.75084918729068,76.82361311589828,76.90385172376966,76.98883559299234,77.05997832425474,77.0997461687375,77.09795254626466,77.05988746936323,76.9928312739758,76.89688229435882,76.77752411981838,76.63564775221553,76.48243712965353,76.32018412211406,76.15253041534459,75.99395311161925,75.84195319270768,75.69568880845934,75.5720711914711,75.4602995657167,75.34093487777291,75.2654026011711,75.20040582869326,75.10533539647305,75.01303671729103,74.91562343463424,74.81367465623069,74.70364690647557,74.58597037309724,74.46164142039221,74.33191285395256,74.2032576750327,74.12303520401743,73.98547348463711,73.86210430883314,73.70082520163281,73.57768430599224,73.45000196956553,73.3236103028695,73.13874180014521,73.0247986218838,72.92551937652412,72.83834314551996,72.78167248407291,72.75454363691017,72.8064163469131,72.92954588100518,73.04277226300452,73.14906599864385,73.2809416338713,73.38762288069263,73.47002697088982,73.53068700800856,73.56444332104329,73.60267357634463,73.62139085999712,73.62550675272506,73.62329620448914,73.61544968984232,73.60939260583302,73.60685524434604,73.60926082236955,73.61857286240603,73.63331962649436,73.65839424611727,73.69169840983345,73.72411221789987,73.81229168158804,73.88335055352445,73.97101920048898,74.0450038797827,74.0829974805709,74.08079322866705,74.04041134512235,73.95530241546149,73.84378045954469,73.6957541331225,73.51872223791382,73.31940431830849,73.12977532795652,72.95158356323672,72.77950555322451,72.6258399982268,72.48631254622549,72.36198233560327,72.23724141510377,72.13603808736448,72.00395819483651,71.88571709273485,71.75983475164499,71.62210643562219,71.47485178951261,71.32994288631976,71.18466151813101,71.05229392158124,70.87978445533204,70.70600954850245,70.61816618701532,70.45446662806388,70.3070795659031,70.08339151542205,69.94427266896923,69.8134094383148,69.68591466047718,69.5648329076488,69.41765370296454,69.32330979956826,69.23657766715182,69.15365748380675,69.02999180258091,68.92956463055197,68.82449619990594,68.71312109435777,68.59736740490091,68.47543318252697,68.34380951551329,68.19732015038785,68.03963995870514,67.86413219601634,67.77503140588098,67.61453232537701,67.4807960080359,67.32206445938051,67.2792655142819,67.29391016913786,67.35659790943063,67.47020488268707,67.60945598773904,67.8081168678079,67.98091983202644,68.16730016263976,68.35351432062161,68.52376886651534,68.67676112554418,68.83446682111553,68.9967446256081,69.156333268972,69.30746107526288,69.44879818822032,69.5898650071772,69.71696824746894,69.83270809543453,69.94708501399025,70.12215465824809,70.25725238974344,70.31810527991189,70.51553890438682,70.59786765124859,70.74175300548045,70.88827391734117,71.04458696222258,71.17250578978872,71.33739430632747,71.52439871498159,71.7021587705083,71.88599450249708,72.03664004191477,72.20247456123843,72.36474792828116,72.52383249740663,72.67517397712878,72.82366640821118,72.97302322979868,73.11974606221376,73.26298693873834,73.39722505017095,73.52519306323222,73.65243926577575,73.78903531760793,73.97789736054649,74.03965567639926,74.1578086614822,74.28341936329107,74.40753652078584,74.53024887820683,74.652555748118,74.77559797728624,74.89731960104828,75.02535808496783,75.15888435799022,75.29946424086174,75.44790033679942,75.58126621884355,75.74424507389011,75.90370015725736,76.05842035144155,76.2064259411925,76.35149555382863,76.47362809831044,76.57883351065412,76.66250180390628,76.71954126063672,76.75326055752204,76.7816472990575,76.76337504307885,76.73987852229186,76.67897195065933,76.60937937357895,76.48070669647272,76.40914923184822,76.3448897728195,76.29170735811203,76.2550135839225,76.23843307823887,76.24438265295838,76.27621874343063,76.34127019485086,76.40933952370412,76.45866592115371,76.48003766217118,76.45851883477309,76.3672413760476,76.24387531496993,76.08421334157794,75.88036290717386,75.67362338532062,75.4499763024313,75.21716256813727,74.97599676202708,74.7425495536884,74.50056277670224,74.26913472473738,74.04607231930017,73.83157944648461,73.6261785648035,73.43613792387275,73.25460630683793,73.10190023729533,72.95775539603554,72.7742442255927,72.59577059460942,72.40950856418,72.21839903932458,72.02251499373132,71.82121949542646,71.62604847761793,71.4314158497247,71.23762570075291,71.056253151988,70.9496394820041,70.76395753111001,70.50533931042652,70.32045386963505,70.12511769805938,69.9203444981302,69.70511322980073,69.48864581794118,69.28708395029628,69.12798634212078,69.03650294645671,69.062761436383,69.21918840046732,69.48914091711963,69.80791036535207,70.13589617625279,70.43899613394491,70.75577763756937,71.01290244924287,71.30263288255884,71.59283376526973,71.88547021699569,72.16935054039146,72.43342219224894,72.66828010299646,72.89365741218688,73.11204350670742,73.40491790049877,73.64342236020775,73.89133868622704,74.08051797402067,74.34118721179445
53.64012302994832,53.689903241515246,53.72864210344201,53.7952001631541,53.86540708653018,53.92029114056374,53.9912771320424,54.06709813457569,54.14768892590351,54.23303830148236,54.31812031994121,54.39665703581756,54.472211366380606,54.54147465023684,54.60752513982956,54.66472860808555,54.717242099534815,54.76545445315094,54.80897578579787,54.8484047422153,54.886141217920205,54.91780241383657,54.947572699728966,54.9760160931615,55.061095844895235,55.11177295067001,55.13956965061758,55.092691178927765,55.121691449032866,55.14574126166283,55.16150814520149,55.184734736768426,55.20500447902406,55.221884053243365,55.236037322729935,55.248151788399916,55.26113087245205,55.27720009079129,55.303821758508455,55.329477312717366,55.364155978041524,55.39843846012334,55.437908917638794,55.453594085441864,55.504891021038226,55.565219742624684,55.63631656211177,55.69022263286748,55.748632973018076,55.81730860204269,55.889691117648546,55.961712723502664,56.03185903493121,56.0947707475176,56.14675916849466,56.18802898042963,56.20729441719592,56.20872718643129,56.19271085650538,56.24818601955768,56.21061801743245,56.21831474101388,56.24331133030675,56.28971786838017,56.39610448191203,56.390642058128336,56.4826543486513,56.59876949837633,56.75704968473076,56.97757121490945,57.219337988921616,57.497860949073036,57.822717301026074,58.1304270263725,58.468605561768626,58.797859510639924,59.12067670114272,59.42320258488928,59.702023481806606,59.960803078075116,60.211938165888704,60.46598893805724,60.7321435300448,61.00398976113955,61.24808205272384,61.50336605373217,61.74936692599059,62.00657887172827,62.27506891867722,62.54698762393136,62.819137088714186,63.06693113851207,63.33295837963371,63.7054186687802,63.990597807267115,64.2369106383839,64.51044921669693,64.76698540196057,64.94568428054163,65.20022614105744,65.45527365938167,65.68329601013092,65.93896069595071,66.22496502584079,66.50158066732759,66.7754278797455,67.04640530428965,67.30616085112365,67.55236650018628,67.79898633868862,68.05715831602281,68.3123896048368,68.58254800020238,68.8145594586768,69.06176355031911,69.3055613361495,69.54845636234973,69.78579370987713,70.01971538740325,70.25590882444972,70.50249571435774,70.75693746686797,71.01050113079627,71.2628336810138,71.48314813293536,71.68203143604586,71.87074700559195,72.05393320401154,72.29855733555736,72.46150659020104,72.66059972902977,72.84868512347757,73.06029418582166,73.23410683797803,73.3864672921557,73.59024851514306,73.70652813122258,73.83170661452331,73.99921022986116,74.17028626820057,74.31723854079087,74.51189040447748,74.70790627301852,74.92155446214957,75.1548869117054,75.36949333623399,75.62292405516857,75.84503288627278,76.04582600516333,76.23326713811966,76.38769312510146,76.55025613485206,76.66435179712727,76.74862690152997,76.81848464182977,76.83475741600996,76.83465161152945,76.85972969848989,76.8370099151637,76.82362291635107,76.79290643721656,76.75458006509146,76.68159006431452,76.65211795116896,76.60045806941892,76.58460739285417,76.58651529792657,76.5965054042336,76.6230941563459,76.67582887494221,76.73470658786503,76.80889469726259,76.89324424459792,76.98119693034144,77.05936528076882,77.10952764338049,77.11150247378936,77.08123709158913,77.02220511105892,76.9337631497056,76.82266639082846,76.68270974956197,76.53129239884034,76.36903184571078,76.1996703283033,76.03799719928814,75.8817987054307,75.73079052831588,75.60589017746776,75.4869272776375,75.36792234665644,75.2933864427134,75.2291369050522,75.13006346408234,75.03817116402504,74.94119157319656,74.83987521246499,74.73087987868202,74.61492367769677,74.49271713038758,74.36606311449123,74.2388296161151,74.1541479218925,74.01412608657907,73.88908226500878,73.72743889592218,73.60259906013395,73.47210982839778,73.34464482220189,73.16168341207624,73.04220604840518,72.93525912148888,72.83868075306495,72.7719592748718,72.73210866538848,72.77770371719983,72.89233295663819,73.00307754527596,73.10490129099365,73.24073369329076,73.34755033458927,73.43198366430951,73.49490741510792,73.53381401566517,73.57098082194622,73.59435619101725,73.59987783988953,73.60116274793104,73.59636958025658,73.59169390466406,73.58783141640534,73.58731562674043,73.59379043203339,73.61332280267344,73.63638708208966,73.66730627295475,73.69422207653228,73.78414616326067,73.86455255672168,73.95864270463828,74.04003222973913,74.08877033819773,74.09217123670403,74.06341629956036,73.9896544560099,73.88450318537102,73.74241016584268,73.56795444347604,73.37012419533923,73.17811005533297,72.99683755505215,72.82107564854235,72.6633757600622,72.52018703507403,72.39824771475557,72.27147454368723,72.17062142388903,72.03420866332857,71.91648752930853,71.79094347137332,71.6542458115067,71.50884032167048,71.36565308233725,71.22375303227184,71.09234405657976,70.91873511777531,70.74596736426435,70.65079225509145,70.48404008419669,70.33468364393234,70.11769697515423,69.97626790207441,69.84287547996348,69.71936907074105,69.5898529569293,69.44321581831386,69.34698246359189,69.2600962087939,69.17865160359497,69.05338037629447,68.95388292825504,68.84994567394388,68.73969480719119,68.62485713308638,68.50336471788181,68.37147435646747,68.22913427473647,68.06703987748843,67.89144617183074,67.78900867338575,67.6217836573319,67.47769808801354,67.30806794274787,67.25530127160896,67.25683040969442,67.30775158631349,67.40911252192399,67.53975505443272,67.7344884616956,67.90539566842483,68.08852879236849,68.27384066018067,68.4447090664912,68.59679537021681,68.75415613978515,68.91691958160719,69.07746597518403,69.22964955783748,69.37196569341184,69.51296134311075,69.63505185096423,69.75233734178158,69.86845205839712,70.0407164671301,70.1752234340525,70.24183050770512,70.43657045359723,70.51974108522049,70.66218801116719,70.80798808362877,70.96921025112137,71.09019290589272,71.25645848445497,71.44285284016807,71.62290277766964,71.8069002364358,71.9583880642676,72.12458467788085,72.2920109197184,72.45212099753354,72.6043067015452,72.75359389016297,72.90344097086172,73.05013182811909,73.18983836589226,73.32602873093477,73.45421073380996,73.58072654282458,73.71657577208954,73.9004207210507,73.96874562728937,74.08495300422267,74.20884714565166,74.33119369524226,74.45209104139894,74.57273308379102,74.69431885129305,74.82031869865718,74.94696706184067,75.07921933056858,75.21865805490766,75.36346485470891,75.49645767231128,75.66379723396373,75.82444379630641,75.98206276726081,76.13717495179063,76.28940328081457,76.42309078486852,76.53642962509767,76.63122492217317,76.6986210629722,76.74551296904262,76.77589321620903,76.76480503316964,76.74977984491844,76.69139172752043,76.6239551807539,76.4957319246763,76.4219667143131,76.35488600357837,76.29809440402282,76.25763353490608,76.23781243939642,76.24329052557482,76.27112037100198,76.34147024875489,76.41159923467785,76.46741225724676,76.49838447502873,76.48766428822766,76.40378109588674,76.29000389900914,76.1393877182909,75.94725343808065,75.74451821048751,75.5228319835232,75.29167175075806,75.04912315098149,74.81673410526277,74.5695636399318,74.33531517387541,74.10881362788174,73.890702951763,73.68164875135723,73.48880261363433,73.31025704974199,73.15709449482009,73.0101258264266,72.82694749961172,72.64956072648033,72.46370307604597,72.2726020364364,72.07663100927886,71.87542751553482,71.68061456262319,71.48938860396392,71.29842506735976,71.11735021242916,71.00293317401923,70.8144341667055,70.56283629809468,70.37709685353346,70.1798624704152,69.97093427127967,69.74869345833991,69.52636855071619,69.31076902448018,69.13168199093862,69.01577543712156,69.01517982573267,69.14840293824636,69.39998482090236,69.7072293459439,70.02928227700451,70.33173352515496,70.64632636952894,70.90725070491588,71.19663873983839,71.48698357679937,71.78015649098054,72.06512185603204,72.32961638227232,72.56461642322046,72.78692743212964,73.00716222213293,73.30092914245752,73.53901312564223,73.78588014448545,73.97484949392165,74.23329835083904
53.60284922050937,53.650699906633356,53.68547983912483,53.75110049699954,53.82222174035397,53.8763803734554,53.9468493556452,54.02198890602227,54.10157319734465,54.18846432948601,54.27483336983631,54.35495851377466,54.43223538012529,54.50342819301435,54.57161401535365,54.62656076420453,54.680459341688,54.729784936985126,54.779850722485754,54.82037921290689,54.856728417682085,54.889281486424,54.91929402373952,54.94702848771627,55.02997841009149,55.07644216886233,55.10518402815062,55.06735527234034,55.0979317088472,55.122242261052,55.13991891416119,55.16249367932797,55.18155200489119,55.196681799835524,55.208996070104476,55.21949216923169,55.231101580063026,55.24600129607627,55.27589692158554,55.299647900214765,55.33204210024734,55.3639752696096,55.40134179143429,55.41193707865384,55.46481430640684,55.52091606785718,55.591505411489,55.646709917374174,55.70269714669232,55.771223309615124,55.84858299330318,55.921093871791854,55.992991829093896,56.05886875396286,56.11454308856691,56.15686860180442,56.177421412899555,56.179914266355944,56.16704080727679,56.21110006963846,56.17379554462903,56.176721435823126,56.19287987963395,56.22754614525671,56.318953378540485,56.305088758627825,56.387367273577304,56.49350574728949,56.64239912084556,56.85451612281978,57.093480734746436,57.36382161518116,57.688186406209276,57.99389235582796,58.327398578474664,58.654960436086924,58.97759281171899,59.28026828346049,59.55723365863614,59.814585648063876,60.064835000557345,60.31843466824746,60.5847642280458,60.857442403774805,61.10214275399176,61.35795164180883,61.604584751645525,61.86257754561234,62.13157591059131,62.40382257332516,62.67533450923955,62.91989839342867,63.18365751921918,63.55841575444607,63.84272760366564,64.08798353684965,64.36037532347245,64.6160737690531,64.79933270865489,65.05361212576119,65.30838722337818,65.53228212922552,65.78905667188783,66.07525576892589,66.35193275338128,66.62337897822297,66.8927543911237,67.15221013011272,67.39784054940559,67.64439842986502,67.90306596186561,68.16084682859035,68.43040560355296,68.66285416669052,68.90936761608931,69.15540807469,69.39880366353194,69.63661887874115,69.87112030016577,70.10801464776094,70.3553891575497,70.60900369019268,70.86484281756347,71.11730096087241,71.33984630807262,71.53999643181164,71.72881400486605,71.91412916417457,72.15563986068186,72.32641342435781,72.52659070156153,72.71570959172801,72.91958342532027,73.0928397984365,73.24507054481806,73.44905822043566,73.56590436400278,73.69961946963687,73.8682528714751,74.03960123426468,74.1858682072801,74.38151846446607,74.5783016683446,74.79202391202416,75.02843557302793,75.2478652735202,75.50717630882397,75.73546339649432,75.94624602859818,76.14394879281922,76.30875647878403,76.48510336530617,76.61098909540318,76.70657513265043,76.78918843107648,76.81237607154037,76.81972586904378,76.85323939295486,76.83475066001975,76.81064222975301,76.78110129389343,76.74321884523906,76.6734102394359,76.64270914824347,76.60054877730826,76.58044009345889,76.57859210416026,76.58415875102334,76.60699347348658,76.6597184343733,76.71673770080287,76.79173342668815,76.87958073880985,76.97043612468805,77.05545020098423,77.115847391702,77.12270522256907,77.10094470627311,77.05052507653957,76.97004027992338,76.86727945699423,76.72990603245697,76.58062504960078,76.41860742051504,76.2476281844815,76.0827503210824,75.92210361732916,75.7659904336994,75.63895746940956,75.51290627606265,75.39385001701451,75.31929008142633,75.25501312198833,75.15259794917378,75.06123219369671,74.96499737738714,74.86472295219077,74.75719658635435,74.64334761128907,74.52360076169833,74.40019571656131,74.2745854276624,74.18389999313092,74.04142280060607,73.91396846620484,73.75330355045942,73.62627427025916,73.49297481398568,73.36407968723866,73.18489788385149,73.05962744070314,72.94493597989927,72.8389008983135,72.76198018085088,72.70987039967359,72.74844819039835,72.8538516788336,72.96175632555489,73.05956588228796,73.19858911916612,73.30573943545592,73.39246687623508,73.45803361071127,73.50233449268957,73.53920909752333,73.56744808016276,73.57498084025967,73.5799983438556,73.57840968288347,73.57522008580273,73.5702216436976,73.56695019160225,73.57056776844178,73.59370149112509,73.61439594171871,73.64259177288552,73.66445561615559,73.75504730611361,73.84376984651502,73.9438549561065,74.03256358321252,74.09208262999664,74.10210320399788,74.0852255209241,74.02299790256656,73.92449802592719,73.78865206185925,73.61718326530892,73.42123404304512,73.22705558188444,73.04261331065334,72.86289313114064,72.70080947167294,72.55354957536944,72.4327846984505,72.30364091836223,72.20228823557271,72.06224188011853,71.94505433745475,71.82019936838682,71.68501079750355,71.54189939262102,71.40084775983712,71.26243481375961,71.13193215965384,70.95800836936179,70.78661317964678,70.68211339476363,70.51241887307792,70.36054933854096,70.1526702213968,70.00875118230368,69.87257571769152,69.7518776238864,69.61444502686749,69.46830312813196,69.36962823461408,69.28194369337396,69.20128344266749,69.07508394888964,68.97650252916894,68.87378562029599,68.76486973712285,68.65127561793233,68.53067999840587,68.39912111122361,68.26098314642289,68.09555450966,67.92021065807252,67.80248824294289,67.62889746143459,67.47493952605689,67.29721997654956,67.23383301617564,67.22174369317945,67.26028699950699,67.34874974979495,67.47028691457128,67.66007266645684,67.82879358176983,68.0084458829211,68.19275332935821,68.36432554505608,68.5157087986831,68.67288198824417,68.83626583792372,68.99789786126263,69.15126777042087,69.29469891001747,69.43573774276523,69.55368558241216,69.67268924197262,69.79062217286975,69.95827638972332,70.09161807197107,70.16640194290609,70.35593672713601,70.44241668102539,70.58335368590666,70.72821066519943,70.8933131684169,71.0086133605753,71.17560663335259,71.36095826000626,71.54262155835649,71.72638282860261,71.87889765264022,72.04554295278444,72.21767448049346,72.378980801433,72.53226395691676,72.68263154032731,72.8332839368013,72.98027367186342,73.11717380778036,73.25528963876249,73.38384985977764,73.50985300738587,73.64484697612068,73.82143557691404,73.89829398000938,74.0129119148445,74.1350942268899,74.25563436858754,74.37465293940097,74.49352109522755,74.61349683302905,74.74285441230033,74.86793232060819,74.99869282808623,75.13673141113685,75.27800312292706,75.41071903774979,75.58148946610696,75.74318046624148,75.90362752731922,76.06559213206141,76.22512233341976,76.37035789867281,76.49249610859404,76.59874539621741,76.67683783010096,76.73665065215262,76.76923254190116,76.76536041491065,76.75812737488366,76.702532789449,76.63736029359207,76.51121363554876,76.43545883429604,76.36557404279604,76.30508730440178,76.26064786572191,76.23719610091739,76.24141130228074,76.2650147354604,76.33922190061678,76.41084604014925,76.47263147479441,76.512946785794,76.5131448863401,76.43767620728815,76.33410200860986,76.19312500806402,76.01275760768941,75.81446285603398,75.5956088343171,75.36637482438756,75.12280000376602,74.8910994380181,74.63909435648578,74.4018342598067,74.1716952259186,73.9497115041492,73.73668719313788,73.54061084738446,73.36412305309881,73.20976954227537,73.0596685362219,72.87697448689401,72.70070451611761,72.5155904177774,72.32501185630052,72.1295275402067,71.92897616063534,71.7350001098718,71.54716676467154,71.35901531617,71.1784292596044,71.05432778594164,70.86313545393503,70.6209637611467,70.43442015376874,70.23539845055579,70.02259478955924,69.79384047591516,69.56574314100267,69.33687214714546,69.13876513069884,68.99911008556903,68.97172518770999,69.08101872217719,69.31295411991152,69.60729819510696,69.92237362395932,70.22393523614296,70.53575268538158,70.80111937524535,71.09008582547527,71.38053045813584,71.67425664182618,71.96046497628615,72.22560605050441,72.46113598125403,72.68105800924165,72.90344762308682,73.19533281034921,73.43283917314868,73.6788149479908,73.87046569825108,74.12652850392153
53.56550609341004,53.61113933031291,53.64239751688269,53.7064596245647,53.777705509616666,53.83113791366139,53.90093633476134,53.975343830459416,54.05400522525401,54.14226590470423,54.22984072598119,54.311499774044,54.390501304130076,54.46367061063364,54.534096587084875,54.587528935469635,54.643089818227246,54.693841421701364,54.75001218579506,54.79189235058045,54.82739046268334,54.86105250211067,54.89157281099372,54.918954837497694,54.99839640258739,55.039530600735304,55.069185693250304,55.04281001134493,55.07478202669782,55.099386280546604,55.11899213283849,55.1409560022164,55.15886555029803,55.17232112818404,55.18285128492994,55.191759852608484,55.202005238466036,55.215680757123216,55.248025543495785,55.26973673758298,55.29965533131987,55.32905520898388,55.364126304612846,55.370432810269605,55.424019549977956,55.475772420831504,55.54525718521773,55.60143881364206,55.65515194006498,55.72342882003754,55.80507881372688,55.87819152902168,55.951978209248594,56.021005842153684,56.080611783234005,56.124670940428516,56.14725235783649,56.15158032518389,56.1422669427132,56.17346101197954,56.13843344279274,56.13656603864101,56.14405698532487,56.16722123830574,56.24135484880906,56.22226467377824,56.294240910704914,56.38984977028173,56.52875910981494,56.731838675090934,56.96730356426365,57.22946035612716,57.55242211751704,57.85599462219155,58.18465935662993,58.51047609076971,58.83292240433441,59.135777118067985,59.41107605149423,59.667251890611574,59.91688025534993,60.17026357201855,60.4369275226229,60.71051041363214,60.95590963406553,61.21231112668179,61.459620491421894,61.71837729817637,61.987857434277124,62.26039693359898,62.53133535704195,62.77349490204483,63.035305174178596,63.40844488690342,63.691982741175515,63.936246119127134,64.20739871548194,64.46232343637944,64.65275678907994,64.90666547929885,65.16102599359691,65.38166256573082,65.63921769093142,65.92536085243688,66.20187607441126,66.47098683765122,66.73871632329897,66.99768183891288,67.24262701580273,67.48897236589747,67.74792397653196,68.00782436498072,68.27675138966865,68.51002690353046,68.75606734571241,69.00421489231606,69.24821220899581,69.48662796526372,69.72183554631903,69.95955398745765,70.20782938560782,70.46093930959968,70.71895437439008,70.9716364544381,71.19647930362103,71.39803865046657,71.58721155643474,71.77464506637251,72.01132442958529,72.19094074620122,72.39220000112819,72.5823642488921,72.77759450868652,72.95022967184374,73.10249327866455,73.30576683639403,73.42456261293704,73.56799488697946,73.73764016481232,73.90918354029608,74.05481013957869,74.25101736169024,74.44818394182685,74.66177015066863,74.90068507287519,75.12483257028435,75.3891472444192,75.62329118018157,75.84359390854038,76.05149773006612,76.22709580750397,76.41707193337578,76.55491587562636,76.66206238680203,76.75742315600112,76.78839402348491,76.80374652269869,76.84517778142026,76.83126585668924,76.79637979234161,76.76806331139578,76.73075250059145,76.66514983299965,76.63322295405243,76.6010635711179,76.57668251428102,76.57081090594481,76.57179065683516,76.5905841306109,76.64239427957023,76.69711708984227,76.77232468674129,76.86306650992266,76.95673308696607,77.04838677200807,77.1188276314363,77.1315909821702,77.1189748233099,77.07770542295266,77.00559612558214,76.91124315907854,76.77709366142436,76.63029252504711,76.46877990500656,76.29629918477907,76.1281470891728,75.96285010699484,75.8013211542891,75.67137315070671,75.53834544833471,75.41883938126028,75.34329256562974,75.27825185184568,75.17310192961068,75.08235708937194,74.98714136748454,74.88827735617227,74.78261633618881,74.67122698045009,74.55424930435765,74.43425270276353,74.31045905248686,74.2125218158362,74.06766551694297,73.93721344710562,73.77867640683367,73.64904868596973,73.51295234275408,73.38230376785258,73.20843728453748,73.07715401946666,72.95466938285402,72.83914197236672,72.75185861224588,72.68792926208164,72.71859281583887,72.81407230573227,72.91868897810825,73.01305330712326,73.15434513149641,73.26208897832066,73.35141415387133,73.42005288172643,73.46994814905727,73.50738247703534,73.54064772707943,73.55073641127132,73.55969889398457,73.56146005856478,73.55986642277259,73.55392968388064,73.54808189698163,73.5488454042241,73.57447551270118,73.59247625483118,73.61764002425612,73.63487299895405,73.72511630284683,73.82114793366668,73.92679193232215,74.02270118247867,74.09299463459112,74.11056328378207,74.10577241880382,74.05524118439462,73.96366849547957,73.83437623774282,73.66630211916487,73.47262423554943,73.27652405101334,73.08886304237753,72.90495895072827,72.73818898970428,72.58648867672296,72.4657536449801,72.33391594608776,72.23125770176198,72.0882191793934,71.97155964315915,71.84770497640655,71.71445690794226,71.57404245702487,71.43550563750732,71.30067134915681,71.17103231676205,70.99753353666587,70.82785579954661,70.71240145834275,70.53991654112828,70.38509562653577,70.18828401035644,70.04172325329571,69.90254232815992,69.78354745128263,69.63870306459725,69.49300193095333,69.3913725170903,69.30228275686787,69.22174894817202,69.09523795663524,68.99754320804175,68.8961133397087,68.78871429804117,68.67665819938748,68.55737741676418,68.42670705104966,68.29281180513036,68.12507423495532,67.95030552265139,67.81576673461134,67.63615834900426,67.47277333487382,67.28974675456288,67.21501771897677,67.18876446026903,67.21428460494091,67.2892997717054,67.40116174132476,67.58486579654317,67.75102610671698,67.92696696482159,68.11012697488924,68.28241465846732,68.43331721879713,68.59050249325756,68.75466952990318,68.91753138179202,69.07223333629551,69.21693980630145,69.35820885261113,69.47295656448225,69.59377498654233,69.71356187325796,69.87505398218899,70.00676881608425,70.09177406874028,70.27396147951296,70.36587293803598,70.5052437109906,70.6489574109249,70.81697215225228,70.9277697181515,71.09488274953766,71.27878848024176,71.4614251618232,71.6445738707341,71.79827435062431,71.96543855871886,72.1418354104394,72.30448605365517,72.45909389259532,72.610801479751,72.76254931091317,72.91014623861317,73.04492946538694,73.18494374141491,73.3140391072027,73.43973976765275,73.57378937760984,73.74125948569578,73.82826926149731,73.94163765285877,74.06212374912653,74.18083496111932,74.29792554491542,74.41492709759656,74.53315705620368,74.66500600106373,74.78834979958206,74.91741790623081,75.05381498510192,75.19164299973197,75.32415983939659,75.49745342391357,75.66004282552562,75.82325036999559,75.99180896919516,76.15874432372875,76.3154816689052,76.4470135391936,76.56499465715233,76.65408387462541,76.72656417915132,76.76157641629639,76.7649590315601,76.76489952570644,76.71238072334866,76.64959867126117,76.5270369906111,76.44952790108755,76.37688609143743,76.31265304417943,76.26406200601704,76.23663297224535,76.23885103718084,76.25802641275104,76.33472132021701,76.40728955186657,76.47452798511212,76.52389922752823,76.53508228326318,76.46895446530412,76.37613725320246,76.245344054726,76.07678367234622,75.88335759335591,75.66816708723258,75.44114007464485,75.19690432685056,74.9655724500862,74.70909465717608,74.4686709587461,74.23473178406729,74.0086537191808,73.79137363746034,73.5916724460696,73.41635728867473,73.26011890688872,73.1065928537691,72.92450408482699,72.74935995461016,72.56529041406996,72.37570259006638,72.18123312578751,71.98185266036997,71.78915861720002,71.60469849480037,71.41934353566111,71.2394304102867,71.10411710526141,70.91039930618103,70.6796540253041,70.49236414779428,70.29167355023932,70.07527736032648,69.84050294869017,69.60674048516738,69.36536292427404,69.14926765504255,68.98670677557078,68.93271336502443,69.01734517149505,69.2283480234597,69.5083898603642,69.81538925350259,70.11561517802565,70.42410985752494,70.69424447070993,70.98272682828168,71.27327263026312,71.5676253421965,71.85525714256954,72.12134205412346,72.3578583834849,72.57622066298245,72.80098575536414,73.08828509932172,73.32515132486205,73.57043108893198,73.76735439627716,74.02088961105011
53.52816445858821,53.57131631391766,53.59946055183118,53.661386388204555,53.7320151437987,53.78471059747997,53.85368655728968,53.927306181332874,54.00511380600021,54.094566915696895,54.18325533507866,54.2663808547952,54.347093551856936,54.422269448487505,54.495021259846574,54.54763247504418,54.60510775340703,54.65757296729162,54.719422224362276,54.76288758737988,54.79804032352776,54.833014715800225,54.86429380173044,54.89166230152925,54.96639739991333,55.00138534188637,55.03193579889571,55.01895302655943,55.0521567326955,55.07709242408685,55.098643787247156,55.12004511615259,55.13687600712648,55.148740999053416,55.15755136515152,55.16491290704512,55.17380972754848,55.18621898115506,55.22024224231317,55.23979706790764,55.267071175718,55.29377389854681,55.32637509442445,55.329141306561006,55.38262105301699,55.42992018030617,55.497741089179414,55.554585611885415,55.606158844448025,55.67408157375007,55.759356079751704,55.83316022865601,55.90894464947101,55.98127485881506,56.04502083312716,56.09143508408739,56.11672937979081,56.12361370293252,56.118247992363614,56.13551876212459,56.10444103282088,56.09779320562611,56.09682089677131,56.10877047802605,56.163674537781176,56.142305103449,56.203436844251044,56.28797238232408,56.41628513149848,56.60965439536318,56.84066496936916,57.09468906708336,57.41516418849208,57.71641747394731,58.04019718695804,58.36424179150537,58.686517396898026,58.989608294925844,59.26350130713888,59.51878977972146,59.768077763649224,60.021491753183774,60.28865903560356,60.56322229850645,60.8094099481409,61.06645379373681,61.31446412615336,61.57396061531883,61.843895720197715,62.11669607382867,62.38712481107318,62.62765745258314,62.88782494561172,63.255922217502096,63.53878253548497,63.78212791084882,64.05197496094263,64.30619048181359,64.50597372487051,64.75941334469087,65.01322883591841,65.23142299110233,65.48945030688823,65.77530373896839,66.05144928802348,66.3182917279295,66.58433772206583,66.84263525431797,67.08679317784747,67.33278436809523,67.59181930592631,67.85342873420488,68.12169210875192,68.35614836308328,68.60191579934231,68.85203413633273,69.09672249070316,69.33584903852314,69.57187716708872,69.81053167878537,70.05981132790582,70.31272010346227,70.57281407001902,70.8258142409032,71.05301159670704,71.256110853751,71.44587722296214,71.63541661555544,71.86584102640428,72.0550734193524,72.25741522584448,72.44863861984051,72.63458350079193,72.80657317484219,72.95903543718028,73.1608306336322,73.28276842296523,73.43679352259076,73.60734409174742,73.77901552562639,73.92405098960027,74.12040684555879,74.31760119932116,74.53085629754044,74.77172776593835,75.00046982824576,75.26895284568349,75.50862994135633,75.73798003859086,75.95599505234348,76.14273675920428,76.34616846811788,76.49610810806288,76.61503420382829,76.72312205309146,76.7626933746974,76.78656385955448,76.83544648069292,76.82645799648982,76.7812084633939,76.75423839458249,76.71766429207143,76.65707894470769,76.62394356159244,76.60194848206582,76.57331607824686,76.56319916566176,76.55946128920505,76.57395855442962,76.6240078575106,76.67601931872137,76.75086385998824,76.84390686145355,76.94026772810953,77.03832868094761,77.11859058031756,77.13818994215922,77.13529195259407,77.10366040283311,77.04031312725184,76.95443733784427,76.82412969698795,76.68015226829161,76.51941835766495,76.34557853009584,76.17412211573019,76.00402035301957,75.83681531976414,75.70323730476935,75.56335368179636,75.44301193180705,75.36557294364341,75.29907046696819,75.19173848325636,75.10168313411667,75.00772406376724,74.91059790517359,74.80715843488163,74.69854659175573,74.5846197483986,74.46817611569868,74.34638443340073,74.240243788112,74.0931561258145,73.95926774239537,73.80381470663403,73.67126105686754,73.53239783112772,73.39970593391637,73.23235368320071,73.09487700538489,72.96457881556753,72.8395481770915,72.74176602177205,72.66643362154605,72.68827815825287,72.77314958625195,72.87395221689981,72.96543619481321,73.10802687424976,73.21665826107927,73.30888566072657,73.38100591826304,73.4366671815216,73.47546263371821,73.51389750450595,73.52705353126281,73.54015990911473,73.54541076814213,73.54552818909723,73.53885929461234,73.53062812290533,73.5285638719734,73.55566468825364,73.57068345125393,73.59253614169701,73.60553438711206,73.6944743461604,73.79683232893888,73.90758961071373,74.01054826981343,74.09156663060476,74.11752562928983,74.12499040278992,74.08629273075701,74.00191810829455,73.87947911006398,73.71520442079633,73.52418514697565,73.32642760612197,73.13553896256194,72.947274057014,72.77556217080154,72.61909284874578,72.49731491263613,72.3624750338228,72.2577490018033,72.1123018953402,71.99614557240741,71.87356282915351,71.74263965715237,71.60528296954264,71.4696054340357,71.33842712502613,71.2096186138629,71.03723994626175,70.86960402886073,70.74192829813964,70.5668466347684,70.4087414847235,70.22451109823982,70.07518485868906,69.93280748802972,69.81448568429919,69.66272101725257,69.5173985253123,69.41234071547584,69.32127603525151,69.24024406725626,69.11397783579991,69.01712473962152,68.91702613292834,68.8112969038345,68.70104021740043,68.58345536562182,68.45418939771781,68.32456521242302,68.15548909877954,67.98160935962245,67.82914663321928,67.6438782002273,67.47151322030169,67.28558108543724,67.19887985422407,67.15797572858773,67.16984954539971,67.23094274462781,67.33250774157958,67.50888663967349,67.67201724638488,67.84401427016905,68.02584261394826,68.19877968540865,68.34944262313758,68.50688352407936,68.67203035175845,68.83629596819154,68.99251013674015,69.13867759161752,69.28037388500628,69.39281459820234,69.5155331701041,69.63720784364006,69.79127495596772,69.92101359509873,70.01789955159597,70.19097026802726,70.2900878005644,70.42785152253666,70.57024402528525,70.74026364077075,70.84766454293619,71.01433082952741,71.1964170066202,71.37942363732415,71.56160495456685,71.71662370181159,71.88436066845354,72.06459050938922,72.2287108987503,72.38484465793258,72.53812582948082,72.69123427649306,72.8397241735347,72.9730415396963,73.1149270049961,73.24470713784878,73.37030792651022,73.50334341885512,73.6602100222697,73.75863996847156,73.87108233040755,73.98989859582454,74.10677158594383,74.22189959512136,74.33695831356411,74.45332464899236,74.5868527240333,74.70831543707403,74.83550762068987,74.97003946412055,75.10451330003859,75.23689384511303,75.41185094792793,75.57519021312015,75.74107600312573,75.9159569504659,76.090360863826,76.25851432474768,76.39996249494688,76.52990413609122,76.63025150914802,76.71514412233803,76.75283597955716,76.76351872637613,76.77007471090563,76.7209211161231,76.66067427292896,76.54308715138419,76.46407622397827,76.38875435046752,76.32075860828621,76.26788138543864,76.23617196282385,76.23571578437995,76.25027997881911,76.3281646773361,76.40113938157812,76.47330619951536,76.53141643329268,76.55359813314979,76.49764362498696,76.41607724221737,76.29596370210555,76.13923988839711,75.95110269384901,75.7403669746892,75.51583578714884,75.27131312670498,75.04008003959893,74.77950427281453,74.53580424690841,74.29793797298454,74.06757821239547,73.8457878316394,73.64209723063615,73.46711272823609,73.30833611588773,73.15110810741602,72.96971519079797,72.7956850330468,72.6129228896192,72.42474832888348,72.23177630529415,72.03404424438045,71.84304358244404,71.66193195730324,71.47935681431068,71.30029378124898,71.15259491946851,70.95656363682592,70.73883941628861,70.55086921306338,70.34863568122391,70.12893329093906,69.88862954282874,69.64933147053421,69.39620588725442,69.16314002088215,68.97858732213933,68.89842345478246,68.95769170543511,69.14646574085961,69.41077728923877,69.70854820201974,70.00678726191978,70.31145115835659,70.58636200178825,70.8743144370697,71.16500831416519,71.46011726475544,71.74937567991333,72.0167805011843,72.25478720158426,72.47239999215795,72.69970692486187,72.98012359737247,73.21632594271604,73.46109657087167,73.66547745530174,73.91636754873957
53.49089512598173,53.53132565881132,53.55673435908578,53.61598963027404,53.685307392380416,53.737245261209445,53.805248511129015,53.87801923208834,53.95502773595184,54.04549125102395,54.13519014383142,54.21970179419802,54.302096536767884,54.37929225196864,54.454436438462025,54.506870736091486,54.56648737148189,54.62092863374791,54.6880428868238,54.733308355449225,54.76859097081908,54.80506738239634,54.83734173618853,54.8650180388345,54.9340289795998,54.96235348791295,54.99379549806589,54.99568194860178,55.029970156951144,55.055279795613096,55.078789863400914,55.09968443185554,55.115514267258355,55.12588037320821,55.133044708714635,55.138909401056374,55.14648292719785,55.157596475394676,55.19258163611153,55.20988213427439,55.23436513790055,55.258226958599046,55.28820079811912,55.288122593799926,55.340733116789295,55.383490725039664,55.44912632925545,55.50632660231835,55.55587935115338,55.623338011192764,55.711592292209765,55.78615450415867,55.864017623836965,55.93976865067202,56.007825818877656,56.05716012056655,56.085794606546614,56.09590273961916,56.094842685777,56.0975232356173,56.071727635610735,56.06034753060515,56.05114466311079,56.05219225061712,56.08638338319263,56.065193039304894,56.11501466885669,56.18800298647243,56.30516159803857,56.488171583128434,56.71364237081906,56.9595176597274,57.27623903338212,57.57490454647303,57.893857384250076,58.21612258145002,58.53825759079881,58.841668836902194,59.11448221146293,59.36920562994752,59.61844704614881,59.87214378901674,60.13997830020407,60.41558536568453,60.66263801327839,60.920364779141664,61.16909619086399,61.42930789947893,61.699672828654414,61.97270536308852,62.24268805028501,62.48232283326619,62.74114043461833,63.10126389759193,63.383546302282184,63.62605843764721,63.894559628071775,64.1481309832295,64.35900071908041,64.61188286495758,64.86503461622321,65.08154907679554,65.33976107356507,65.62510789111509,65.90069105182384,66.16533391895696,66.42966520867463,66.6871296531218,66.9304063140096,67.1759106577675,67.43483889595291,67.69776645645972,67.96533451100527,68.20128923923559,68.4469660371329,68.69891815404506,68.94437500061562,69.18431016759773,69.42126120370058,69.6609525569895,69.91132991381734,70.16432185015378,70.42640017319314,70.6798083994601,70.90940766445692,71.11416580340521,71.30474856711245,71.4963795166733,71.71941963527553,71.91879630743236,72.1222239738251,72.31452222944402,72.49080646650802,72.66216702407431,72.81499696385039,73.01470588276423,73.14078733902737,73.30597603251034,73.47733663415484,73.64907952958703,73.79357740925855,73.98970666548047,74.18660154668333,74.39934547209702,74.64165600690868,74.87485164912381,75.14670909634604,75.39159338404039,75.62951481235052,75.85752186213443,76.05570498182806,76.27239959858946,76.43454176297871,76.56543612357277,76.68621835883525,76.73515622803161,76.76802816667134,76.8239471075796,76.82022957073914,76.76550110218692,76.7400724483124,76.70443748060183,76.64946767426177,76.61515516385994,76.60314954137,76.57032220828275,76.55578434569267,76.547230815669,76.55720917165351,76.60471061517212,76.65361895117825,76.7275463289953,76.82230709691963,76.92121995905241,77.02542961490998,77.11525845608,77.14253229210254,77.14986060402033,77.12830426871585,77.07407372550242,76.99674183405435,76.87087119967157,76.73006172244651,76.57039183696989,76.39536142133163,76.2206100129253,76.04559653399512,75.87250555980371,75.73465001500762,75.58803986379019,75.46648916106813,75.38631026378714,75.31768633969995,75.20867068797415,75.11934761099683,75.0268459865138,74.93174407995893,74.8308421891291,74.72529125178197,74.6146690838543,74.50190799796758,74.38229551321623,74.26729630806184,74.1181965174455,73.98058188675829,73.82897569144961,73.69325013255445,73.55166669553142,73.41667505530273,73.2566991489078,73.11288761914687,72.97478376325428,72.84026371435489,72.73187386519736,72.64553331937049,72.65771573934181,72.7313340431669,72.82779342529582,72.91687820819226,73.0598331650513,73.16959688985591,73.26498102790946,73.34094227043661,73.40250852937753,73.4434103728317,73.48713978518094,73.50384117857253,73.52127690004302,73.53015187245737,73.53210065830025,73.52491423355055,73.51450624939996,73.50966370428263,73.53728883863432,73.54907296081366,73.56736523983851,73.57649994281395,73.66324262875432,73.77096854309373,73.8863839687098,73.99620808749269,74.08785889666106,74.12296439375457,74.14281288247273,74.11606097091689,74.03915037863857,73.9238570953934,73.76378358595565,73.57580715144711,73.37667839061268,73.18259328354385,72.9898393997066,72.81297687160998,72.65145060104896,72.52762885971057,72.38949358852632,72.28198131504317,72.13465136214587,72.01895425118512,71.89787546034874,71.76961455946345,71.63563438483493,71.50312586811017,71.37566662793,71.24766513691496,71.07705692472378,70.911766672486,70.7709657664652,70.59352270041894,70.43190588991094,70.26132424125366,70.10913674212233,69.96340337396188,69.84479945430539,69.68659283196735,69.54157920974336,69.43265823422608,69.33908616450076,69.25696474706781,69.13143902265242,69.0353668986563,68.93662130070136,68.83268596839125,68.7244570119199,68.60891223764374,68.4815253730004,68.35618832986502,68.18668914653794,68.01400076304073,67.8429304235948,67.65236889529011,67.47147365979423,67.28463221527251,67.18541408020609,67.129444132055,67.12711189521863,67.1738532288644,67.26451755948607,67.43232850441242,67.5918796997236,67.75967153169509,67.93994749468348,68.11341090670878,68.26406690906754,68.42202589127228,68.58836857244489,68.75422262310262,68.9121244149273,69.05992297169945,69.2022299261006,69.31320516554442,69.4379023187773,69.56149676809426,69.70716502250015,69.83469033772123,69.94473105786145,70.10728864997793,70.21503921292285,70.35117055666255,70.49208621276046,70.66326407211551,70.76830039924441,70.93399486983917,71.11391734488721,71.29672703411362,71.47760767183745,71.63405124979376,71.80239845475812,71.98603657717594,72.1517294812686,72.30956440228049,72.46462671056354,72.6193360168367,72.76898212179437,72.90144623169262,73.0451753956101,73.17578261347961,73.30147858684332,73.43344954215465,73.5786047615095,73.68937459765051,73.80119805963295,73.9183816504471,74.03342035616718,74.14656582719795,74.25962196579623,74.37402473957064,74.50847384029505,74.62792517139576,74.75307502715098,74.88553553551019,75.01674283876184,75.14903482276038,75.32484387869441,75.48878196798637,75.6572491345455,75.8381675631476,76.02006356579598,76.19950809538213,76.35132355390431,76.49340526414751,76.60523304627115,76.70228105401202,76.74292237184609,76.76095734261699,76.7736313440001,76.72813955467592,76.67059105776312,76.55924927938896,76.47900611225872,76.40111102085136,76.32937098165256,76.27211143363381,76.23586198209642,76.2321115979828,76.24190000960976,76.3197481417546,76.39260514103216,76.46917052931956,76.53567303614855,76.56881409015276,76.52377144138894,76.45388958508502,76.34490279403131,76.2000345121881,76.01759842890917,75.81206872910653,75.5903302475186,75.34590340979915,75.1145491046882,74.85026293421309,74.60321310050837,74.36132846332707,74.12653359933081,73.90000952299005,73.69199502203057,73.51654234354926,73.35461469649988,73.19342362551036,73.0127867021943,72.8398377425164,72.65860766912078,72.47222316390132,72.28118561799933,72.08553814230869,71.89660850344009,71.71881531513296,71.53900224059618,71.36095948926418,71.200055016053,71.00196635925208,70.79845225982177,70.6098757270294,70.40623275526764,70.18351388875453,69.93816892449449,69.69348698442707,69.4293655674752,69.18033141992582,68.97469801371967,68.86890873066022,68.90233862539392,69.06760648142385,69.31473342925356,69.60206950589608,69.89746539894207,70.1978298602741,70.47720797895899,70.76460134065147,71.05553577065633,71.35159595293572,71.64274385296689,71.91192125346187,72.15190534825511,72.3695285370116,72.59953206283677,72.8711878632787,73.10673943193186,73.35117939737266,73.56479674262674,73.81294819350484
53.453768905528506,53.49126216635767,53.51428435376208,53.570378193128136,53.637739004842246,53.68888874114808,53.7557706841782,53.82762625617152,53.903875811477505,53.995162799245286,54.085758098942264,54.17156263042216,54.25559467232492,54.334806566469844,54.41239052775453,54.465243071774836,54.527202896706264,54.583857481062246,54.655836221816145,54.70309808693237,54.738955375161105,54.77710975680265,54.81060135460687,54.838889208436946,54.90133871917723,54.92278213441248,54.95512594374,54.97289440808988,55.00813662957552,55.033867499065536,55.059346347313536,55.07979736004419,55.094711222575484,55.10367821141289,55.109279713564526,55.11370740315701,55.119992717301585,55.12979374706504,55.1650783429648,55.18004517976885,55.2016127223264,55.22251000944119,55.249716052946724,55.24743669825819,55.29847004256028,55.33661543379051,55.39958211132724,55.45683807515516,55.50447495149298,55.57135457280578,55.661964951933186,55.73732888899351,55.81732360642216,55.89658006444955,55.96908232111671,56.02184513765147,56.05439016588801,56.06833577526115,56.071909752502364,56.05972434800128,56.04020257205964,56.02417360740473,56.00700133348085,55.99748494227844,56.009952491664066,55.99090910133526,56.029029999281256,56.090067657477,56.195577679208775,56.36762959096568,56.58652289060314,56.82418937999881,57.135873152437696,57.43160880395792,57.745781918195355,58.066239646389704,58.38824812827793,58.69205670725341,58.96411294708683,59.218578864900095,59.468046656458306,59.72225548593821,59.990901299561024,60.26760276439549,60.51558617721461,60.77402906108992,61.023497220577845,61.28439955309597,61.55517081994865,61.82841017045271,62.098010253629184,62.33742783231661,62.595175242298176,62.94488607852282,63.226693357255364,63.46846722515482,63.73560828508661,63.988601018501214,64.21185497476336,64.4641011831193,64.7164822003918,64.93202649426594,65.19015654476873,65.47479677147163,65.74964002341827,66.01215368063282,66.27474540437571,66.53122431211827,66.77353370275891,67.01842745622348,67.2770696925162,67.54094405194218,67.8077853466311,68.04552022587399,68.29127111923808,68.54491929275807,68.79121023069492,69.03203942156576,69.27000369738036,69.51082145731549,69.76238007271611,70.01572032804754,70.27969095265533,70.53359300930127,70.765631983997,70.97215626116953,71.16376315154974,71.35746947467605,71.57229024033573,71.78209427406219,71.98661384318483,72.18000460257336,72.34651947070627,72.51730793618253,72.67067780215996,72.8678488544042,72.9988849060633,73.1755030727779,73.34758977390915,73.51935789150953,73.66337605046708,73.85893657086406,74.05523308976927,74.26730079379588,74.5105621504773,74.74805263463787,75.02253198013615,75.27229521225553,75.5183086234202,75.75615926192211,75.96602612331824,76.19577195384751,76.37019281063995,76.51321368587894,76.64664530972026,76.70566468634127,76.74798973110948,76.81058127888706,76.8124830707549,76.74963056799771,76.72601137744442,76.69155532710543,76.64258612136379,76.60714195385142,76.60461278024844,76.56768232731505,76.54859390841914,76.53515940376295,76.5404284089933,76.58465399953252,76.63009055095108,76.70256747632881,76.79847251983814,76.8997696907287,77.00984326100239,77.10895347645786,77.14464822156667,77.16264528748327,77.15155127313575,77.10676036090388,77.03803648847166,76.917175229999,76.77987833062407,76.62156940140105,76.44554305938631,76.26754539292898,76.08756082851336,75.90842450408705,75.7657113648317,75.61251288165889,75.48939256145675,75.40568357438079,75.33431684238485,75.22406162162736,75.13548780307838,75.04460765600275,74.95177536129246,74.85368690562743,74.75144576710464,74.6443543007579,74.53539039217097,74.41812623474569,74.29390977378935,74.1430885820607,74.00160641487868,73.85441660286956,73.71535466263235,73.57111435238997,73.43360000188447,73.28152575072524,73.13127708144162,72.98540371112858,72.84143278602389,72.72235359828979,72.62537819685856,72.62711717332535,72.68887701436863,72.78046567045679,72.86754804428631,73.0099693444781,73.12105547903815,73.21979990542955,73.2999114883627,73.36748913192014,73.41118649963543,73.46031694184309,73.48100833153875,73.50294537756632,73.51557343235208,73.51947910390524,73.51199825835303,73.49963365649221,73.49208543374486,73.51936778469513,73.52770021333718,73.54221243331106,73.54782982824406,73.63154234332852,73.74370208689344,73.86331098373883,73.97978387779227,74.08193171138358,74.1268537304096,74.15917326744254,74.14445433413725,74.07526882077799,73.96740661030162,73.81193303039535,73.62738062308723,73.42718854788781,73.22997821766049,73.0326559285148,72.85048094877483,72.68365044324374,72.55685584449539,72.41514701715734,72.30417382082805,72.1554289139975,72.04012780547795,71.92074540371327,71.79543712920497,71.66511015756232,71.53604565841856,71.41235434443115,71.28514597187673,71.11691379862626,70.95425253531927,70.79978571563025,70.62025828450048,70.45500781890478,70.29869619560462,70.14357964723403,69.99436216261745,69.87459589267065,69.7104124558755,69.56563028278092,69.45245047779642,69.3558757805915,69.2721069347544,69.14775695346148,69.05238945989424,68.95499614377408,68.85294990559979,68.7469439228946,68.63374642549505,68.50867219866959,68.38762611902041,68.21856442363574,68.04735832696122,67.85742059056606,67.66194231437908,67.47296913080524,67.28680939016857,67.17461505521126,67.10323616297461,67.08620283205734,67.11820518469922,67.19739822557598,67.3554663447445,67.51088069522399,67.67418818324843,67.8526668452396,68.02650248342678,68.17734234995865,68.33604500460824,68.50376764723849,68.67136624992209,68.83110681834312,68.98068676079164,69.12377406204399,69.23407374848043,69.36082095868124,69.48636533069879,69.62294989322696,69.7481369726584,69.87222125392508,70.02324218266416,70.14070511942344,70.27519424948586,70.41449967783058,70.58604988442985,70.68967985139108,70.85391886699018,71.03136300078846,71.21344540144604,71.3927136142824,71.5506625381625,71.7196410904021,71.90627041363251,72.07361594576032,72.23330127499081,72.39032624404592,72.54685171523988,72.69789472855861,72.83007974236031,72.97562487936098,73.10719419585892,73.23317285153706,73.36404818980641,73.496761278289,73.62044164575259,73.73193695267706,73.84753579645724,73.96075738489559,74.07191497832437,74.18292527695903,74.29528245611392,74.42994860893496,74.54727494085901,74.67023318130178,74.80043388658842,74.92846043081676,75.06069654020001,75.23659405675738,75.40097742908553,75.57191447209061,75.7585722945142,75.94794404172316,76.13851520999057,76.3010772941163,76.45542947243453,76.57892079859732,76.68786554647258,76.73174673332558,76.75719272354081,76.77554783850867,76.73402162591086,76.67935298493137,76.5754085361464,76.49421987521954,76.41388830355386,76.33845714920903,76.27675758024962,76.23575193950666,76.22814453209418,76.23301108106821,76.30966788325296,76.38189644197703,76.46232538584019,76.53684366915711,76.5808518084249,76.54736566956238,76.48954189123582,76.392080174332,76.25907580006526,76.08274506993213,75.88313258290414,75.664491741373,75.42055218260298,75.18890654348584,74.92131037218363,74.67087649576087,74.4249179257514,74.18556849552444,73.95411845882707,73.7414756411993,73.56479910638059,73.39914817595282,73.23374873639982,73.05389751640332,72.88197607410774,72.70246457727025,72.51820118626937,72.32948960317586,72.1363215837965,71.94980687802438,71.77529673124232,71.59822690299515,71.42136765110529,71.24679118250491,71.04694538684194,70.85842488162521,70.6693240671457,70.46441268412866,70.23897046113055,69.98906975985123,69.73917791416986,69.4648064963249,69.2007910438817,68.97498486524917,68.84413673804771,68.85139007518457,68.99204390590192,69.22053095296262,69.49617220151703,69.78766350020932,70.08329923567503,70.36651948415933,70.65335899969412,70.9447311481507,71.24206062471507,71.53540692522057,71.80678590123522,72.04919437256423,72.26753883559414,72.50038210054561,72.76181745581772,72.99676819773086,73.24104757199768,73.46527412555402,73.71061742186072
53.41685660716635,53.45122063792043,53.472175950975625,53.524660919121764,53.58946673066457,53.63978787359417,53.705401564336064,53.77627052702815,53.851786828945805,53.9437054489208,54.03507214711394,54.12206340163729,54.20767237199005,54.28887993738383,54.368931932547405,54.42274883525754,54.48722855333468,54.546308569226646,54.62276427797573,54.67220021397335,54.709046507157545,54.74904109392285,54.78395739722432,54.81314296936009,54.86837419617605,54.8830183769824,54.91628828889707,54.9504880356417,54.98657048067951,55.012774638384506,55.04022922499877,55.06030731143749,55.07439776495975,55.08207347443197,55.086204777646564,55.08926498186183,55.09430697774713,55.10279130338905,55.13776698094687,55.150339447476654,55.168889433454424,55.18671867137389,55.21103349615733,55.20714364620773,55.255946131595316,55.289425685317205,55.34927764127622,55.40629632060998,55.45210713677875,55.51828769902925,55.61065155975407,55.68683791662433,55.768989071302386,55.851801946872705,55.9288459204755,55.985489223127686,56.022458185599085,56.040801149875904,56.04930792208868,56.02237201482021,56.009775163064866,55.98921602985157,55.964363957019,55.94464693920951,55.93485296981613,55.919433909529474,55.94553845028426,55.99429247008787,56.087722544782714,56.24826779367789,56.45960207725162,56.68898144776791,56.994408425990635,57.28685416083406,57.59625862988773,57.91484496987278,58.236703213788786,58.540950037760716,58.81252909132041,59.06700712238496,59.31694111700114,59.57186342356845,59.84144397252369,60.119277643868436,60.36824678768626,60.62743161777507,60.877647750319,61.13921597860926,61.410371754381714,61.683795864995545,61.95307660005753,62.19290923795697,62.44985296975109,62.78720491164462,63.06864301609264,63.30978379900411,63.57557650020439,63.828056665502665,64.06455369497314,64.31609544219637,64.56761045430467,64.782840914969,65.04064327430595,65.32439384263263,65.59833486041266,65.85879128285627,66.11962493041945,66.37497850810121,66.61624262256518,66.86041098477233,67.11859864152053,67.38306804084918,67.649151365832,67.88891201688516,68.13488410581175,68.39008989977681,68.63726867290275,68.87906486950553,69.11812068935379,69.36014321500882,69.61295673397578,69.8668913155169,70.13266467714845,70.38714214961907,70.62164903245367,70.8300349887843,71.02285853893818,71.21862219451373,71.42468282572156,71.64495218286294,71.8505724320383,72.04507526409925,72.20197857825819,72.3722926278093,72.52637789559417,72.72071581916613,72.857326669013,73.045335299433,73.21807549288485,73.38983295072536,73.53343356513959,73.72811631111828,73.92354393443478,74.13478538209445,74.37853855133547,74.62014738650733,74.89653748078305,75.15084913002353,75.40447186540078,75.65198835418961,75.87372583161796,76.11629216294904,76.30303722131254,76.4583124305904,76.60433614223426,76.67410085248015,76.72629883992917,76.79525061142209,76.80312098785475,76.73396972010332,76.7125010868374,76.6795010925051,76.63670438571562,76.60018812456337,76.60628422991913,76.56537785827001,76.54165531622263,76.52330722102297,76.52370869315975,76.56398945756936,76.6056086817779,76.676122684555,76.77260843372622,76.87609683407234,76.991723306332,77.09979785918532,77.14456792011792,77.17361051287757,77.1733156686278,77.13825547402607,77.0782011418591,76.96289884849409,76.82945953593658,76.6728201094381,76.49601864515972,76.314862867912,76.12989541516602,75.94460478229324,75.79652143765176,75.63688162274507,75.51184362538619,75.42387192374412,75.34917934736703,75.23807436207927,75.15024099342715,75.06110959251265,74.97075122993837,74.87571189107287,74.77699494429977,74.67363238914248,74.56856534090963,74.45381054080126,74.32031458339807,74.16813420988487,74.0227918614408,73.88039468248297,73.73791339670312,73.59109621812809,73.45086964353426,73.30688555771953,73.15013661295828,72.99655814440494,72.84319959396537,72.71337667681726,72.60611809531396,72.59669407442291,72.64602983774857,72.7322220195433,72.81761440012131,72.95864075310722,73.07118464301357,73.1734419432965,73.25796312215681,73.33162592844441,73.37875181938901,73.43337134723112,73.45846396849986,73.48506085248147,73.50156550866812,73.50755879943578,73.50001512667772,73.48592772420878,73.47576959295297,73.50192134728799,73.50662063865123,73.51716283674509,73.5195842055868,73.59949468258307,73.71517847110019,73.83850663322943,73.96137888298804,74.07384535339587,74.12916779248826,74.17400496728975,74.17138124968113,74.11017694897922,74.0100240713593,73.8595461698678,73.67879593601938,73.4778702213497,73.27764597724907,73.07572459314744,72.88812225894141,72.71578088494127,72.58515622528246,72.4396107266748,72.32454569850441,72.17479588508208,72.05980836127156,71.94227519296808,71.82016288070655,71.69372374238547,71.56834352364886,71.44845476109205,71.32203520470675,71.15673989454349,70.9969704222574,70.82865999794569,70.64736693343374,70.47846624851181,70.3365997174994,70.17851431766277,70.02571603065742,69.90398213076442,69.73427383611102,69.58963804295935,69.47184285064219,69.37180751949955,69.2858665774637,69.16306706449586,69.06831219808335,68.97224796289295,68.8721571293485,68.76853629027322,68.65795632184077,68.53558709649765,68.41882354145336,68.25100497547815,68.08156064543903,67.87291961896119,67.67291033768066,67.47631411078852,67.29202185622536,67.16647743752803,67.07941831365045,67.0472535335755,67.06417257241633,67.13135677038123,67.2785755791311,67.42929201099835,67.58782120052352,67.76423461744105,67.93825888256896,68.08942950079367,68.24905991384702,68.41831158744989,68.58778175204672,68.74948799447372,68.90097977313854,69.04500337898635,69.15536582898238,69.28422761593525,69.41175021553191,69.5388552795887,69.6616914286169,69.80032280617519,69.93915642338499,70.06706346437838,70.19991603712432,70.3375001249756,70.50869751585698,70.61180546369123,70.77414681749777,70.94882748006954,71.12968878857568,71.30705437363835,71.46656311050947,71.63617774815509,71.82538881859207,71.99444443677571,72.15610342541537,72.31524655097475,72.47377855499833,72.62643663899372,72.7588782726836,72.90621142235283,73.0388705467504,73.16531182347642,73.29507980410854,73.41499714748197,73.55180960949616,73.66325112168191,73.77732391731807,73.88875878523523,73.9979377856797,74.10687546971855,74.21712292679773,74.35135628903896,74.46646068377538,74.58709513882984,74.71486520467273,74.83979489111826,74.97199276529315,75.14726332266123,75.31193593537897,75.48521672359699,75.67730263183971,75.87409390369204,76.07558789775483,76.24920429363331,76.41590819206566,76.55120707872886,76.67178817201895,76.71922020415816,76.75214271240581,76.77580260795021,76.73855291673152,76.68696401360145,76.5914500831774,76.5096198221513,76.42701839954005,76.34798409588606,76.28182525493324,76.23589074449808,76.22392064081882,76.22373776913957,76.29812007161175,76.36922289616093,76.45297518039274,76.5351029653796,76.58983294211906,76.56845406455956,76.52300177010018,76.43741468683628,76.31627200837458,76.14644288831376,75.95341876850166,75.73818855433112,75.49513645158635,75.26307925412374,74.99258631753798,74.7387734088806,74.4887210309143,74.24473151651401,74.00819438646539,73.79064890908872,73.6120359884964,73.44213008147403,73.27229276843217,73.09322653081242,72.92225801890974,72.74461343876322,72.56275648713712,72.37671680009643,72.18638179848571,72.00259220403312,71.83132436858412,71.65697788998509,71.48145838354519,71.29309720631427,71.09183863297788,70.91868960742057,70.72915461086562,70.52312337956504,70.2952543154247,70.04128071506267,69.78637514708649,69.50249320519201,69.22446808445792,68.97939389166507,68.82407485774918,68.80488429304177,68.91994398628965,69.12842699056382,69.39108625609693,69.67742716780148,69.96794817533572,70.25419936760814,70.54061914679546,70.83271112854159,71.13161646580514,71.42743018598722,71.701396191805,71.94663582357849,72.16636342595628,72.40217796924517,72.65235193376682,72.88678864533426,73.13106909830947,73.36687147138538,73.60936111032206
53.38022904083315,53.41129587486335,53.43047456584194,53.47894665060989,53.5406473193278,53.59008949484596,53.65428963950141,53.72409531810393,53.79888958472533,53.89124308861042,53.98324523504919,54.071304146013134,54.1584140492253,54.241579910103376,54.324109057663925,54.37938737970293,54.446538565621644,54.50823095823308,54.588789103939035,54.640558168716076,54.678777337412214,54.720760648660566,54.75729460427976,54.78764648062746,54.83518298812669,54.843409311220164,54.87764368651625,54.928360461875165,54.96518604037392,54.99192031751024,55.02135448247038,55.041137696754376,55.054504786293,55.06100512302996,55.063768298906034,55.06554020568562,55.06939358842192,55.0765696515896,55.11068216813167,55.12081818048349,55.13627077574345,55.15094856469779,55.172265765000844,55.16730346392036,55.21327568515978,55.24205285837829,55.2983821249838,55.35487762889707,55.398937398322644,55.46429383030325,55.5578296165045,55.63483612051499,55.7191404925534,55.80552714466645,55.887172197585365,55.94809146478065,55.98994079346392,56.013187203480726,56.026895924084975,55.98571615161776,55.980354729523725,55.95541939177228,55.92320558286283,55.8936766276098,55.86155592426951,55.85074808387679,55.864595636625154,55.90080349905514,55.98178536453392,56.13032556606804,56.33317547929471,56.55417108290503,56.85218674528649,57.14096510334172,57.445576375208134,57.76219158435701,58.08383776471903,58.388527235861375,58.65986625663633,58.91458804020788,59.165194950200735,59.42100418152766,59.691622257941354,59.970613153332465,60.220612192429954,60.48055742739071,60.731528315111426,60.993737578458095,61.26525769225498,61.53884781579124,61.807872268521784,62.04870383840988,62.30509721807683,62.628636548307135,62.90981459448229,63.150437684827544,63.414919841642366,63.66695400210785,63.91711408276357,64.1678927852092,64.41845824384234,64.63397801036022,64.89122781598354,65.17392256719276,65.44681422041299,65.70528699552652,65.96435040805616,66.21845151786442,66.45860035189817,66.70193746472333,66.95951268887023,67.22424494337764,67.48953931881033,67.73153530615569,67.97785805700782,68.23448232240631,68.48259081920081,68.72541458049534,68.96562822084661,69.20892266531496,69.46305482697001,69.71781059093514,69.98529961541543,70.24042989960589,70.47742328695325,70.68775474798986,70.88197229194193,71.07977338113629,71.27682737556961,71.50735489745566,71.7140873385003,71.9097237388924,72.05743985403531,72.22741781559704,72.3823971876381,72.57376304766409,72.71637817281639,72.91543336851534,73.08876577295644,73.26048704656603,73.40373660518968,73.59726563565191,73.7915821865357,74.00186235645019,74.24567756417434,74.49121050645152,74.76884158201597,75.02736884136625,75.28811493189313,75.5450902414201,75.77882975467018,76.03396685495106,76.23305096526258,76.40067789755065,76.55922409286504,76.64034682930199,76.70280578019062,76.77785672199144,76.79204581335638,76.71889141778081,76.69998748135025,76.66875803772362,76.63209256701901,76.59457786899232,76.60810992160008,76.56339022407404,76.53499603148475,76.511734434985,76.50714245086357,76.54286843626039,76.58034790739686,76.64840733624018,76.74492014210108,76.85038130001736,76.97122343800604,77.08791382199664,77.14232157732285,77.18272079009785,77.19351170772687,77.16844150543903,77.11711563497953,77.00789911568062,76.87866278149627,76.72401301956073,76.5466833795517,76.36249705004515,76.17258247254497,75.98107902410155,75.827180316878,75.66125497439137,75.53396384526972,75.44105436019699,75.36249122699039,75.25087198719325,75.16374446510919,75.076452316322,74.98873116666081,74.8969364521617,74.80192358994329,74.7024603390412,74.60137488678437,74.48928237419523,74.3467411349916,74.19363529114278,74.04458876112885,73.90716717187898,73.76126508436863,73.61196770917059,73.46887285012491,73.33283063895732,73.16955743438588,73.00836654829769,72.84570834004643,72.70511455654773,72.58790285604034,72.56665805685412,72.6030438511982,72.68331553971595,72.76724597272317,72.90605273151579,73.02013499616973,73.12600679151988,73.21514672193447,73.29493585824537,73.34606713735216,73.4062453740836,73.43611706779414,73.46751883558537,73.48801816224713,73.49623501841549,73.48886859618239,73.4733058325763,73.46065671450002,73.48496934726472,73.48588966658268,73.49230156477095,73.49182323702645,73.56722083921794,73.68554320647614,73.81210689461007,73.9410963453559,74.06366010132149,74.1298807332239,74.18724139160463,74.19675014681158,74.14377827750866,74.05160589513703,73.90651642012544,73.72994346436694,73.52863555440072,73.32554877464688,73.11904634331327,72.92594865875498,72.74793043575269,72.61269036036369,72.46306012403771,72.34331612741875,72.1929136095866,72.07813804455154,71.96256736183425,71.84384732829766,71.72148859396495,71.59999818248892,71.48393236447532,71.35830692136356,71.19646453904976,71.0398291381973,70.85786046572237,70.67516219363934,70.5027001555388,70.37500756314466,70.21394149704714,70.05749715474276,69.93306529995604,69.75827091980786,69.61368878881316,69.49096075721877,69.38704401720088,69.29843962234335,69.17750479202424,69.08325488797168,68.98847405880433,68.89037605352574,68.78926945400438,68.68154031934593,68.56222728825688,68.44972555872795,68.2839008474704,68.11648631252916,67.88972999360836,67.68558484538121,67.48182307719782,67.30017885954271,67.16099588544485,67.05805707638636,67.01039517743278,67.01192935229976,67.06660022443359,67.20193162603353,67.34738542515902,67.50082755921471,67.67488476311244,67.84888457114164,68.0004889165554,68.16118966874842,68.33208440438966,68.50352403287333,68.66729859080517,68.82081282298459,68.96591496307758,69.07702688902224,69.20806081665869,69.33758810667184,69.45510689302611,69.57569163430347,69.72898838100006,69.85535692943954,69.9940921920998,70.12532935569557,70.26110325867558,70.43128340454017,70.53467980045978,70.69472271787917,70.8663842884761,71.045567244757,71.2207615416418,71.38185851042645,71.5520976007866,71.74348859188754,71.91428909886496,72.07801900290598,72.23940975239687,72.40011371940776,72.55458249826611,72.68777802364677,72.83687099068969,72.9707403279178,73.09781660554641,73.22648482735907,73.33362994396211,73.48344698559967,73.59509267878965,73.70770889649268,73.81740067029226,73.92462498644312,74.0314797667409,74.13957127979755,74.27277613969304,74.38557833845667,74.50377395542269,74.62896017708078,74.75087503458131,74.88303726590122,75.05701351695029,75.2218168258279,75.39730059690038,75.59449006239814,75.79860476378708,76.01077838785689,76.1956851305058,76.37477285415416,76.52198419926823,76.65393950295048,76.70525392450632,76.74572515247021,76.7743740658436,76.74171901404156,76.69342810294107,76.6072590820029,76.52510826234455,76.44043350977492,76.3579188066141,76.2873198873317,76.23632730651421,76.21954597826148,76.21420464976907,76.28530087661144,76.35479411533221,76.44132432429264,76.53062555787723,76.59587914538805,76.58706438143273,76.5542368311085,76.48082517537281,76.37153139346212,76.20859215544984,76.02278751831862,75.81128897201191,75.56953322321907,75.33699413473374,75.06403050108815,74.80688281608242,74.55275244947238,74.30407127783718,74.06231705321986,73.83962464664533,73.65840596166308,73.48375394029108,73.30926504995509,73.13095264280892,72.96084156801125,72.78517407829533,72.60596315765406,72.42289574803387,72.2357060160182,72.05491797930254,71.88684639011117,71.71520229004355,71.54117180335682,71.33926687497105,71.1369840110424,70.9791787629295,70.78930773564254,70.58231275333495,70.35231675899458,70.09475045629257,69.83504957050091,69.5423902254651,69.25131173336263,68.9878711079048,68.80869047056893,68.76285940233662,68.85144432571333,69.03865511567938,69.28709026621137,69.56700503779174,69.85203069041361,70.14049395572779,70.42660382808062,70.71963868108959,71.02037147734976,71.3188789245797,71.59577387247178,71.84421125036476,72.06593484614878,72.30484060019216,72.54313085590326,72.77717717996335,73.02161197987074,73.26955064742278,73.50916513540372
53.343957016466796,53.37158267855013,53.38924561347656,53.43334422994749,53.491437520312324,53.539940441201765,53.602583397573085,53.67124390284457,53.7453128751847,53.837899606874046,53.930390309450786,54.01938490171939,54.10790411749269,54.19297403002121,54.277970307927404,54.335158058274324,54.40510715782164,54.46957370807356,54.55387274834248,54.60811538330451,54.648060836528806,54.69216767591948,54.73049771601203,54.76226690126254,54.80181267255964,54.80430203272319,54.839553289576564,54.906409317408176,54.94389763876962,54.971223640383045,55.00263810574213,55.02221192671379,55.03496317845708,55.04041211797141,55.04191867528829,55.04249114314316,55.0452204292134,55.051109298889656,55.08385852259308,55.091534621874914,55.103832253652314,55.11529530971354,55.13352549672723,55.127976177668025,55.17057300451906,55.19462833173224,55.24706476833139,55.30275829023059,55.345127227436585,55.40952940706788,55.50367662301658,55.58147803412936,55.667904344250964,55.75784850455578,55.844116733077485,55.90965095039586,55.95678011726663,55.98538227609299,56.004532488040226,55.950006673937565,55.951850592333514,55.92272828699356,55.883499260149826,55.844572393678824,55.79053246164482,55.78483224436653,55.7862571730634,55.809726819128976,55.87795530823601,56.014042282939094,56.20753864526261,56.42003550528052,56.7095500015708,56.99426611772115,57.29402401003747,57.6085325223002,57.929866698456266,58.234966708992665,58.506260055507255,58.76141925617467,59.01287267848055,59.269714339436035,59.541452094663306,59.82161244201668,60.07267473918237,60.33339146813031,60.585119449979224,60.84794475508175,61.11981069386988,61.39355139191405,61.66238243797373,61.90474842189792,62.160831588375174,62.469597139860305,62.750627408112464,62.99085840825769,63.25409387761778,63.505749106190756,63.76955334118836,64.01952035517809,64.26906443488535,64.4854234518951,64.74191672360831,65.02340640774669,65.29511676102514,65.55168108854282,65.80896845853621,66.06170261820183,66.30067416922765,66.54308311738566,66.79989878046966,67.06458127972448,67.32905595576867,67.57346078757222,67.8202460329802,68.07814890795164,68.32721716155083,68.57111662361352,68.81254233308454,69.05716464347931,69.31266928107256,69.56845393267562,69.83757403619907,70.09343033845414,70.3329192246221,70.54526830052652,70.74104197322514,70.94085873949373,71.12895387401666,71.36928728146141,71.57714616068553,71.77393955182357,71.91315936290908,72.08298021618818,72.23903562177692,72.42744681051221,72.57630496241339,72.78575793606454,72.95963259599843,73.13130251836304,73.27427182253105,73.46640429387375,73.6593959519279,73.86859483632053,74.11207154368518,74.36131659618985,74.63956026756416,74.9019680503054,75.16934821649816,75.4355460260967,75.68136354041798,75.94880265891057,76.16021001275607,76.3402556266033,76.51124239810034,76.60428471966057,76.67736083895404,76.75830122740194,76.7791600385774,76.70476852030718,76.68891646584186,76.65980942368381,76.6290207649759,76.59059538013472,76.61003588650924,76.56170084765341,76.52864351658708,76.50050121318503,76.49082210881555,76.52144238258323,76.55448279154605,76.61961681395066,76.71561294847979,76.82280299949768,76.94849734313162,77.07342358262602,77.13793938274779,77.18994062903872,77.21205364296789,77.19720089571267,77.15465980859588,77.05203309208243,76.92734551041542,76.77501719024858,76.5974324634621,76.41038255149924,76.215604179242,76.01787985919108,75.85778808592056,75.68574182394038,75.55587471352064,75.45740993205919,75.374469853599,75.26261757483259,75.17613550119032,75.09073634770935,75.00577465222398,74.9173798955901,74.82621651061105,74.73079514048716,74.63376107239598,74.52447567773987,74.37341982667354,74.21989371605927,74.06744764862712,73.93499131264667,73.78574847523076,73.63408424194232,73.4879984915291,73.35941306350507,73.18963076641347,73.02094840802128,72.84910322613396,72.69773869324916,72.57088232034133,72.53722073483851,72.56017039260895,72.6339992981353,72.71661145911784,72.85241062028082,72.96805715289425,73.07759410010934,73.17151183781125,73.25743586061803,73.31309325878446,73.37888139513925,73.41387660775999,73.45021483767489,73.47482145393086,73.48540303436793,73.47846242452493,73.46168536162145,73.44668733097896,73.46853160547731,73.46556272695824,73.46771373201909,73.46460708474739,73.53484200593316,73.65494180378346,73.78424774530929,73.9190395071716,74.05143623378396,74.12896670584983,74.19881594997752,74.22046945479168,74.17597632063273,74.09204849820541,73.95273719692072,73.7807135822533,73.57939669044316,73.37363882219111,73.16262212872107,72.96400800486083,72.78018760528919,72.63961860803103,72.48567061620507,72.36070428691747,72.20994342169807,72.09525898130357,71.98172444403278,71.8665459863079,71.7484181669614,71.63098835362662,71.5187516411435,71.39393520780568,71.23601705871941,71.08273748803576,70.88765897127112,70.70395761153792,70.52812851679246,70.41389248874708,70.24986192902567,70.08973771153454,69.96195253161495,69.78249765409986,69.63786881887674,69.50992960198153,69.40174790967131,69.31002201654105,69.19120557231535,69.09733730430736,69.00377173225459,68.90767509201994,68.80917875403685,68.70449681067554,68.58854999571946,68.48027713240832,68.31714208501775,68.15201392228664,67.90815419933566,67.70027771766713,67.48981050748695,67.31118964622057,67.15816505725023,67.03921894348612,66.97575894128886,66.96164948463355,67.00333561826494,67.12580990391308,67.26543271581829,67.41346423501643,67.5848512340783,67.75858401615112,67.91068115222654,68.07255331907221,68.24517010936839,68.41864799579868,68.58456925482362,68.7401967245742,68.88650590046764,68.99900241057198,69.13225908697092,69.26381568819683,69.37193044497977,69.49047551842476,69.65817064478811,69.7721692581269,69.92176924689986,70.05142764131722,70.18532478341052,70.35388398862258,70.4583054260117,70.6156905646517,70.78410693175375,70.96119081924424,71.13396671002936,71.29665428150508,71.46748982106621,71.66066653335197,71.8332240765783,71.9990961568145,72.162837969359,72.32585439176395,72.48230695154216,72.61671519623414,72.76753955047566,72.90273220112478,73.03060830063214,73.15820370185615,73.25297724260327,73.41532227078145,73.52741373614234,73.63865361744408,73.74665915317287,73.85196731779371,73.95674539069208,74.06265264328881,74.19428741998314,74.30472384321456,74.42038268676798,74.54284949113,74.66182967612092,74.79394380988546,74.96600648016899,75.13077943939368,75.3083107998366,75.51026607346341,75.72156823409274,75.94413890947871,76.14050038278417,76.33195488981345,76.49114447281787,76.63421011156636,76.68975903453256,76.73785788699216,76.77124062570765,76.74350550474466,76.69874921211796,76.62272069414381,76.54058750508985,76.4540658352234,76.3682282663236,76.29324690709211,76.23711053499868,76.21512659852696,76.20453629890186,76.27140646803257,76.33881971123917,76.42757722885537,76.52358607971124,76.59911207238474,76.60322437523423,76.58321468369125,76.52223048377031,76.42476221167392,76.26909314273617,76.09109906477462,75.8836612800344,75.64361950397108,75.41057808344773,75.13558265364595,74.87518369358112,74.61702685208229,74.36363639503153,74.11656620640534,73.88851267481554,73.70406199764697,73.52421327963154,73.34487490931636,73.16725474978016,72.99788471250105,72.82426632056212,72.64789528896964,72.46805498626091,72.2842814660358,72.10673770166889,71.9418109587763,71.77284719164803,71.60044802731318,71.38559397596534,71.18271943441782,71.03982467387353,70.84972381892976,70.64192871719649,70.41010909919783,70.14942764970459,69.88517207173696,69.5844620885327,69.28127118230395,69.0003625289056,68.79795095731124,68.72535352644012,68.78668252715592,68.95144693672023,69.1844763468577,69.45672583302316,69.735848605899,70.0256922187851,70.31153943858476,70.60567677505513,70.90843366049265,71.20981843031085,71.48994069053613,71.7419022019899,71.96618563422237,72.20829092464338,72.43449378100435,72.66831020683937,72.91304422024426,73.173273520968,73.4100153736206
53.30811134400511,53.3321758503446,53.348554508995065,53.387962499489504,53.44199408309856,53.48948754895985,53.550431326449946,53.61785955469582,53.69118549669252,53.78379889227158,53.87662031702146,53.96640570692576,54.05622699025418,54.143129842530115,54.23056408816117,54.29006022413501,54.36290855418918,54.43028587874011,54.51797725982257,54.574815289882636,54.616809975111146,54.663161430603225,54.70345147266001,54.7368713902889,54.76831082700534,54.76604363708891,54.802378251057135,54.88453223285869,54.9226196059774,54.950603710943156,54.98399608082772,55.0034534120347,55.01570383333383,55.020233420020766,55.02060430473861,55.02007586274923,55.021755380009054,55.026390752512114,55.057330662405015,55.0625420147366,55.07164937163991,55.07985452672173,55.09492532858652,55.0892218137225,55.12795239093857,55.14728348413757,55.1954947772004,55.250114594824794,55.2908381154325,55.35415086976332,55.44837008012244,55.5269181909312,55.61540710047081,55.70885887326577,55.79973510758309,55.87016676775881,55.9229182847913,55.957274707730065,55.98207634350341,55.91549349732332,55.92417207239157,55.89108730934204,55.84521803801752,55.79733262361601,55.722253688562766,55.72166701098804,55.710578674358466,55.72118850505951,55.776421545662586,55.899657319094025,56.08298712368553,56.28685193476471,56.56684008608913,56.84708169021259,57.141890390256606,57.45412081616016,57.77500493238816,58.08044686459176,58.35184610040583,58.60759840809111,58.860038824264024,59.11803047691379,59.39094942153886,59.67227865915023,59.924426775680125,60.185918718187395,60.43840168994645,60.70181791091948,60.97401281952768,61.247891962438274,61.51659228736514,61.760979776643715,62.01697968174588,62.310502837653935,62.59150077267137,62.831475494926984,63.0935541763479,63.34489805562536,63.62188867330131,63.87100529512343,64.1194678933142,64.33716291102914,64.592716550987,64.87286882688903,65.14328113985503,65.3980138318043,65.65352570310996,65.90479108590725,66.14253135302344,66.3839241640685,66.6398438622232,66.90418357008662,67.16780802690943,67.4147591550214,67.66210109388277,67.92114200371782,68.17118819191452,68.41619906793835,68.65887906729334,68.90487398474738,69.16179502565701,69.41879711911163,69.6894662082423,69.94611754535624,70.18810132258658,70.40252840813457,70.60000514545192,70.80181397453606,70.98129230519932,71.23073419850124,71.4397364967087,71.6377122277635,71.76939316975108,71.93927654622517,72.09659314149572,72.28222337832445,72.4373725827439,72.65626965812022,72.83064794388534,73.00226170544789,73.14502586907727,73.33555203519252,73.52703333646724,73.735045941163,73.97781284455914,74.23054025744165,74.50880952115688,74.77476046086282,75.04828211281672,75.32343681070256,75.58135283680438,75.86080620388451,76.08449033405901,76.27699115759181,76.46032429442789,76.56579662640965,76.6498143032797,76.73648574446032,76.76436615483553,76.69197388695949,76.67973394517107,76.65313851130854,76.62775907928808,76.58852485098707,76.61200815586466,76.56029115193448,76.5226252339111,76.48966772315903,76.47484009372646,76.49986274351559,76.52818789796358,76.5899465002527,76.68489215637963,76.79354184344733,76.92369870881596,77.05644935880767,77.13145152595926,77.19523453959489,77.22885572688581,77.22441608541699,77.19071350347104,77.09515783822334,76.9753651658063,76.8257016799813,76.64816109779075,76.45845398444507,76.25894271384892,76.05503991724112,75.88844482818958,75.71045105873479,75.5776977225522,75.47311768765051,75.38533259953684,75.27347420286063,75.18755138473654,75.10406220695322,75.02194116739201,74.93706152805441,74.84985851287902,74.75859378351345,74.66566594034525,74.55932439424738,74.40058105654742,74.24721137485906,74.09181905861983,73.96412434637524,73.81170231889139,73.65780123286795,73.5086354376196,73.38668490042934,73.21044782973016,73.03442320879016,72.85352845409497,72.6914205426895,72.55520632952062,72.50859372259556,72.51766079987232,72.5845263619619,72.66587955633125,72.79791975997941,72.91510172757465,73.02830351907451,73.12710801990266,73.21914287485741,73.27979098894565,73.35122178313676,73.3916515667357,73.43304436954693,73.46186544456106,73.4749581208167,73.46870036936316,73.45098369137088,73.43380197498283,73.4526279427776,73.44569524960467,73.44348445311991,73.43799591093396,73.50247937542869,73.62351977378437,73.75506516275559,73.8953116107111,74.03723402940685,74.1263998635995,74.2086620519988,74.24244760288443,74.20667459261777,74.13124829713507,73.99810191600604,73.83099666380186,73.6300657728794,73.42186833221905,73.20645289907962,73.00234815390422,72.81264090316192,72.66610132657638,72.50761761013582,72.3769293563471,72.22604665560354,72.11131329751328,71.99984897328471,71.88831436906676,71.77452591603539,71.6612927557499,71.55287707765918,71.42889414999172,71.27532678012673,71.1256042766697,70.91832736690282,70.73406673355015,70.55517030907961,70.4532272505134,70.28627635723697,70.12246987769376,69.99075095711052,69.80704798612105,69.66226443168449,69.52887478938581,69.4160818328867,69.32080970720449,69.20430484163796,69.11067922183847,69.01823828399014,68.92412265871945,68.82829953031926,68.72682418849469,68.61451244065766,68.51042322405857,68.35061873352544,68.18802206876656,67.92849472097123,67.71730083472488,67.5005908791097,67.32496346235881,67.15797961123258,67.02297040725358,66.9434760028034,66.91350692970178,66.9417699824071,67.05048583123109,67.18370566108841,67.325988203623,67.49436798216328,67.66756168460374,67.82016676278995,67.98326991457823,68.15765271369666,68.33320854421962,68.50133063401516,68.65914229215187,68.8067732773064,68.92123787560361,69.05676095299125,69.1903696441851,69.28955164689036,69.40638100968745,69.58782226392756,69.68991896674616,69.8500725730907,69.97820433010699,70.11018040366045,70.2765757062475,70.38268490466197,70.53709435433268,70.70206891564813,70.87666956129178,71.04680147053757,71.21105596733707,71.38244358176345,71.57701944281834,71.75132351446597,71.91938303649276,72.08555332290797,72.25099775536263,72.40958464398827,72.54562599143,72.69815306781476,72.83477482813511,72.96360801161853,73.0901768698978,73.17335661827912,73.34740396175995,73.46016640588205,73.57012096363546,73.67651034698324,73.77995551691069,73.88267956423823,73.98639214544698,74.11596938899531,74.22399313636072,74.33703438855326,74.45666383413796,74.57278763065203,74.70482616510724,74.87440405286158,75.03898311503752,75.21839204024144,75.4247621523095,75.64307592669353,75.87572169180221,76.08363062851892,76.28738573015687,76.45858021198016,76.612490570166,76.67264667439942,76.7284587592299,76.76638070106125,76.74389797574443,76.70293130029978,76.63772008112112,76.55595985967784,76.46784757685057,76.37887945994511,76.2996117438616,76.23828933939497,76.21076855572,76.19485729248312,76.25663301565568,76.32150929563005,76.41193830539638,76.51415916394294,76.59965337726199,76.61696180101634,76.6099029372788,76.56154945585746,76.47587271935602,76.32784612156861,76.15821364028922,75.9551737640175,75.7172723003122,75.4837579983976,75.20718250602332,74.94365501759147,74.6815589094007,74.42347548363472,74.17102159333676,73.93742281454578,73.74915706821442,73.56370162672292,73.37933167486365,73.20231174911353,73.03354544346807,72.86200999025924,72.68862697223341,72.51222305405032,72.33209537818031,72.15800486896829,71.9961662375323,71.82985968327607,71.65922717218717,71.43237229678715,71.22938281648662,71.10055966597434,70.91034323818067,70.70191918290777,70.46858264339203,70.20526096146254,69.9367135381186,69.62867332578331,69.3142956229901,69.01681416960486,68.7918236987804,68.69240478872338,68.72579619360046,68.86703406209735,69.08353661357454,69.34691847136395,69.61970375168701,69.91008312704696,70.19565237334317,70.49098837969883,70.79591101637757,71.10031399249348,71.3839183932986,71.63969022752075,71.86704832822781,72.11244987385554,72.32678026784738,72.5605641311836,72.80573382299279,73.07800195932295,73.31189770148745
53.27276283338599,53.29317019161041,53.30846666751296,53.34291030159089,53.39247375716684,53.43887765441851,53.49798191403078,53.564085547103346,53.636636245617346,53.72906483336293,53.822048204463975,53.91246659980195,54.0034670809718,54.092114893022824,54.18193880318851,54.24409323044831,54.31991697897876,54.3903165302247,54.48106468701571,54.54060132059437,54.58493772376299,54.63364116761551,54.67604061446258,54.71132710673001,54.73472502899417,54.72898121991481,54.766479723937046,54.86262683884461,54.90126627210812,54.92997963313087,54.965344393740985,54.98478556343603,54.99665764280511,55.00040798994258,54.99977358520235,54.99825243301864,54.9989663206963,55.002394519679875,55.03113320564138,55.033893602154194,55.03979763416507,55.044721836023015,55.056577897828596,55.05110039835573,55.08552814568364,55.10014969435278,55.14384135747227,55.19712283289384,55.236231553622325,55.29831465882963,55.39208748865419,55.47131112438442,55.561775235288785,55.658651097521386,55.754082901733405,55.82963800465502,55.88829742382203,55.928752838409295,55.95938622002354,55.88242653731864,55.89722849059514,55.860441052644404,55.80833496560347,55.751955703620936,55.65719071164396,55.661233003730665,55.63761575526985,55.63531463159686,55.67737324658718,55.78741004933581,55.95981646309367,56.1548975912279,56.424398890086984,56.6997363070563,56.989464371746486,57.29920949839462,57.619467383902325,57.92514611009593,58.19676000380476,58.45322313376298,58.70675790997457,58.96598917358115,59.24013017741726,59.52261495396218,59.775860649659926,60.038124155755554,60.291355570037084,60.55533744841061,60.8278461295298,61.10185489643806,61.37048699564778,61.61733469086987,61.87346509928877,62.15176979303787,62.432854003847154,62.67271847046793,62.93375630604996,63.1848569282857,63.474137282156164,63.72237474806556,63.96970748500936,64.18918205921779,64.4436338519264,64.72233328721445,64.99134601450866,65.24432549521022,65.49806876302777,65.74777619777453,65.9842391817553,66.22453682608109,66.47943488003524,66.74315833466098,67.00590228243509,67.25550110238983,67.50347629986949,67.76351395700992,68.01454440225359,68.26068998254814,68.50465446469872,68.75205552436462,69.0104269900971,69.26881592861656,69.54095440028796,69.7984655995046,70.04293405797303,70.2594878325544,70.45879937128642,70.66257479121323,70.83407265325428,71.09168051219622,71.30184594468454,71.50103129158293,71.62639733943277,71.79660352235047,71.95536969027965,72.1385490217149,72.29984657874788,72.52692919072204,72.70178379849172,72.8733469471521,73.01598539674205,73.20472860901702,73.39454244600955,73.60127879043499,73.84299382148741,74.09895609192634,74.37670532652336,74.6458597770603,74.92502701444967,75.20884369772075,75.47882329177237,75.76998411892993,76.00586789943746,76.21083003035974,76.40640301833552,76.52476465240302,76.62001646022777,76.71231188997335,76.74756665344837,76.68080261812261,76.67279746115706,76.64914639316402,76.62853227053697,76.58862530300517,76.6139727608843,76.55914255984354,76.51696864583842,76.47929413244303,76.45928883230698,76.47828096603511,76.5016377903876,76.5595917777126,76.65296306931774,76.76277774280028,76.89698122216625,77.03711336827583,77.12288819652363,77.19856703166096,77.24383221201553,77.24996951512189,77.22515656036786,77.13713041462717,77.0225791907811,76.87593554723857,76.6987644834375,76.5066459610534,76.30258025495752,76.09259182793075,75.91925062709524,75.73549156611726,75.59955436477769,75.48835667529083,75.39529683714794,75.28360494914064,75.19812939881375,75.11653041433213,75.0372901929291,74.9560006562508,74.87283440332315,74.78581325815321,74.6970315332329,74.59376246653007,74.42845522271689,74.27589015776695,74.11815352579126,73.99482351465375,73.83946536495236,73.68347409837234,73.53117255826918,73.41469821879667,73.23209984502502,73.04891043581866,72.85912822579641,72.68633156063669,72.54102472488182,72.48098863434491,72.4757664108798,72.5351497983564,72.6152189613893,72.74278549118864,72.86141933459852,72.97823469842496,73.08198481832423,73.18007384025854,73.24612113309531,73.32320891081477,73.36935092305961,73.41590294199838,73.44904019497939,73.4647955512854,73.45948618835494,73.44111820185132,73.42194117910458,73.43727818001743,73.42634266434881,73.41969884270375,73.41204987777051,73.47025414040453,73.591422627241,73.72469512437755,73.87001589825017,74.02111376681366,74.12215435970614,74.21671310725874,74.26259302035291,74.23577660773023,74.16910170849661,74.04250399313378,73.88068308313598,73.68055494511178,73.47018951706791,73.2505396040977,73.0410169625304,72.84537883898204,72.69229887429165,72.52907651278899,72.3922105150541,72.24138464548997,72.12644311916631,72.01704348331107,71.90920799090381,71.79982529584757,71.69089010754656,71.58627316058492,71.46315783388013,71.31432302984597,71.16833830899598,70.95013750492836,70.76580310609664,70.58424450920691,70.49298460465023,70.32318552531964,70.1557258298814,70.01956770781212,69.83201586300532,69.68696192577087,69.54792172388699,69.43020842282294,69.33099864148127,69.21693803626077,69.12340041531301,69.03197101475737,68.93978716751263,68.8466671228003,68.74852084546838,68.64007184484373,68.5401087952428,68.38422083839863,68.22438934602397,67.95105404334326,67.7369660767408,67.51447866951982,67.3414095540573,67.16043420568039,67.00937795999262,66.91367753963603,66.86767564778849,66.8821103473919,66.97623482644886,67.10247603908174,67.23865644072883,67.4036689591918,67.57602204350577,67.72910630322832,67.8934585050262,68.06961622868512,68.2472605815329,68.41761337586595,68.57766033996197,68.72671417974384,68.84367876608908,68.98150494083903,69.1171866587149,69.2081962101985,69.32374603679824,69.51789590480682,69.60893161259646,69.7789801149845,69.90565285818252,70.03568582390535,70.19943499555818,70.3078208007256,70.4589780834393,70.62034374590489,70.79211352015403,70.95939741490304,71.12516911151413,71.29704805564785,71.49264412011973,71.66866155707822,71.83892779129253,72.0075779340905,72.17554099349952,72.33639022077075,72.47444661021859,72.62864750881111,72.76679687071245,72.8967368413906,73.0223447737821,73.0950856458635,73.27966055525357,73.39330280015089,73.50207381852981,73.60693036482951,73.70858032097314,73.80928951004536,73.9108149144476,74.03790130581544,74.14348215620687,74.25384211646612,74.37053389342219,74.48387771308956,74.61579809942782,74.78236807557256,74.9465871917208,75.12768902595076,75.33810978621045,75.5632194536739,75.80557896400933,76.02505644576044,76.24099680629773,76.4241837293576,76.58867145104857,76.65382798426936,76.71744561244158,76.75977270542329,76.74288201394455,76.70597832665432,76.65214240445569,76.57112763539908,76.48171093562134,76.38983937240906,76.30641982728731,76.23991262914663,76.20657790394534,76.18529220645797,76.24117668926122,76.30307248025314,76.39461196523115,76.50251944363347,76.59762471417257,76.62830441383133,76.63426920130158,76.59870093546296,76.52477117285444,76.38475136334289,76.22399147728203,76.02569470958028,75.79036861871236,75.55646077771517,75.2787697890321,75.01227576432828,74.74636329208428,74.48363715918437,74.22576296132893,73.98646488678251,73.79384414513176,73.60241250879284,73.41284467494475,73.23630253819636,73.0679817520011,72.89852491208227,72.7282322985948,72.55542849067486,72.37913498209363,72.20867297903706,72.04986038933197,71.88618685340518,71.71744935475174,71.47989562492651,71.27731207063115,71.16131606495354,70.97110637084862,70.7622320622269,70.5276886989348,70.26219905773011,69.98964485696973,69.67498846860553,69.35033424712913,69.03717204493988,68.79027607578068,68.66405131255746,68.66892292802993,68.78564810022169,68.98456318190057,69.23791187068245,69.50389795767286,69.7939556507803,70.07916902739109,70.37573646428122,70.68291154614833,70.99043090044043,71.2777287280598,71.5375568760242,71.76845546621578,72.01723837908543,72.22032987520957,72.45431535821737,72.70004879167907,72.98369782978948,73.2147979955192
53.2379822945473,53.25466050371137,53.2690475041458,53.29829647860659,53.34303329199763,53.38825759387599,53.44538364821443,53.51006515351289,53.58179391832782,53.673821318708,53.766786918481095,53.85766761851763,53.949708803107576,54.03999672689208,54.132142857832704,54.19725643037751,54.27610665644488,54.34961472251935,54.44309707855839,54.505416907583715,54.552357053088045,54.60350614185992,54.6481498816586,54.68550120960939,54.70110285605665,54.69346187679828,54.7322188611954,54.8405907659839,54.87975196727257,54.90927051088645,54.94659903049561,54.96613179163674,54.97775549875275,54.98087478850134,54.97937491462478,54.976978922466124,54.97682113116255,54.9791011076159,55.005300770376074,55.0056426272133,55.00835254568665,55.00999285791806,55.01859584170349,55.01367195783953,55.04341457001969,55.053358341136374,55.092273715028384,55.14395929465195,55.18146903331802,55.24217721470695,55.335006349443915,55.414811367952815,55.50713522278055,55.60731802404762,55.70721569615973,55.788063748869924,55.8528596621429,55.89970500814806,55.93632084714961,55.85105570946723,55.87092916784156,55.830734110727306,55.77282309204522,55.70844001989303,55.59581463750908,55.603510842583695,55.567424030556985,55.55223127349119,55.58099958078341,55.67753984846741,55.83832221201724,56.02444969454049,56.282568304809935,56.552554454492544,56.837034810388,57.144051601461406,57.46346897038637,57.76924285294244,58.041137378176636,58.298391070996075,58.553094458035666,58.813627009058294,59.0890103011478,59.37262447568163,59.62696870885839,59.88999275902826,60.143961625275274,60.40848376999442,60.681292684177606,60.95542556298773,61.22405174177345,61.47374995279896,61.730211442103574,61.993814157362,62.27510641732804,62.515016860513036,62.77515583494117,63.026081802045674,63.32631637080671,63.573655857024825,63.8198220758514,64.04146656791657,64.29467518023334,64.57182325131761,64.83935004259186,65.09065634865978,65.34264425953998,65.5907172305975,65.82586493389297,66.06499732473262,66.31875877981007,66.5816120936445,66.84344547254818,67.09575732356416,67.34442471109419,67.60531711513295,67.8573262845297,68.10461743652115,68.34988456652646,68.59871409757648,68.85856010376651,69.11848613956367,69.39201688107896,69.65044858009162,69.89738190790776,70.11609933552626,70.31736221339277,70.52307689447521,70.68752490231823,70.9521110861674,71.16346210272776,71.36388626815254,71.48442793682563,71.65525786120647,71.81566521161382,71.99688001129765,72.16399249536522,72.39769718990964,72.57301214169208,72.74454058280712,72.88713705743905,73.073953764756,73.26197138641068,73.46735650359398,73.70770682916125,73.96663870136322,74.24336366739283,74.51537970291962,74.79969331499792,75.09184778963449,75.37380055326507,75.67634303310383,75.92431867915744,76.14171778475064,76.34941180631098,76.48107090049439,76.58781759685854,76.68568128074784,76.72866402573365,76.67100822011051,76.6678604821044,76.64761953302053,76.63116564095638,76.5908125179994,76.61587573278614,76.55823649430695,76.51170121475056,76.46944060857297,76.44426075126793,76.45684849711948,76.47500703255615,76.52874802889663,76.62003099081129,76.73069060849049,76.86849857028966,77.01553782876469,77.1122795840074,77.19990261513159,77.25689735089198,77.27374362539733,77.25786882004931,77.17780788181769,77.06884502845216,76.92558785050008,76.74913782130218,76.55489309349502,76.34649898115964,76.1305682209392,75.95030556604772,75.76097223343035,75.62156613261034,75.50330594329989,75.40457993877625,75.29317289153596,75.20800682648786,75.12824149012462,75.05188120959946,74.97421658687551,74.89512898851933,74.81241055443957,74.72779989365976,74.62772383740014,74.45727272328547,74.3062319550077,74.14690158482564,74.02734605907133,73.86937636301558,73.71145825488026,73.55599872335051,73.44350508767361,73.25467803298706,73.06452957432123,72.86604674310534,72.68264320285867,72.52848734772864,72.45461708430607,72.43473856352281,72.48612267447925,72.56479837131795,72.68721315448553,72.80716058835345,72.92748728817035,73.03619178319153,73.14024569611645,73.21204449649312,73.29478515091196,73.34688365507006,73.39868606582606,73.43623576602762,73.45481059929762,73.45072363915808,73.43200627308941,73.41104547593721,73.42250213804881,73.40756040101739,73.39644201540109,73.3868291474414,73.43828749356076,73.55879587491555,73.69327360760366,73.84325561206475,74.003135724628,74.11620434740313,74.22290252534772,74.28081413646015,74.2631858802365,74.20550514886065,74.08583684405642,73.92966321437906,73.73077635054263,73.51855458907492,73.29488319348411,73.0800622873847,72.87848992236074,72.71837160946883,72.55022273112353,72.40676694238495,72.2561187255444,72.14079057224829,72.03341050783288,71.92928236614856,71.82432976105852,71.7197591277046,71.61890437648336,71.49670034542949,71.35293513445153,71.21084838991143,70.98336123765857,70.79948027559806,70.6157700939812,70.53313730736431,70.36059017691218,70.18953774475845,70.0485099150892,69.85749523188662,69.71204759967026,69.56719580994044,69.44429031545592,69.34078476651912,69.22924059245253,69.13562065947912,69.04506722530265,68.95473703228791,68.86431687142867,68.76958517426165,68.6651854300499,68.5692788075252,68.41783844504263,68.26099434811384,67.97613465127986,67.75958532390135,67.53178835617108,67.36043716741597,67.16552349888211,66.998508094007,66.88649472944647,66.82432959917772,66.82456374375117,66.90333230802773,67.02201562791056,67.15172592202833,67.31298811698849,67.48416955986353,67.63766032852448,67.80323814017592,67.98114466564431,68.16085901113534,68.33344812786207,68.49576168224898,68.64632569392977,68.76627056400035,68.9064295766336,69.04420341586447,69.12808984634482,69.2429085284638,69.44834423381414,69.52953275297685,69.70846981689341,69.83376666166147,69.96185674862531,70.1225382946978,70.23371567851747,70.38138574848892,70.53900492826965,70.70763274508529,70.87188613486225,71.03909925762792,71.21139241548904,71.4076373650891,71.58531234896523,71.75777857056569,71.92893392395344,72.09948128947043,72.26269832705603,72.40311325358425,72.55895883956876,72.69872699062059,72.82991589283341,72.95464785580715,73.01848190023013,73.21206054798068,73.32677503109093,73.43447506559023,73.5378953198179,73.63783246716018,73.73658245077957,73.83594607846608,73.96016242952953,74.06328684106472,74.17091892619419,74.28459035630026,74.39522873834855,74.52697338070853,74.69006038884622,74.85375100840474,75.03634646480033,75.25044046244018,75.48209042711834,75.73376295528197,75.96475841255925,76.19271954934945,76.38784733755256,76.56264332651341,76.63321410430486,76.7047362898854,76.75139505231256,76.74044320624873,76.70789425034928,76.66587282566846,76.58599314154414,76.49558811250071,76.40107498864592,76.31367658701629,76.24202931369727,76.2026606973078,76.17596561677168,76.22523365862973,76.28371887685674,76.37580261967511,76.48884155184412,76.59314773726933,76.6372799687315,76.65628108518999,76.63360376641545,76.57136582851524,76.43970913945486,76.28829280817259,76.09509240234165,75.86278546564147,75.62861331953235,75.3502842334842,75.08102491000638,74.81145467078969,74.54417003721812,74.28087005769675,74.03574871247217,73.83827620016535,73.64053945306878,73.44562323790738,73.26940601441602,73.101351629189,72.9339309107268,72.76678535920333,72.5976998354073,72.42538750741761,72.25869552971136,72.1028415771281,71.94177579051286,71.77505469177986,71.5284577478734,71.32684511023389,71.22202619653274,71.03195359438692,70.82281526691203,70.58737857318376,70.32019060467103,70.04393691561427,69.72337204838783,69.38933624642925,69.061382169848,68.79327546911637,68.64033122131342,68.61620033342734,68.70752065950418,68.88784816737444,69.13003494884693,69.38873305375175,69.67759876025198,69.96231579576376,70.26008399806278,70.56954325094866,70.88023444346454,71.17139344212033,71.43548369656705,71.6703395862371,71.92257737158977,72.11548216186827,72.34994029316184,72.59635712986577,72.89032299966946,73.1187021322307
53.20384053742687,53.21674158801118,53.23036243400913,53.25422987289157,53.29382943707128,53.3377742036306,53.39278501689973,53.45594164737015,53.52678731119253,53.618192236866705,53.71094940577558,53.80210880124253,53.89503657012349,53.98684288953066,54.08122465691706,54.149549177085916,54.231451810842024,54.30812951561607,54.404036483087076,54.46920548299466,54.51898093369012,54.57265560824017,54.61966401448694,54.659260857950564,54.66749188572319,54.65983270333675,54.69995681581124,54.81832164489443,54.857991021581654,54.8883954481502,54.927675977105366,54.947415507355785,54.95892829305862,54.961572776461594,54.95935669095126,54.95621339960652,54.95528769129533,54.95649102354307,54.979867974683,54.97784233299957,54.97738961066352,54.97576321270745,54.98109179746113,54.97699651844582,55.00172596521211,55.007040803246866,55.040961055750174,55.09080027031335,55.12671204583147,55.185894977835375,55.27730416332373,55.35757345510022,55.45161353702191,55.554952499569545,55.6591890714932,55.745443088189084,55.81654712753801,55.87001955696368,55.91273895443057,55.82163092931272,55.84518342502812,55.8019110774174,55.73865546648027,55.6667839586318,55.53859657277881,55.54848114753645,55.500059114979365,55.47206450549255,55.4874897180249,55.570286091291806,55.71879991898644,55.895785464572754,56.141690221503545,56.405860618761565,56.68489056206204,56.98890015781831,57.307224609227994,57.612915500568526,57.8851138359942,58.14319985759618,58.39911299087072,58.660980562965484,58.93760573157979,59.22231037353773,59.4777433010122,59.74150950619907,59.996200390685,60.26123727811019,60.534334543772445,60.80858933116151,61.07727170469387,61.33016235065359,61.58714231129011,61.83705208197618,62.11867732880222,62.35880019069478,62.61820833123883,62.86902875477932,63.17844314230671,63.424875765021596,63.669850531720805,63.89400210858097,64.14584708971456,64.42136218179313,64.68733188171059,64.93704666205213,65.18729881389694,65.43367346117,65.66747588790625,65.90538188133229,66.15790250745209,66.41965136723408,66.68054434745108,66.93559851243101,67.18499938771083,67.44660382539197,67.69957433070459,67.94800949893575,68.19458541400222,68.44485453962838,68.70618929603889,68.96778353032634,69.24263191935813,69.50204056630966,69.75140934951713,69.97231567879057,70.17563123443516,70.38325598927204,70.54187903652783,70.81201078403585,71.02457256895308,71.22626668234312,71.34374102680123,71.51553627943565,71.67777964898337,71.85767261768675,72.03007570512597,72.2685343117226,72.44430495536086,72.61582495174451,72.75846750308186,72.94324725181824,73.12936826352644,73.33334220009746,73.57204422227186,73.83366268747176,74.10890052749455,74.38343394246257,74.67239140806234,74.97253018892683,75.26631026922546,75.57988957546318,75.83981864348497,76.06959996060804,76.28928389484203,76.43459747353756,76.55306800023219,76.65649553359054,76.70756076300898,76.66211382562007,76.66442377513849,76.64806601229712,76.63527674440755,76.5947541557142,76.61766310278821,76.55755437825104,76.50685040302909,76.46016731908482,76.42984827732003,76.43571678374633,76.44847018820738,76.49761063637106,76.58630122437744,76.69746035145197,76.83840444029337,76.99184495800847,77.09965587797696,77.19920579990136,77.26796539605003,77.29562085681329,77.28873012327821,77.21704730031877,77.1140201219317,76.97452764824547,76.79917631228469,76.60312999394081,76.39068107104708,76.16900172594563,75.98170972845719,75.78700194801678,75.64385451846346,75.51814453999756,75.41339927676579,75.30234110790991,75.21732095082484,75.13929595460922,75.06577369816719,74.99172862662485,74.91672707504354,74.83834266240562,74.75791306422661,74.66114244966985,74.48726395635677,74.33853865680611,74.17851377040724,74.06194922121709,73.90177406268293,73.74210911881647,73.58350280273638,73.47315757612671,73.27827361430539,73.08140010951229,72.87442820788863,72.68052692512343,72.51774403936467,72.42969068669858,72.39482859569286,72.43769805749116,72.51478648314308,72.63140809044727,72.75247610322704,72.87616093832025,72.98977846461999,73.09967538172613,73.17752188439876,73.26589287616699,73.32415874110538,73.38128925182689,73.42334221854752,73.44489853837693,73.44231647943046,73.4235652851118,73.40105539807372,73.40831963772357,73.38940388943725,73.37379908584228,73.36239388213095,73.40670062759732,73.5257850275702,73.66093658986244,73.81513399443064,73.98336018147336,74.10852397992383,74.22716371585605,74.29701938046921,74.288805924403,74.2403550347978,74.12799388452638,73.97782743165446,73.78064213257427,73.56691576057739,73.33948461694757,73.11953198511237,72.91206266290916,72.74447989039975,72.57123167209842,72.42081781768609,72.27041022995382,72.15449778274488,72.04905258057116,71.94859300913058,71.84805276632883,71.74787853491185,71.65073521191697,71.52949577059834,71.39109242051767,71.25304332431297,71.01827041740435,70.83541178847506,70.65016604020917,70.57365811486228,70.39849105565324,70.22393779898594,70.07768471031115,69.8835800398989,69.73760775191711,69.58682245200151,69.45849014676153,69.35036402946572,69.24134794648194,69.14745972908482,69.0576242163724,68.96904066693362,68.88128411615304,68.79001556753954,68.68981041804844,68.59787822246979,68.45136159886259,68.29771566909126,68.00403902960917,67.78547045639291,67.5528344165173,67.38195554853468,67.17324214912622,66.99042730160059,66.86205874989436,66.78364274415351,66.76933720201679,66.832053694429,66.9425962056872,67.06545362321584,67.2225594073779,67.39220870068336,67.54598939366113,67.71272786978719,67.89232203588487,68.07405873642374,68.24886553748962,68.4134571332573,68.56560490601414,68.68895875130944,68.8314733864943,68.97135659971205,69.04945826676997,69.16420641339086,69.3791199173379,69.45204794518646,69.63851962312962,69.76253917666149,69.8887088823003,70.04596204180964,70.16037210235261,70.30436134599881,70.458125968488,70.62333728533991,70.78439922215185,70.95295194927019,71.12556583405652,71.32209597755948,71.5013500346773,71.675983523664,71.84964341354355,72.02281582657102,72.18848360801043,72.33156212251124,72.48902302619173,72.63049384962315,72.76306626883195,72.88702655827105,72.94386295625281,73.14457243665969,73.26053521084425,73.36728758827985,73.46938132505458,73.56770269265098,73.66456560910689,73.76181076567792,73.88283201922357,73.98350312924599,74.08837787342497,74.1989639100897,74.30696952134392,74.43846577681072,74.59764283322691,74.76063390405064,74.94450906462596,75.16188566827269,75.3997804591113,75.66032589480211,75.90271710696572,76.14248539042532,76.34946334916744,76.53429676885979,76.61071617466844,76.69024863481955,76.74122615524796,76.73656713956056,76.70868303055235,76.67879650628042,76.60045868740356,76.50941130845369,76.41255329358614,76.32138745269566,76.24468830249039,76.1991229899121,76.16700209936934,76.20900009354176,76.26365809718914,76.35571468004376,76.47330012163611,76.58634410070519,76.64391622076916,76.67590619837446,76.66617679254362,76.61556494268443,76.49261972130034,76.35097786538049,76.16323512792066,75.93439984756931,75.70014252198092,75.42166557019151,75.14988143084052,74.8768477161736,74.60512273327357,74.3364226297551,74.08538411256114,73.88260620508161,73.67827598677836,73.47787669209923,73.3018010751598,73.13381306612062,72.96834781088845,72.80436024520847,72.63906562752035,72.47084018379401,72.3080260188274,72.15505796387356,71.99657358307668,71.83198330004441,71.57835245311792,71.37831984867721,71.28262238643356,71.09282528624892,70.8836167087212,70.6476035734965,70.37918426844905,70.09956060137606,69.77378859651877,69.43125081259856,69.0893905592665,68.80078925959172,68.62128263836233,68.56776601277575,68.63288334835579,68.79368368553479,69.02361662372566,69.27451086981881,69.56130142572887,69.84531907349641,70.14419395030409,70.45591413192228,70.76978991087866,71.06493428278073,71.3334522382162,71.57263322634248,71.82838778262538,72.01257668660075,72.2478153412384,72.49502684111573,72.79783933626474,73.02359598813676
53.17040837196263,53.179508245873606,53.1924768722185,53.210819326800795,53.24501894186822,53.28757431998063,53.34033450798551,53.40185830212086,53.47174522058007,53.562301476398936,53.65464861305015,53.74589018614635,53.83953479548156,53.93272092633129,54.02923260526491,54.1009708237369,54.185926666424706,54.265809969506854,54.36384494923818,54.43191047897107,54.484722336172965,54.5409888216599,54.59046775318647,54.632473210777036,54.63393969552423,54.6284407951277,54.67005474076371,54.7957171061942,54.83589776514616,54.86727354886234,54.90849121958404,54.928560121312124,54.940106917604574,54.942440914587785,54.939667312127106,54.9359139329546,54.93433388098204,54.934544774684326,54.95486943663609,54.95054596259866,54.94698433355451,54.94212852069185,54.9441784023515,54.941134106446434,54.960576632526255,54.96132845944279,54.99007258551904,55.03782205009222,55.07212208247467,55.12962438865505,55.21915843112573,55.29975191929049,55.39533665208862,55.50164737081212,55.61005860836516,55.70177511039794,55.779301947791474,55.839584824873526,55.88849927141545,55.79440211239876,55.8199005830521,55.77391654654132,55.70580513804619,55.6269859060367,55.48600762407374,55.49612453857827,55.43557662329645,55.39494040235115,55.39703282808515,55.465888152611974,55.6015451325315,55.76918212119508,56.002106531413325,56.259979286103615,56.53332048264951,56.83400819992307,57.15094921781478,57.4563424604114,57.728824989730064,57.987747131369055,58.244878030903216,58.5080864149229,58.785932407562505,59.071675796759564,59.32817677385798,59.592659375461515,59.848052401290325,60.113578375197214,60.386953768615676,60.66133157003364,60.93013206336086,61.18650867265638,61.44418130794814,61.68189971823027,61.96398605395789,62.20449798664567,62.46336936316019,62.71415386436062,63.03053479970993,63.27606161507622,63.519831718498075,63.746774352666485,63.997156134176855,64.27097354123569,64.53533018947074,64.78353670528654,65.03207904734901,65.27670416628594,65.50913932226496,65.74576671718933,65.99695300886567,66.2573826756267,66.51730565734636,66.775095362877,67.02525338987327,67.28742643509203,67.54132903273998,67.79089423887017,68.0387730483518,68.29048168576583,68.55330949628797,68.81668387927789,69.09277778386843,69.35321563735118,69.60498085992754,69.82808962408757,70.03354399707767,70.2430477805537,70.39736504001976,70.67136446942261,70.8851649414752,71.0881620590254,71.2045908171718,71.37772399675137,71.54197897120689,71.72129542582078,71.8982388642058,72.13940121220062,72.31563422137266,72.48718239329573,72.62996338558413,72.81262881961244,72.99678118321273,73.19929899940286,73.43609835551037,73.70010265197122,73.97343189055778,74.25013619971095,74.54323168724376,74.85097199808094,75.15637808759656,75.480630375065,75.75234376268611,75.9944220977755,76.2259525204164,76.38522647438629,76.51561795740896,76.62465626530826,76.68415935659209,76.65364172092566,76.66198725479596,76.6499925358424,76.64048135508494,76.60011235807872,76.61928090210846,76.55707763460211,76.50244367305555,76.45153443151463,76.416143837174,76.41503727289339,76.42220182107938,76.46637498270225,76.55197907353333,76.66326688261867,76.80685251928458,76.96615697374142,77.08504726799877,77.19644109586504,77.27695060002468,77.31548364993968,77.31762031081745,77.25470573065422,77.15796191433198,77.02262399895439,76.84877515728482,76.65129127456146,76.43510870321163,76.20792497262924,76.0135631977338,75.81368959721911,75.66654101475031,75.53305151370364,75.42197222346063,75.31127267612582,75.22620905489057,75.14979432806453,75.07902713939649,75.00855608219506,74.93761346947166,74.86356657208452,74.78731308753423,74.69395224615148,74.51865932003437,74.37311215338696,74.2134406172203,74.0988902426802,73.93699721355625,73.77578210660579,73.61407366629949,73.5037077532225,73.30297780966907,73.09964152660623,72.8844168220133,72.68015418319888,72.50894464109359,72.40642105574197,72.35628784528136,72.39012901455261,72.46535199389068,72.57557563965082,72.69751649360684,72.82435529888437,72.94279441272528,73.05837983638261,73.14251410207184,73.23647445931852,73.30108515950393,73.36360801079775,73.4102496133807,73.43495464204695,73.4341684668299,73.4157126179452,73.39191147810709,73.3947504998936,73.37192855943508,73.35185516865776,73.33880424402355,73.37561473521419,73.4925355959671,73.62782004858245,73.7857542876237,73.96184741597331,74.09908741050154,74.22943008837409,74.31111718164314,74.31254025449607,74.27354778287865,74.16886853029602,74.02506610908561,73.83006443460908,73.61522524391248,73.3843448241969,73.15947391235869,72.94618557023848,72.77078407537633,72.59227874267268,72.43458232030402,72.28442049290527,72.16770687664172,72.06407223524697,71.9671954341794,71.87100776631915,71.77522704785619,71.68173015344841,71.56151819534522,71.42872421461863,71.29483191709738,71.05513689647651,70.87391119114827,70.68785132469763,70.61451978335089,70.43688890518135,70.25895816922493,70.10719922484735,69.91036423417607,69.76372868104585,69.6069270545256,69.4729705527156,69.35993237746872,69.25339553461775,69.15903739887823,69.06973928871298,68.98276648533817,68.89760419692209,68.8098104179671,68.71390403061157,68.62585200164075,68.48468034526381,68.33443190301129,68.03506966315932,67.81493335440192,67.57793132801227,67.40587394351336,67.18358481470118,66.9852020750772,66.84050077863937,66.74578904299995,66.71663775272054,66.76267440411402,66.86448955052388,66.98009651998578,67.13261678218457,67.30034393297151,67.45425405362111,67.6220467436198,67.80323235071734,67.98691466079485,68.16389625223476,68.33075750723141,68.4845489021469,68.61168880998832,68.75657489654049,68.89858289433587,68.97252718291459,69.08797762028605,69.31017562176643,69.37680274652443,69.56910747800524,69.69196383930026,69.81625792941037,69.96978267503691,70.08779263654597,70.22794887248625,70.37778037230565,70.53933719017223,70.6970682685084,70.86683273003257,71.03965748411987,71.23611675736387,71.4168487587646,71.59359079993935,71.76972852390757,71.94554178809709,72.11372070880039,72.25972941798385,72.41877603478416,72.56202610948391,72.69610907227124,72.81942132347179,72.87154638880529,73.07716471800903,73.19453545155295,73.30047427006171,73.40136449364569,73.49818173462464,73.59324620769344,73.68843410425859,73.80598933398349,73.90422695906234,74.00633201384612,74.11378524210801,74.21922887699066,74.35038905559566,74.50527724925905,74.66739521761981,74.85232153326349,75.07257689098192,75.31638116173731,75.58532001175168,75.83891310703032,76.09022576063873,76.30892407680474,76.50352235038702,76.58624533552263,76.67390049050228,76.72924442774833,76.7312394007837,76.70834862643127,76.69079860781243,76.614426582268,76.52311272444524,76.42424127216024,76.32955785397252,76.24793850496954,76.19607083586303,76.15852623019616,76.1926721637778,76.2430997529986,76.33455255765251,76.45606978607073,76.57733545863287,76.64824092499656,76.69311215028542,76.6963388576762,76.65727677170806,76.5433833802751,76.41190688132531,76.22999117193628,76.00508877096581,75.77097528319288,75.49285352996593,75.2188243030455,74.9425570988926,74.6665438628884,74.39250042481883,74.1354809079959,73.9269871316468,73.71581563714908,73.50981436586808,73.33366661781515,73.16552405388484,73.00189543726282,72.84103104775973,72.67955440628685,72.51548024086478,72.35661794422144,72.20645771252109,72.05052731957413,71.88817529631838,71.62987352815006,71.43207419934352,71.34303696037762,71.15366182388806,70.94458429941261,70.70831500723064,70.43912871522788,70.1564868015791,69.8262026443869,69.47602713734526,69.1211432281328,68.81278482801105,68.60694368707527,68.52375756905816,68.56196777518743,68.70236185192033,68.9189858131869,69.1615332357693,69.44535261747791,69.72840525562437,70.02822929026568,70.34213219021304,70.65916259199562,70.95837299734163,71.23144405003849,71.47526892458264,71.73459054344895,71.9119530081843,72.14831690766823,72.39642592899165,72.7062087068772,72.92946543975225
53.13775660809239,53.143055278662374,53.15545623388943,53.1681736826892,53.196758555868826,53.23780477922431,53.28818060937061,53.34795839121072,53.416796442859045,53.50627292586463,53.5979974870076,53.689111811398774,53.783287892643784,53.87769838268675,53.97621510769954,54.0515207234937,54.139505447447405,54.22260514418369,54.32248452564818,54.393475327657,54.44949423114035,54.50840503702278,54.560445837996035,54.60500542711231,54.60049247613381,54.59961323224757,54.64283680686815,54.772674780501085,54.813386528076926,54.84582391696319,54.88896074394534,54.90948904422466,54.92122226427242,54.92341816364449,54.92025517609762,54.91603859102512,54.91392758011014,54.91324286826258,54.93033977430921,54.92380675909617,54.917212218818506,54.909184402171896,54.90796829362458,54.90614474811324,54.92008087322755,54.91635268848261,54.939777510216395,54.985200924202786,55.017860634559526,55.07352188760604,55.160746653682025,55.24150129398745,55.338431042056435,55.44749548450037,55.559879887406765,55.657058903282014,55.74106625068734,55.808289151895,55.863460527653245,55.76961917426904,55.794989962810845,55.74669511192579,55.67424515588046,55.58904424830728,55.43851889801459,55.446421635698435,55.374032170267725,55.32098503881711,55.3098180807378,55.36458540723089,55.48685340118261,55.64491688427776,55.86415912578482,56.115234942758946,56.38261342803133,56.67962876023351,56.99485771353435,57.29970213990832,57.5724064518569,57.83213053012052,58.0904541005565,58.35498114455074,58.63400626794521,58.92072389457622,59.17826147513237,59.44342734500911,59.69949819211528,59.96548746369475,60.23913241900864,60.51363764867839,60.78261799672616,61.04272570702991,61.30125203317744,61.52877321747408,61.81145190848323,62.05253977399816,62.31109449892245,62.56191320866356,62.882608546070166,63.12724055020904,63.369804502063744,63.599768971628585,63.84860886742699,64.12068079223992,64.3833836234783,64.63016674826217,64.87703158114654,65.11986862273909,65.35092251543885,65.58622805361291,65.83599722995515,66.0949125390192,66.35383615243644,66.61431856878878,66.86523977773545,67.12783729153816,67.38263088259752,67.63329972540275,67.88246351080089,68.13560037123425,68.39991563388739,68.66516296479159,68.94243274335267,69.20394787240852,69.45806091626525,69.68337393315763,69.89103806398451,70.10238797327015,70.25418815827237,70.53015700594878,70.74522681840888,70.94956192307005,71.0670687200905,71.24184137049518,71.40819156725279,71.5876060961886,71.76828643811982,72.01025854738329,72.18697192160195,72.35859524679228,72.50161135685958,72.68211821754744,72.86425825132535,73.06529002096767,73.29996158356805,73.56603319658105,73.83707374031174,74.11560017868656,74.41232454614314,74.72725431957994,75.04402965632144,75.3785720609663,75.66187000702678,75.91612973609651,76.15935091952194,76.33284000589434,76.47531775544911,76.59006509270772,76.65836229780056,76.64511419230153,76.6600508356135,76.65290580850504,76.64639524718294,76.60654926702205,76.6206751619649,76.5567876862865,76.4985084872115,76.44360211339834,76.40323985754063,76.39496141153826,76.3963764949103,76.43523645045642,76.51726984179622,76.6282901129246,76.77399649437045,76.93859609369771,77.06848394363922,77.19157301291715,77.2837672153508,77.3332144453465,77.34441922343,77.29064023334779,77.2005278487653,77.06974596110652,76.89782955720243,76.6993115475278,76.47976405624512,76.24737059066919,76.04596605728771,75.84114406838,75.68974711388414,75.54820591273791,75.43051615120469,75.320130674047,75.23480842175101,75.15983713076896,75.09170101405158,75.0247182602823,74.95777297837964,74.88803927350934,74.8159420061834,74.72608716965723,74.55168794707312,74.41024974451848,74.25211822100783,74.13840768999762,73.97534568938623,73.81277874637146,73.64804647013104,73.53520768802754,73.32888183976719,73.1193733108175,72.89615678734634,72.68169643285299,72.50223899421908,72.38501980565583,72.31936765017981,72.3436686128242,72.41666360058663,72.51992114267331,72.64243237388042,72.7721700198722,72.89528917762286,73.01637599938094,73.10698195477207,73.20647227310525,73.27757188860402,73.3455378535355,73.39684801136897,73.42487418383125,73.42618335901427,73.40836565161628,73.3835542486303,73.3818145454108,73.35518984083771,73.33069537847788,73.3161203953035,73.34515100911142,73.45919309086842,73.59405996119219,73.7552197339198,73.93865770675139,74.08786879236963,74.22963505249213,74.32301596924495,74.33429238478215,74.30497980967385,74.20835419711786,74.07126962079589,73.87895540004938,73.66343525141747,73.42946476494089,73.19993592576893,72.98094715395986,72.79744452269057,72.61353934980528,72.4482796295852,72.29831084858574,72.18055997992442,72.0785720055813,71.98514515562455,71.89320821569008,71.8017833852256,71.71185368764026,71.59274170562863,71.4657598433288,71.33612297316162,71.09422209372003,70.9152707300206,70.72920565592268,70.65569506903677,70.47578446913508,70.29463103213632,70.1371605900672,69.93794176185209,69.79049668559085,69.62763502196805,69.48789416929404,69.36968575767578,69.26551879312866,69.17047344360738,69.08150974307075,68.99598290138995,68.91331245368453,68.82896811820935,68.73742348951157,68.65314510660215,68.51768472965148,68.37102164392891,68.06952903675842,67.8482858981147,67.60739356810977,67.43210159845188,67.19654615389544,66.98289890674069,66.82195199334117,66.71094245600099,66.66667242639426,66.6954698555441,66.78796744053302,66.8959115880325,67.04339419323307,67.20877972373434,67.36261486338717,67.53131381143352,67.71395962145237,67.89948168764555,68.07857091958358,68.24767361841572,68.40315476847793,68.53440622200895,68.68167263289148,68.82581898381422,68.89752230621933,69.01456007785609,69.241464013488,69.30412232124252,69.50021132583242,69.62203408569542,69.7445195944355,69.89407663252287,70.01597984541253,70.1521923244685,70.29804164546816,70.45574250883665,70.61002486566845,70.78084714350683,70.95375653844859,71.14979650433534,71.33188266577736,71.51064854874353,71.68921137609235,71.86765635734442,72.03838427459223,72.18755134098637,72.34815383145005,72.49325243196657,72.62896540603627,72.75177259370753,72.80184850082313,73.00980588874707,73.12872786535911,73.2339979943989,73.33382093869746,73.42926033026036,73.52263146920525,73.61584122238358,73.72971363289525,73.82555426882551,73.9248944031452,74.0291850396728,74.13213562020373,74.26285698492468,74.413125477487,74.57419428807351,74.75992857854874,74.98264561784191,75.23198414708081,75.50879753531258,75.77332699080345,76.03587209110297,76.26612183306683,76.47021064339431,76.5597127270299,76.65560970019169,76.71542828333251,76.72444557682184,76.70689499715377,76.70176429178545,76.62779913542802,76.53662456144035,76.43610590929865,76.33819322049398,76.25182883057828,76.19361028926534,76.15066258519731,76.17644603911833,76.22225345603344,76.31252066381688,76.43732517820914,76.56624346520526,76.65028183646601,76.70786655035324,76.72400880564183,76.69640957193215,76.59190038777503,76.47094008842664,76.2952288200075,76.07472924230082,75.8410385013,75.56378784361938,75.28783250283617,75.00859748960343,74.7284820416002,74.44918319020282,74.18614891972287,73.9715719516273,73.75335193140852,73.54164558756163,73.36518153976937,73.19664258357045,73.03469361454549,72.87687185800657,72.71919471097955,72.55929490827165,72.40442480372968,72.25698898602354,72.1035840884827,71.94357079737472,71.68331403134891,71.4884440182622,71.40320224408653,71.21440358475759,71.00566595074433,70.76946418174379,70.49997261117124,70.21468640354728,69.88057872338071,69.52361441237741,69.15658619138415,68.82922955517863,68.59735249082328,68.48431260525753,68.49500554841009,68.61417478206968,68.81647143509898,69.05010198149832,69.33004130576593,69.61180073718275,69.91235298720812,70.22830542696465,70.54841777612825,70.85173133310357,71.12944068110079,71.37817921900833,71.64110658531725,71.81395068539618,72.05182139767265,72.30092239705624,72.6153929788087,72.83629636359206
53.105956055754035,53.10747748774125,53.11936593413748,53.12640178291175,53.14920502855349,53.18861241765997,53.23647180895383,53.294385188085435,53.362069774398044,53.45023047382366,53.54110897435065,53.63187371516952,53.72638027507217,53.82184280398975,53.92222056904421,54.001198229519666,54.092162378164645,54.17846409963861,54.279917260953546,54.35384346119633,54.41320958919602,54.47480350923247,54.529483009154525,54.57672466597994,54.567138820966534,54.573276989054854,54.618166498125795,54.74909229843303,54.790371640484786,54.823965656393,54.86900053620306,54.890125686812375,54.90220522494407,54.90444348439619,54.901068680808116,54.89654544233289,54.89403666856705,54.892565811500766,54.90631360577628,54.89767796557778,54.88814877091431,54.877026477448226,54.872574108530294,54.872088469718136,54.88035298858133,54.87224486912484,54.89024503572367,54.933113182859245,54.96408919339797,55.01774391512852,55.10224633182473,55.18297611265494,55.281023181001146,55.3925896873593,55.508708489249294,55.611293554626805,55.70178216400977,55.77602087804541,55.837481452692955,55.747410638828676,55.77036088520164,55.72019136739743,55.643948569120695,55.55295737164296,55.39659389681543,55.39935305888635,55.315481370652634,55.25032448964054,55.22603464575642,55.266617229951514,55.37502027346995,55.523266973691136,55.7281898958636,55.97195207496781,56.23305825408838,56.52601487120741,56.83916501377434,57.14317294649655,57.41599383484737,57.67644769165636,57.93590572225409,58.201701331469245,58.48184325157722,58.76945781621684,59.02798975257207,59.293798393035395,59.55051829818394,59.816944946042106,60.09085255525275,60.365492936169964,60.634714683741585,60.8987502419968,61.1582780880778,61.378081206556246,61.661467697592514,61.9032824928944,62.161728578669646,62.41264923061448,62.73468158444112,62.97843971344041,63.21980774829832,63.452971636922754,63.70021184327179,63.97050739740047,64.23153084133914,64.47697706087824,64.72220303653984,64.96322610732332,65.19289274589768,65.4268421119123,65.67512211662492,65.93234747760856,66.19024258292383,66.45333882405293,66.70501161145127,66.9678887420354,67.22352037223898,67.47525402761178,67.72567284257526,67.98021543127912,68.24600263821084,68.51319656524082,68.79157506655373,69.05421135067417,69.31061399565668,69.53812136774106,69.74805099781976,69.9612122723714,70.11228651147178,70.38837325723533,70.60474579786877,70.81045579934789,70.93097876803292,71.10764365485514,71.27615250410062,71.4562777400931,71.63996513314069,71.8810669733103,72.05829003792327,72.23004585156563,72.3733980688218,72.55173519503197,72.73184757372023,72.93137838424927,73.16372626113608,73.4315289230206,73.6999420604857,73.97993958341121,74.27978037836128,74.60145825590696,74.92929062334312,75.27372126222402,75.56837334677314,75.83466841541464,76.08941232864633,76.27732017091546,76.43201768141283,76.55262363259575,76.63007207795214,76.63605352602201,76.65811443212777,76.65631253513365,76.6526341948959,76.61372702447333,76.62179191357556,76.55666595623052,76.49507230787847,76.43643053227196,76.39122876513065,76.37564064665867,76.37116877343821,76.40439042219991,76.48237883268322,76.59270995330373,76.73999005265813,76.90928453561163,77.04999609446482,77.18456606095238,77.28832949456329,77.34869568360365,77.36900670187866,77.32470786892337,77.24157536834392,77.11576259318156,76.94623471293738,76.74712542501067,76.52462930873935,76.28737120974473,76.07901839052913,75.86947424884212,75.71359430827826,75.5637867854202,75.43924843234203,75.32907817953674,75.2432563344721,75.16952488300113,75.10385480289655,75.04023446758292,74.97719040834342,74.91171775671322,74.84374186277492,74.75748116299941,74.58641024535217,74.44998023522211,74.29454705255715,74.1804279079655,74.01671358818993,73.8529775317818,73.68534027062772,73.5677094496083,73.3560769252888,73.14071494736046,72.90979230575472,72.68532512985371,72.49777694004477,72.36569855065964,72.2843193482797,72.29856991946652,72.36889000025688,72.46464994009176,72.58737435843535,72.71970475129346,72.84731230942825,72.97368081001609,73.07088624775905,73.1758286902658,73.25352790674401,73.32697429083703,73.38302747335402,73.41455243725343,73.41826491364137,73.40144176615166,73.37592424223637,73.36953159512707,73.33924316347193,73.3104048299331,73.29440249815521,73.315430641989,73.42590302303643,73.55979230512021,73.72363357559479,73.91385133243116,74.07484227876148,74.22771201780051,74.33262417253775,74.35396582952761,74.33454753175398,74.2463443007443,74.11632834090865,73.92722717229755,73.71149799542958,73.47484538888827,73.24096588198834,73.01643592368444,72.82462159063431,72.63518890045519,72.4621289248761,72.31224263118224,72.19319921857866,72.09265442529514,72.00249768779558,71.91466756910219,71.82752626570789,71.74107030105503,71.6231403874071,71.50212863322247,71.37682529740253,71.135503866305,70.95941328802994,70.77411576218769,70.69715672812657,70.51517849115301,70.33098856438119,70.1676759373401,69.9664065700609,69.81799806408662,69.6490717587842,69.50342363247269,69.3798201172346,69.27785315828343,69.18188763802038,69.09303288019218,69.00875832897731,68.92844422638902,68.84748706093133,68.76032601652064,68.67970249891818,68.55026479743083,68.40736348589924,68.10759108092688,67.8857204395422,67.6414449329992,67.46054775945014,67.21212082499744,66.98358428889486,66.80654357165945,66.6792769434408,66.61964825356982,66.63071546718052,66.71330165382682,66.8131558030504,66.95512559234793,67.11772053997815,67.27123237794203,67.44064812298812,67.62458785940055,67.81181472037252,67.99292018702221,68.16421628105466,68.32141959115715,68.45705646934333,68.60670512166661,68.75300155222523,68.82465020393487,68.94421701404768,69.17293775889098,69.2341768063884,69.43180911092338,69.55274335196462,69.67350958185574,69.81892035241073,69.94493629326723,70.07713569846287,70.2189832937212,70.37266329058748,70.52340060536855,70.6951007332846,70.86795216981231,71.06323201830686,71.24652590026584,71.42720491942836,71.60811409114461,71.78915671760863,71.96244895055239,72.11496409250309,72.27709238229352,72.42410147883481,72.56155637301208,72.68402081127628,72.73488394478703,72.9424644455922,73.06306456440478,73.16782164475451,73.26672677331602,73.36092921673722,73.45272861630839,73.54405724822834,73.6540841750449,73.74758099684719,73.84417809700977,73.94529399010158,74.04581856589806,74.17598333265914,74.32134935845511,74.48119045437305,74.66747490831746,74.89222333612659,75.14668102722625,75.4308106946668,75.70593933633567,75.97935581293144,76.22094893055615,76.43425222018104,76.53102948935275,76.63529410714601,76.6997561355194,76.71617125457861,76.70432610188755,76.71157871972044,76.64047865617412,76.54987902040403,76.44811418993186,76.34729898190714,76.25640818876018,76.19184740422376,76.14353574031797,76.16051788934391,76.20132881804193,76.2898234098523,76.41724093111263,76.55318977457522,76.65006671022981,76.72013700800841,76.74910548026921,76.73287159970278,76.63807101519585,76.52793771910403,76.35881635775327,76.14319826804426,75.91025907443418,75.6344082419637,75.35688500642725,75.07498355896273,74.79098588494662,74.50655067322197,74.23749796868847,74.01651363678948,73.79107839678423,73.5735796855276,73.39652473840977,73.22732664626635,73.06686216743208,72.91195676709846,72.75801508087116,72.60227141565657,72.45140009518833,72.30659994733367,72.15569097828,71.99810991998635,71.73879093884075,71.54752504632924,71.46305056328194,71.2749909463109,71.06680957447453,70.83100240439357,70.56166462244292,70.27413029460449,69.93688136488878,69.57396182940325,69.1956654639579,68.85009082189875,68.59254717297745,68.44956872435691,68.43222827643469,68.52941459152153,68.71640240733014,68.94051893690109,69.21565646085986,69.49573191320691,69.7967280103919,70.1145418433209,70.43762075258941,70.74503103736716,71.02742368046994,71.2812966476703,71.54785683948705,71.71890465181306,71.9586725468878,72.20881530588993,72.52535401936112,72.74407463617096
53.07507752488544,53.072869674473935,53.08427138807819,53.085612469823424,53.10251510940263,53.140144071585866,53.18535659463403,53.24128196619073,53.307694011565694,53.39429800883596,53.484096021782086,53.574275935628286,53.66889635622874,53.76522173563307,53.8672973941223,53.9500026949781,54.04387168283091,54.1333358958636,54.236105203790714,54.312958311733105,54.37578138094374,54.440083493192624,54.49746400690079,54.5474980864034,54.53379029916318,54.54898979416734,54.59559478686638,54.72486729060797,54.76676743248059,54.80161787109205,54.84852658237093,54.87039345979419,54.882986691501344,54.885455837607395,54.88205622420393,54.87739255539271,54.87462902624028,54.87249411162177,54.88282554911121,54.872212825129054,54.85986949430085,54.845750366821434,54.83810848431863,54.83902529753297,54.84150727985303,54.82913638012803,54.84164436792227,54.88173511627576,54.91096925030192,54.96244691166253,55.04383496638591,55.12433090875678,55.22323954299846,55.33702282611392,55.456599994523955,55.56447815221778,55.6613918155428,55.74266834334211,55.81042077608353,55.72740540765482,55.74592267112177,55.69434990678288,55.614888426904365,55.51872366224327,55.360328916796995,55.35489942813125,55.25997983921066,55.18308482957156,55.14587169291459,55.172222995576824,55.26634129792375,55.40450960930557,55.5945407328952,55.83045516897046,56.084943816701575,56.37341956530255,56.684086035922434,56.98693328761328,57.25972275117413,57.52079625378234,57.78129741841942,58.04828355529858,58.32945929730783,58.617880710910505,58.87735395391372,59.143757497733894,59.401093254520326,59.667931224678604,59.94209623764931,60.21688280158265,60.48640730335887,60.754519065779604,61.01518307374898,61.22993448784336,61.51403638733164,61.756612414086845,62.01510520400581,62.26619129463646,62.58677111787663,62.82968624779069,63.0698803230823,63.30636802000452,63.55197161551799,63.82047681931199,64.07981050065919,64.32400791303397,64.56764003477934,64.8068358968325,65.03511729211124,65.26768511339664,65.51441461477928,65.76979401159167,66.02663169901098,66.29222682255613,66.54462195117458,66.8076331338888,67.06403799362603,67.31678521457553,67.56841708490062,67.8243317011459,68.09156543863202,68.36076045899887,68.6401830222145,68.90398015134043,69.16260457522814,69.39228468957818,69.60452036124762,69.81945638280742,69.97143512422845,70.2459980869034,70.46370947796967,70.67083321272959,70.79609566799043,70.97487455893415,71.145594567008,71.32698321818192,71.513021655541,71.7517871460212,71.9295605522111,72.10151654694734,72.24531017338442,72.4214995014748,72.5995972562531,72.79762720870521,73.02748474290568,73.29666443300918,73.56215283480887,73.84326811790663,74.14570957749912,74.47366490954512,74.81218663660464,75.16608460789521,75.47182975219114,75.74998367557342,76.01606998427737,76.21854907230339,76.38556802236035,76.5122335017791,76.59919118836443,76.62598200836138,76.65567795887542,76.65971942057688,76.65881397241823,76.62130777236175,76.62257718815839,76.55669386736056,76.49216259743807,76.43007985567142,76.38020298665481,76.35722642523228,76.34675322040123,76.37403228049897,76.4475113497115,76.55670631469002,76.70498688125488,76.87834451721729,77.02961391004196,77.17538474986537,77.29055169019712,77.36180980528115,77.3912625869264,77.35676569790472,77.28096191618,77.16054295365913,76.99388582538947,76.79466751918083,76.56968663928609,76.32795945953492,76.11282028086816,75.89878902594806,75.73820409034592,75.57997318007038,75.44838643921663,75.33827827045839,75.25169007611971,75.17895810503957,75.11554798669563,75.05512401079311,74.99585056593891,74.93455901172928,74.87065469990954,74.7880681689902,74.62255017880153,74.49192020172936,74.34022525486412,74.22461893555105,74.06075358798884,73.89605720704552,73.72567987291625,73.60126510703141,73.38465428692297,73.16378592144956,72.92546757910544,72.69121172996901,72.49570831987434,72.348668904973,72.25139427747246,72.2550860016401,72.32219988992739,72.40996737248331,72.53249306165925,72.66705914315772,72.798913358257,72.9303112075831,73.03418778629246,73.1444860835389,73.22886219226217,73.3078128334992,73.36867806017757,73.40388467583709,73.41031688836905,73.39485834157804,73.36896199151823,73.3579214698943,73.32414395716451,73.2910686376538,73.27371071476297,73.28657482654691,73.39281090323315,73.52515305779502,73.6910990549245,73.88748857163613,74.05998202291036,74.22359439388961,74.33985022078451,74.37146410299887,74.36214736568965,74.28273225692769,74.1601326435473,73.97479189475587,73.75936568828611,73.52048764574783,73.28261163766221,73.05274038902341,72.8524756374995,72.65740280158141,72.47634938552322,72.3263771748818,72.20576671859007,72.10642202810959,72.01930854502201,71.93539928121614,71.85243440799097,71.76934448025528,71.65268832663926,71.53775991087389,71.4168476947169,71.17864994393481,71.00594905173715,70.82213209168447,70.73887751682707,70.55507171487376,70.3680629426205,70.19885239803546,69.9958526059364,69.84631911506752,69.67136266942947,69.51972157822746,69.39053140329283,69.2905340663508,69.19339975686526,69.1044060008236,69.02116118198866,68.94303485498425,68.86536563879805,68.78256883341108,68.70546914015287,68.58231059400711,68.44333602297729,68.14889752691238,67.92690142818334,67.6798047961343,67.49112167260806,67.23030348629568,66.98732471384356,66.79440669125385,66.65096646560336,66.57577226477905,66.56868665748462,66.64076396851765,66.73208614073391,66.86804493135374,67.02737084870921,67.18026715226851,67.35016872804344,67.53520107587242,67.72396866237266,67.9069747020367,68.08039630939267,68.23934045633446,68.37958503396342,68.53161088898526,68.68006728364722,68.75383797792459,68.87674380248977,69.10454952436369,69.16674600463583,69.36387877759022,69.48408507422555,69.6032435961511,69.74439027284375,69.87466454442507,70.00282299098664,70.1406788228104,70.2902095846791,70.43732707934531,70.60969904295764,70.78233355098051,70.97652009911143,71.16085260678022,71.34330806134567,71.52645879011119,71.71004005218555,71.88588938184715,72.04190387351827,72.20552765341861,72.35450191185241,72.49380307608368,72.61610641847619,72.67034699895257,72.87510888526283,72.99749766083208,73.1019081045916,73.20005811060757,73.29317913123438,73.38354487166892,73.47310730996837,73.57918021951834,73.67040308143909,73.76429615112745,73.86224278071185,73.96040652898867,74.08988186666029,74.23011073270774,74.38854305547966,74.57510523040553,74.80144153310998,75.06056341425816,75.35141171899625,75.63673072167732,75.92060835723751,76.17329768187514,76.39553765304642,76.50010676265369,76.61287155462347,76.68220639782784,76.70640202095765,76.70064589980034,76.72012705313827,76.652367453797,76.56280830230124,76.46023309899036,76.35688056785912,76.26172548895875,76.1908882348431,76.13727027150331,76.14508388423505,76.18053545077237,76.26666520707423,76.39599167784245,76.53829604089552,76.64762330134025,76.72989113268129,76.77154772538702,76.76657111136593,76.68179553393338,76.5827600057771,76.4206220707926,76.21037285466599,75.9785639007273,75.70465445581083,75.42596079003357,75.14172997762714,74.8541040084653,74.56468262119115,74.28963787583918,74.0619651588997,73.82918856050374,73.60582598811375,73.42787511112375,73.25773423306137,73.09852092061817,72.94635986618493,72.79604405523447,72.64439699266131,72.49749731643362,72.35523875940432,72.20679507744349,72.05173278092619,71.79601723472946,71.60895135767552,71.52251424368545,71.33536428600132,71.12796308236125,70.89288098253758,70.6241534152066,70.33478936207462,69.9950751002996,69.62701858013085,69.23832706079139,68.87533600897565,68.59256585690882,68.41966352933932,68.3738675676722,68.4483733958145,68.61910764774865,68.83308593187282,69.10248705302658,69.38042517873208,69.68151732907754,70.00094944042547,70.32683681069189,70.63829385743294,70.92537459721278,71.18455374861927,71.45476223721512,71.62688425079372,71.86879076041255,72.11994366974272,72.43605369583626,72.65278613400386
53.04519182542446,53.03932664022421,53.050238010827115,53.04591458577912,53.05684554789661,53.092546577300276,53.13498345431002,53.18879199897235,53.253797950730565,53.338599419461396,53.427071576004636,53.51641851094475,53.6109205495755,53.70790272300946,53.81149398775706,53.897933473032296,53.99460758570071,54.08716959285065,54.191010402796145,54.270763311411216,54.337122576987284,54.404144243806876,54.46427357147373,54.517192847406214,54.50035310442467,54.526295545145224,54.57466670454474,54.69989738764381,54.74248823417514,54.778699665000616,54.82745486846269,54.85021577388912,54.86349755582607,54.866394184042605,54.86316620423037,54.85853799871934,54.85567253301722,54.853008275848566,54.85991022238789,54.84746458083569,54.83244989343693,54.81545169059221,54.804684058239594,54.80701525782961,54.80365804830799,54.787158600250635,54.79414471269362,54.831243014666626,54.85866229658334,54.90778731764826,54.98569005819774,55.06572021575682,55.16520660212419,55.28088774748926,55.403609983862,55.51661178384043,55.619837333070535,55.70811988780246,55.782137227374015,55.70910386167584,55.721584641468546,55.669115323908855,55.58703777836902,55.486341506307674,55.32929712368388,55.31304136342253,55.20758319070127,55.11939213336033,55.0695183919859,55.08164207890979,55.161112023074224,55.288922010991364,55.46355352812513,55.69106871100718,55.938558971751824,56.222095874976745,56.5298356973662,56.83116157069579,57.10372881330988,57.36527385430425,57.626693711475895,57.89476439565903,58.176870343986245,58.465995727886344,58.72634642689397,58.99328963729816,59.25120359614853,59.51842670204347,59.79284552649972,60.06779261399067,60.33768103452979,60.60996896660099,60.87189059129078,61.08405387920559,61.36886430309628,61.61222809870503,61.87091052972,62.12222402387158,62.43889434943042,62.68100729628025,62.92006109229619,63.15994379232934,63.403894737972415,63.67061252056911,63.92826125904439,64.17129957462855,64.41338919711535,64.65075726806049,64.87766343254933,65.10883327937515,65.35396167032266,65.6073586611655,65.86311025090036,66.13105325818499,66.38412385705938,66.64712281440339,66.90422423872037,67.15792135537235,67.41071227900275,67.66795401608,67.93659896452458,68.20783042443911,68.48823487907785,68.75322835359978,69.01399713210598,69.24581666040935,69.46038371693218,69.67705600952819,69.83140668954968,70.10301635857404,70.32210545682626,70.53068368808592,70.66219412695457,70.84327779183495,71.01625054123265,71.19939539110274,71.38720271159337,71.62237972155572,71.80075544633998,71.97298967226888,72.11733432246113,72.2914308862847,72.46755540477987,72.66409961379291,72.89132938356805,73.16151432826624,73.42382204701052,73.70569948619467,74.01022253715749,74.34395538297755,74.69274334404903,75.05566872703685,75.37221519354681,75.66202105641639,75.93925712290283,76.15640881291195,76.33581906535193,76.46879631706453,76.56562212035513,76.614421925594,76.65224133039311,76.66263316968333,76.66455035394432,76.62895365261639,76.62297701693139,76.55685284260284,76.4898068182718,76.42461025113279,76.37025494882386,76.33987019423674,76.32330439953743,76.34435740791987,76.41287269639828,76.52045910801749,76.66914066726783,76.845898256249,77.00736757993707,77.16399358955076,77.29034805478722,77.3724392509489,77.41106671933603,77.38667078081572,77.3185449353859,77.20395610101892,77.04067809545859,76.84187244220907,76.61491822647724,76.36916796971904,76.14747181171502,75.92919728704051,75.76369795250041,75.59694414500821,75.45814754417252,75.3478940246752,75.26024692975983,75.18823731716276,75.126840046213,75.06940619660911,75.01373825774203,74.95652002859063,74.89662256018808,74.81778213044188,74.65979180550323,74.53565121603965,74.388623106473,74.27064104147308,74.10711516673518,73.94169533515588,73.76878898684521,73.63592672936338,73.41470514535875,73.18870571829918,72.9433268092654,72.6995276889668,72.49618297501141,72.33414248281542,72.22084377564953,72.21346992650554,72.27676196662401,72.35607878042501,72.47793909793964,72.61433284547459,72.75014187422465,72.88628413137702,72.99684737563193,73.11238682566317,73.20348372349693,73.28794899231893,73.35368983268138,73.3927661731058,73.40224304085517,73.38853275792215,73.36260802906894,73.34700399056439,73.30994765174225,73.27277191627036,73.25410520731118,73.25870475548517,73.3600622422209,73.49027819664516,73.65771941418483,73.85962970298985,74.04326217804964,74.21721559034971,74.34460254324836,74.38669071946235,74.38767572805149,74.31741148142049,74.20257290283524,74.02156171082673,73.80699054232424,73.5663924852284,73.3249210494359,73.08994905958791,72.88116702157807,72.68035646014293,72.49116019087298,72.34087581387139,72.21840460594424,72.11997734774565,72.03563324163338,71.95541680669251,71.87648653076276,71.79664071180369,71.68135960928356,71.5725830028574,71.45609897000169,71.2233122963273,71.05447833974199,70.87279860898744,70.78083019134488,70.59546488393588,70.40588634351533,70.23079710352263,70.02637381661255,69.87554613706799,69.69463315835921,69.53695064253422,69.40201556299816,69.30369695359946,69.20512957489015,69.11572640571138,69.03325987431232,68.9571196794189,68.88260224447463,68.80410916195508,68.73038999187037,68.61371216478557,68.47881784921806,68.19295240453636,67.97134762094255,67.72201815902497,67.5237325840255,67.25108879607862,66.99418667389064,66.78567252978404,66.62618498277271,66.53525149055373,66.50965884491775,66.57062616271777,66.6529595767773,66.78238616207503,66.9379351169339,67.08987974134936,67.2599946763592,67.44588328217863,67.63599841704271,67.82076511211326,67.99622451767424,68.1569144501598,68.30193739784121,68.45632846096673,68.60695286215844,68.68480111615821,68.81175507371285,69.03625197629447,69.1015492481692,69.2963982701451,69.41605268859588,69.53373734180163,69.67056283196516,69.80516716320102,69.9292981985571,70.0632017384814,70.20849144036583,70.35193587933522,70.52474761611761,70.69698985472282,70.88975754658208,71.07493692987079,71.25900612384729,71.44426759403883,71.63030354437095,71.80868021364297,71.96830688501623,72.1333956109294,72.28438239278303,72.42562661813606,72.5479698576053,72.60787937486911,72.80770770447737,72.9319792667831,73.03622025737329,73.13379106367826,73.22600081093097,73.3150874579529,73.40301653577912,73.50508102540151,73.5941164609129,73.68536162118582,73.78016209882122,73.8760283243905,74.00466635478948,74.13957144078925,74.29641143035471,74.48296425264869,74.71043169606602,74.97372292026097,75.27065283748284,75.56568172487887,75.85956115513449,76.1230603996262,76.35395751428973,76.46685568709522,76.58825988588222,76.66275748377666,76.69512346286265,76.69585835005982,76.7272944535599,76.66336783758715,76.57534460809696,76.47242962140457,76.366943407997,76.26782964061758,76.19083883522812,76.13199075469849,76.13034019357228,76.160082965973,76.24325046679812,76.37375205145979,76.52168391831904,76.64297936484958,76.7370965338023,76.79125438482394,76.79741636326769,76.72297421538347,76.63526718086538,76.48051424474451,76.27613000863585,76.04587987831115,75.77446621597262,75.49503882986993,75.20885141625331,74.91788502769383,74.62365878142522,74.3426784621214,74.10807948972426,73.86787594979461,73.63859382366779,73.45941155529869,73.28802333504434,73.12978969879939,72.98015524641546,72.83331017334226,72.68565886892776,72.54266996530173,72.40285358518831,72.25684347445065,72.10437949696723,71.85464947285193,71.67230463021298,71.58152561101868,71.39546398128223,71.18907438616264,70.9550512235334,70.68738765562603,70.39663449328161,70.05512446100175,69.68273385626838,69.28451699682195,68.90493249721365,68.5974466659885,68.39473462318774,68.3201550305336,68.37134331048729,68.52491607422284,68.72810479630866,68.99082205253295,69.26610692879343,69.56688391252564,69.88763621942223,70.21613123974852,70.53154154060154,70.82327498039619,71.08788305990599,71.36174370975819,71.5375538733885,71.78180111804453,72.03395819656713,72.34745387553608,72.56241673360562
53.01636976730895,53.0069431863558,53.017331217499766,53.00741697313384,53.012353093515856,53.0459667711015,53.08550087588064,53.13705855987595,53.20051038826127,53.28325859425993,53.37014858372108,53.45840147928865,53.55253726857444,53.64995331151167,53.75485875477181,53.84498991684558,53.94434431102853,54.03991425059179,54.1445949066063,54.227201892374666,54.29714614793039,54.366885015978916,54.42979644311217,54.48567610801191,54.46673343045195,54.50473813954882,54.554927282615665,54.674080220158515,54.71744837567932,54.75513014205897,54.80570138049215,54.829516039816035,54.84366870980013,54.847197484466356,54.84434701883278,54.83993984082756,54.83713506878533,54.83408881140402,54.837602243680244,54.823486475783305,54.805965472781416,54.786226069061144,54.77241346754308,54.77611837687996,54.76691959521161,54.74644290825118,54.747915275919134,54.781813168245996,54.80732982355416,54.85392157352577,54.92798910809227,55.00729856711891,55.107050832454064,55.22427729821032,55.34979403789467,55.46769353728027,55.57706084437709,55.67226385144387,55.752489536113366,55.69200638171248,55.69725611713927,55.64443221260197,55.56036967265221,55.455809290035695,55.30303166424032,55.27375948474945,55.158347039883935,55.05937247575696,54.997163912743936,54.99511385475338,55.05962799745159,55.176781398618864,55.33557017279898,55.55411718731818,55.79419257512001,56.07229683268774,56.37662891549331,56.67603620318132,56.9481476337272,57.209978131027896,57.47215912384695,57.74118043217073,58.02409233046184,58.313806016373434,58.57495951924943,58.84237978992167,59.10082985809254,59.368411780576025,59.64308248210535,59.91820774246827,60.18852105620614,60.46503673268352,60.72832424180299,60.94013382100921,61.225650336762676,61.4698276203907,61.72883069663217,61.980432033019355,62.291068482156334,62.532430001929384,62.77038892182055,63.01368462535272,63.25598776444183,63.52093796376654,63.77692177410065,64.01889231556119,64.25949714479822,64.49504949780112,64.7205984456817,64.95036283115707,65.19385022915938,65.44514794652692,65.69978498879448,65.96988882482619,66.22357038925949,66.48641013088424,66.74411959948375,66.99869051908053,67.25257446610732,67.5110872113269,67.78109814526223,68.05438223993484,68.33570890588669,68.60193003664459,68.86475614341656,69.09867004197484,69.3155786275376,69.53394685748371,69.69197390044278,69.95941293586826,70.17992133255325,70.38999675028758,70.5290488519168,70.71259706266036,70.88785321203217,71.07318711950325,71.26225500757046,71.49280535595344,71.67184670218444,71.84444756686176,71.98945716796558,72.16154909887041,72.33577012515642,72.53085871896982,72.75535253781437,73.02615321051115,73.2850656808199,73.56734739229711,73.87342965093725,74.21241077868746,74.57098639361932,74.94248024870595,75.2695056411062,75.57072609778712,75.85890698101048,76.09078149559488,76.28262109744777,76.42221369525883,76.5292673652419,76.60089556399409,76.64730446121754,76.66456048730171,76.66945911366855,76.63632680716643,76.62293743111255,76.5571243048838,76.48803243276122,76.42008188619198,76.36147707834856,76.32372340064973,76.30099687458501,76.31556118702896,76.37866817626067,76.48414824422004,76.63260509780417,76.81206797044094,76.98328729371661,77.15035708990317,77.28763284086847,77.38046646117687,77.42829893987053,77.41428017818015,77.35418186907381,77.2458710937406,77.08650672404453,76.88867480626615,76.66030624890455,76.41102936997625,76.18307306647982,75.96080791946203,75.79019738715499,75.61487872855349,75.46874911955369,75.3580885200506,75.26906417845835,75.19746303964929,75.1377904622128,75.08310033172724,75.03083829032877,74.97755779733038,74.9215874862113,74.84655699016673,74.69781918353928,74.58075485015239,74.43921088592803,74.31815449445047,74.15544780238105,73.98956947910612,73.81439132226316,73.67174638567074,73.44632072128522,73.21559382312377,72.96351419810165,72.71044446261503,72.49935074675963,72.32233089840648,72.19291918070243,72.17397476122343,72.23274492737274,72.3031895044939,72.42386308166418,72.56162550825368,72.70104740744674,72.84161652069285,72.95882582103717,73.07947328937726,73.17730147878655,73.26727827809309,73.33795285170716,73.38109220258316,73.39394712875757,73.38238239521058,73.35680288748148,73.33679897798922,73.29670967703186,73.2555997804132,73.23564613798413,73.2319416215038,73.32780255076183,73.45530369909909,73.62359789565161,73.8303350051159,74.0246568974127,74.20850901677116,74.34678956919225,74.3995491931844,74.41102903541008,74.3502753899752,74.2435394928958,74.06744876391244,73.85432476988122,73.61256085703872,73.36794197395453,73.12815044498913,72.91085610116193,72.7042252830987,72.50678052027189,72.35589988233805,72.23125500662685,72.13342291792436,72.05152729195929,71.9747336001919,71.89966135271115,71.82292348226278,71.70912832129855,71.60652723574732,71.49448792815373,71.26914289320025,71.10460147064437,70.92565927867089,70.82298750788672,70.63635874197789,70.4444909437266,70.26361718517107,70.05806414922331,69.90576542862246,69.71900863002877,69.55527346136883,69.41446854349826,69.31747725629815,69.21719686684307,69.12709139560195,69.04512281983679,68.97073403964168,68.899195270626,68.82490422392493,68.75441001563483,68.64435955517138,68.51368755867668,68.23925974342023,68.01857776997348,67.76762985626895,67.55828973980232,67.2744714126347,67.00423666133987,66.78047226490973,66.60510645523293,66.49829296142578,66.45390744794122,66.5031600145395,66.57603308687509,66.69838323633637,66.84961781165845,67.00023070016735,67.17024501769524,67.35671848962977,67.54795888777952,67.73432206473797,67.91171172014371,68.07413865878306,68.22405904294867,68.38079636373037,68.53359497183706,68.61724986260312,68.74886507038069,68.9679977810716,69.03830586917292,69.22934553290024,69.34863963119322,69.46500652328727,69.59751446791816,69.73644671391,69.8566053176915,69.9866255464798,70.12761890690203,70.26735859707493,70.4403519963562,70.61201025380873,70.80304116055186,70.98885301408774,71.17434725628503,71.36156262397435,71.5499443774605,71.73079609110617,71.89410932798127,72.06063222092995,72.21367158339042,72.35694810205426,72.4795515709617,72.54712278408611,72.7402293999542,72.86646149439993,72.97072098656264,73.06790174563432,73.15938499300611,73.24736359782645,73.33381005383609,73.43186585178047,73.51881707358032,73.60748756287245,73.69918263174719,73.79281276701853,73.920450564908,74.04989332324404,74.20495491795944,74.39119668288276,74.61932531226869,74.8862511573192,75.18858627930854,75.4927729239908,75.7961456377357,76.07012939641177,76.30940237621031,76.43118740283981,76.56137694418048,76.64138780688474,76.6823211671973,76.68996741183375,76.73296608250628,76.67338211683517,76.5874201387562,76.48467074210504,76.37749293196792,76.2747695531802,76.19180525948356,76.1278217658487,76.11648298713604,76.14018097539217,76.21978360033947,76.35069668502592,76.50347506099864,76.63616265581014,76.74172082080189,76.80814430240866,76.82531561175405,76.76150733094188,76.6853194767885,76.53836116522794,76.34034673642374,76.1121339053177,75.84378325326095,75.56409810215114,75.27636254549793,74.98237755816987,74.68355890123902,74.39672954848157,74.15500960102956,73.90733409188447,73.67209252053745,73.49131296832189,73.31835194330414,73.16078832667132,73.0134169989395,72.86984197446728,72.72604427409773,72.58687153962893,72.4493925876384,72.30578325777908,72.1559901848824,71.91434420704482,71.73716654185351,71.64001699100321,71.45523040960693,71.25009139763687,71.01746443473867,70.75131600986495,70.45963657554938,70.11699397838373,69.741056849524,69.33418128698688,68.93884766741705,68.60722772358753,68.37491960888521,68.27132227342975,68.29861645107856,68.43415660462097,68.62587736010379,68.88095042964585,69.1530035584263,69.45299072999667,69.77471018145489,70.10556932907221,70.42479583417354,70.72110637908705,70.99121711958121,71.26872218837302,71.45054384893832,71.69732267613348,71.95050902850123,72.25951642576238,72.47295231149106
52.98868216047681,52.97581411423244,52.98561642321173,52.97022847424252,52.96919449574076,53.000551489287794,53.03705734724471,53.0862249223473,53.147960120526406,53.228399421791416,53.31343999163415,53.400324878829664,53.49383092668757,53.59144104653247,53.69744009998984,53.79117137958124,53.89305608306888,53.991518929079,54.09682076385763,54.18221748676739,54.255765064376845,54.32820506461239,54.39391736205501,54.452815027243986,54.4328374709459,54.48386147493835,54.535921552533964,54.647313418769976,54.691562187103905,54.73082840620738,54.78318210447299,54.808217668293906,54.823431045305355,54.82780469964312,54.82554706595643,54.82155615023218,54.81898451343208,54.815716225511096,54.81593623106215,54.800331753057534,54.78049173679315,54.758169122528926,54.74140934947912,54.74639468095583,54.73140622182929,54.70712068288819,54.7031252634802,54.73362186722807,54.7571333225263,54.8010061197352,54.87090961690163,54.94922049630686,55.04889870806386,55.167284325002086,55.295207737253186,55.41772250032278,55.53300447724653,55.63498857428363,55.72133643185059,55.67561334858553,55.672846419031245,55.62024516668891,55.53485715889146,55.427125399626796,55.28106568523056,55.23703441210136,55.11232700151813,55.00315193151159,54.92899742496229,54.91287769791059,54.96218476958603,55.06836499205844,55.21093255816231,55.419925084143735,55.652133482687056,55.924275470893335,56.22468060769138,56.52173559250713,56.793114824898865,57.05500672175906,57.31775817795607,57.58756824445394,57.87114119558387,58.16131472560091,58.423185578716826,58.69101293379802,58.94995257537644,59.217866862715525,59.49278916476755,59.768113556089716,60.03891254733966,60.31965915224979,60.58440762638534,60.797868753620534,61.08409338020709,61.32910905278556,61.58855184556232,61.84049993677933,62.14331071910802,62.383981507758534,62.620902677535824,62.86757619053014,63.108257248733025,63.37147661149885,63.62583070343387,63.866826405731054,64.10601049907832,64.33977186284818,64.56398960997817,64.79234999005153,65.03416723719381,65.28326838787288,65.53676266289578,65.80880421636625,66.06301460792882,66.32554743063636,66.58376456787782,66.83912077477834,67.0940196874401,67.35373612213209,67.62505791021863,67.90039168385938,68.18258337138383,68.4500592796673,68.7148460862862,68.95079759601501,69.17004265572801,69.390064631624,69.55290944991503,69.81517268240717,70.03714470326538,70.24876192420534,70.39643454986852,70.58257608051326,70.76013536466421,70.94803126403106,71.13792524974487,71.36302470525402,71.54280630161895,71.71587257005744,71.86166536181139,72.03187388864072,72.20428952323856,72.39796764369343,72.61964656033585,72.8906556814632,73.14599971996623,73.42832554023572,73.7354413124393,74.07911219915785,74.44694143325856,74.82652580195948,75.16367706513533,75.4760443395291,75.77495279508805,76.02154922320591,76.2258244057081,76.37238725316884,76.49002941434239,76.58492520983604,76.64036726588537,76.66500807828062,76.67315602578533,76.64308937794098,76.62240446191986,76.5574896771297,76.4868669032879,76.41655492838501,76.35396180193965,76.30893749144892,76.280005209282,76.28783900039248,76.34510309281592,76.44795363423175,76.5955338599711,76.77697587752729,76.95740324094699,77.13443976081729,77.28232030097578,77.38577387653503,77.44283908929273,77.43945095052179,77.38773016035607,77.28615699030382,77.1312669120472,76.93500922352294,76.70583288515982,76.45357628998573,76.21972412857279,75.99372981055532,75.81782388672292,75.63395597902607,75.48040853770414,75.3690248344478,75.2782791052812,75.20673579277766,75.14845871545921,75.09622572284364,75.047135470275,74.99762930798165,74.94549152057999,74.87432669097694,74.73631637099176,74.62681267606699,74.49145887177345,74.36681956320204,74.20540097287864,74.03935720188954,73.86221058901874,73.70877614502002,73.47959223539145,73.24456972113772,72.98617394748115,72.72413350668171,72.50536147642268,72.31344576596572,72.16787183052264,72.13685357295435,72.19031746919944,72.25150488526711,72.37041562722034,72.50903678150466,72.65167950803878,72.79632531482558,72.92008392776775,73.04568784741993,73.15022443646941,73.24569620161851,73.3213571780966,73.36875803779274,73.3853329097341,73.37632463347002,73.35148709934879,73.32732625302067,73.28448546286019,73.2396373447127,73.21839366896624,73.20640661730278,73.29617733961801,73.42036554258544,73.58883774160068,73.79966475663782,74.00414033423282,74.19740808274429,74.34631972787933,74.40994303843145,74.43210370433606,74.38121739834415,74.28292278785243,74.11236519741537,73.90132058329432,73.65899371088754,73.4117222678635,73.16743305483823,72.94170323454301,72.7291846774077,72.52342955306642,72.3716107144688,72.24446004662359,72.14686127236673,72.06704621032918,71.99336311637494,71.921937592524,71.84815727819509,71.73596854864279,71.63952193611793,71.53192337406988,71.31579370427163,71.15591876304418,70.98025806530914,70.86532222265927,70.67775403263845,70.4839089199154,70.29741977435015,70.0910175509026,69.93706328826534,69.74461448889348,69.57485267070719,69.42808629194079,69.33201041071563,69.2297214074721,69.13859827124168,69.05681843245033,68.98391327560125,68.91514310991725,68.84491124109286,68.77747417301033,68.67414281056982,68.54782374540814,68.28732357318539,68.06811062742975,67.81618472246402,67.59470238603848,67.3004459942524,67.01754116849516,66.7789370742905,66.58790484326805,66.46510370792696,66.40170788501631,66.43863730209515,66.50156364672155,66.61627010596229,66.76262339988921,66.91148058370527,67.08103880181129,67.26779070953641,67.4599049779798,67.64767620739693,67.8268687310456,67.99101016835414,68.14589545125781,68.30495312339553,68.45993029676137,68.5508944612268,68.68768803515708,68.89973960508347,68.9767351998312,69.1626985101677,69.28183933813526,69.39706684508815,69.52532161884601,69.66850576086703,69.78478834490718,69.91102375255122,70.04770203354205,70.18372682430099,70.35661772726513,70.52748392100784,70.71646774085373,70.90267500398132,71.08937960801072,71.27836600096448,71.46895973475,71.65221165940316,71.81924740339763,71.98717344952429,72.14229814543825,72.28768863072331,72.41079200084341,72.48771893815285,72.67264246841175,72.80089645582463,72.9053731756227,73.00236626958183,73.09332241463896,73.1803805139556,73.26551299231474,73.35961395774115,73.44460085775306,73.53078703187494,73.61943506680731,73.7108886717877,73.8373482648772,73.96123822061648,74.11433285725512,74.29994722894362,74.52825386899198,74.79823973751728,75.10526427365527,75.41798489706353,75.73029323615452,76.01439698483426,76.26176281110742,76.39301305005002,76.53214057277643,76.61807578067096,76.66798072086516,76.68297704428984,76.73702710149831,76.68231260083166,76.59896709524396,76.49692344602217,76.38853456941894,76.28259413609021,76.19389356171422,76.12488788089911,76.1037084347069,76.1210390907781,76.1964690190137,76.32700021160207,76.4837911230871,76.62720092927422,76.74373160311043,76.82213632196986,76.85017711317111,76.7972951520045,76.732777125966,76.59403111786192,76.40290004449955,76.17725287987876,75.91254529848779,75.63311758309196,75.34427803601761,75.04763021543106,74.7444627279475,74.45190095586618,74.20290846458194,73.94775651400074,73.70653140707044,73.52375824758072,73.34887804892956,73.19163662892957,73.04621921490657,72.90566799788225,72.76554043781309,72.6300555372514,72.49480392970744,72.35356151590626,72.20650496144462,71.97475799114494,71.80311877050912,71.6979207093607,71.51460394842884,71.31096202854195,71.080071923511,70.81588714408706,70.5237664962018,70.1806481838341,69.80193675160582,69.3872659462235,68.97704890039007,68.62194715307695,68.36035608941474,68.22760090477168,68.23048493312697,68.34715815681129,68.52670545315344,68.77316115463223,69.0413414626659,69.34000075075126,69.6622793276672,69.99521636797573,70.31807848544948,70.61885034235216,70.89448846569569,71.17561860431634,71.36548450678414,71.6149744910292,71.8692463076831,72.172203213817,72.38437874417505
52.962199814865876,52.9460342252179,52.9551590430785,52.934457931460116,52.9275265040517,52.95644756815746,52.98980135630108,53.03643435983208,53.09627594389459,53.174145790615825,53.257058746446596,53.3422887477375,53.43488593737692,53.53243347346457,53.63928642823446,53.73647721440263,53.84071712607626,53.941932688304306,54.0476500231866,54.13575352673336,54.212892296930406,54.288003644610974,54.356521068541106,54.41847676412597,54.39857141960745,54.46320944887407,54.517194545754464,54.61949461409616,54.664743998559764,54.70571356138612,54.75981302641902,54.78624407004168,54.8027154542236,54.808154790337454,54.80671474354668,54.803344995447986,54.80118874684488,54.79787102539266,54.79494680260754,54.778053655744,54.75610418993103,54.73137647129614,54.71178434129766,54.71790419632912,54.6972322294264,54.66932330292014,54.65994388125827,54.68684540182705,54.708234284811724,54.74919739671666,54.814629085457916,54.89164053678453,54.990876703029315,55.1100016745896,55.23990666256879,55.366697760753475,55.487610359462984,55.59618239633914,55.68853664413468,55.65942514311575,55.64826486804179,55.59649877999632,55.51047328622428,55.40028822128046,55.26293233341882,55.202846765467584,55.06957869036333,54.950856575374345,54.86520809841453,54.83517298318435,54.869077888007745,54.963950011180366,55.089982575460596,55.28881688772408,55.51267055033386,55.77828482205132,56.074205691348055,56.3684381461104,56.638765999297455,56.900457264303505,57.163555396226634,57.43396441212886,57.71803287820162,58.00852500479786,58.27101695303276,58.53917404712069,58.79855228302428,59.0667723509013,59.34194763478766,59.61749542392926,59.88884068688214,60.17377301352241,60.44006434613764,60.65695311740589,60.943892325305725,61.18977046953137,61.449760117330456,61.702112349851014,61.99563826333934,62.23568895678796,62.471641225322585,62.72160415931709,62.96070974465275,63.22225192636074,63.475026704650055,63.71514211503743,63.952975881205965,64.18498363999562,64.40790420390847,64.63487097736787,64.87499964033029,65.1218265054003,65.37415002340674,65.64787012669188,65.90250957322132,66.16458706096483,66.42319963586434,66.67924019154408,66.93506398422682,67.19590558374098,67.4684731887675,67.74583453458605,68.0288365443122,68.29759016186023,68.56423143784126,68.80215208427019,69.02371336416763,69.245345036899,69.4139860309738,69.6702804618118,69.89376316707734,70.10696873470991,70.26412592780123,70.45295855449636,70.63282978438643,70.82360068533391,71.0139601443892,71.23299842549707,71.41360622651806,71.5872470211875,71.73394555591221,71.9024250050044,72.07316170488208,72.26548950742118,72.48430380582369,72.75509634284184,73.00674014817875,73.28874763403233,73.59636791526455,73.94414074687194,74.32063411090975,74.70781201585443,75.05470543590022,75.37792132148586,75.68732780162335,75.94859409859885,76.16527927719314,76.31921860760121,76.44781075897427,76.5660331493941,76.63092965893323,76.66348264746873,76.67525686448901,76.64890350686917,76.62132414057136,76.55793038226687,76.48633769223338,76.41408954524786,76.34780154630788,76.29566391361193,76.26050396736655,76.26138623057672,76.31238274958112,76.41205518898654,76.55808064087579,76.74074419524237,76.92974561119468,77.11620611218771,77.27432468764408,77.38824393759324,77.45456700836556,77.4620401583645,77.4190472523449,77.32468284918825,77.17485386036637,76.9808103061502,76.75148031383488,76.49684135942664,76.25752508140408,76.02807184766297,75.84669894361747,75.65435494474572,75.49334317096788,75.38086604573019,75.28802899329429,75.21615609682638,75.15890428671644,75.10880167665462,75.06261460415665,75.01669155057759,74.96827670589492,74.90102517568478,74.77496742594266,74.67340626578296,74.54483734255346,74.41629651644661,74.25662415618011,74.09073606649936,73.91197049696046,73.74706807647782,73.5146109083665,73.27575289755544,73.01145025927087,72.74076627693472,72.51436500530421,72.30769869971265,72.14595306300157,72.10235942885882,72.14964828913011,72.20123026332163,72.31774734899575,72.4566663152371,72.60208772611631,72.75042745307027,72.88058250108341,73.01097287252976,73.1221615748838,73.22309827369212,73.30379287269147,73.35565895225821,73.3763041414426,73.37027685272714,73.3466011972639,73.31860563651067,73.27333043905396,73.22496972379932,73.20240796244181,73.18222093558208,73.26533211955174,73.38559970453268,73.55354219430794,73.76767923617912,73.98168664174338,74.18384619785944,74.34310144857257,74.4177757694699,74.45079615140001,74.4101309222798,74.32061316182849,74.15622315473784,73.94793019490075,73.70569199648368,73.45630978780798,73.20788539874636,72.97386878001318,72.75541005002901,72.54132646860303,72.38816964445061,72.25816185192005,72.16039494479377,72.08224551107266,72.01131880990225,71.94329396888924,71.87230658616322,71.76185437727482,71.67149643054354,71.56831411264697,71.3629166992592,71.20803053554125,71.03613893347661,70.90780709186917,70.71965149955606,70.52417244874266,70.33231200242923,70.12532796878436,69.96952601453104,69.77157613940878,69.59585090652516,69.44306475547342,69.3474318531206,69.24282297152531,69.15034433337696,69.06841512604136,68.99669272724628,68.93044415501343,68.8640874352311,68.79952742556094,68.70295197638607,68.58110500346744,68.33664792345324,68.11946494546501,67.86722759220785,67.63287976883383,67.32900719922019,67.03416668766027,66.78119813558611,66.57475410716212,66.43589076058917,66.35333557460437,66.37732980349702,66.42980823201113,66.53628072277738,66.6771563486325,66.82378994694587,66.99249507846719,67.17918395320916,67.37189159104042,67.56085818757624,67.74170636462432,67.90752606502298,68.06739210474058,68.22873726608155,68.38589552100959,68.4854451559966,68.62783821070572,68.83143011471832,68.91655657232856,69.09643514625972,69.21564524553966,69.32993401168423,69.45406072289197,69.60134686838707,69.71389127672138,69.83646986244132,69.96885086954026,70.10117215274994,70.27365035243609,70.44350002908965,70.63013408732076,70.81647704410175,71.0041513283762,71.19469984605608,71.38734679953518,71.57290156370031,71.74365731224965,71.91295526281657,72.07019074069025,72.21776930702819,72.34163158954861,72.42930954861882,72.60491540656838,72.7352362631993,72.84013970801661,72.93716074862705,73.02780381300867,73.11414542900638,73.19815047939055,73.28840460236948,73.37156375174284,73.45537308388087,73.54105009131912,73.63038485361297,73.7554732225584,73.87376797345087,74.02470458720308,74.20936059866702,74.43734885350986,74.70978027293971,75.02073904970496,75.34129822214747,75.66193538150435,75.95575547749613,76.2109293912803,76.35224376888827,76.50046861492827,76.59279981865416,76.65208771076995,76.6748912065958,76.73936267205693,76.6900615988672,76.60991767852518,76.50915471808646,76.40007374999719,76.29135229879107,76.1972097960248,76.12331367579485,76.0922127060654,76.10286692387912,76.1735111341363,76.30283726424948,76.46275375873728,76.61612194029406,76.74309649015836,76.83314928733625,76.87190912386481,76.83023794996706,76.77750036081747,76.6473923882654,76.46366693933315,76.24116370012622,75.98069208246497,75.7020762489072,75.41261255846908,75.113691615015,74.80645000886547,74.50830250522155,74.25192905214772,73.98933674337106,73.74211981161456,73.55692629046251,73.37975964300952,73.22245443026975,73.07863598546615,72.94081678286003,72.80413458971563,72.67217545600535,72.53903577434822,72.40012533730976,72.25586394342682,72.03554737898904,71.86974299409162,71.75516909181279,71.57352497520124,71.37163419063607,71.142824997208,70.88104972445609,70.58899514256282,70.24605160874134,69.86532275422205,69.44371698946921,69.01950357693705,68.64164307782787,68.35118166775932,68.1892225329703,68.16724087217115,68.26424964866213,68.43089090535274,68.66774319775891,68.93134703654749,69.22807694404982,69.55045165920299,69.88513764577193,70.21141124172999,70.51648841925841,70.79762963630012,71.08235388884496,71.2820061762669,71.53437561908153,71.78982017625088,72.0854761070019,72.29668190817242
52.93699354041403,52.91769832067589,52.92602449221565,52.9002141871416,52.88750586792908,52.91380184400874,52.943881390948555,52.98783014577601,53.0455866547344,53.120621589293,53.2011177948612,53.28439312418185,53.37578671410445,53.47299813770074,53.58044614432899,53.68090677447301,53.78730166430513,53.89110458825969,53.99704473322964,54.08775344441654,54.1684408161948,54.24618001087832,54.31749230280931,54.382528477681355,54.36384147013754,54.44232595891621,54.49829129373197,54.59052143675495,54.63690814015772,54.679704711535464,54.73551013234396,54.76351865577831,54.781452828436706,54.78818671731383,54.787798449548816,54.78526444498972,54.78371564891121,54.78053371827168,54.77466857639031,54.756705426928335,54.73287833665386,54.70594373566341,54.68365108024862,54.69070694927171,54.66451191926831,54.63318214710556,54.618540335134725,54.641660062257166,54.660794201722325,54.69865184491025,54.75932501459323,54.83471322201573,54.93311129142622,55.05252219369787,55.18394639447272,55.314618406357816,55.44082061881051,55.55573365762773,55.6539489025146,55.64294214612392,55.62342078506818,55.57313764635085,55.487191103788255,55.37529614119618,55.248164755569356,55.171177164837424,55.03015772117897,54.90261248209537,54.805985102874246,54.76223908537766,54.780602901246944,54.86381367585499,54.97306211593944,55.16111708429951,55.37609263394131,55.63457791861947,55.92541908385094,56.216322271428446,56.485236769395655,56.746427396467055,57.009615301082135,57.28040551481568,57.56478331716438,57.85544000319342,58.11844598993393,58.386848108083214,58.64660951606011,58.91510864757262,59.19053995246708,59.46633871506111,59.738290653785384,60.02731510472397,60.29521800215967,60.51708135273156,60.804746063934886,61.051509944269846,61.312141652756495,61.56495388693397,61.84806831790402,62.087579492038095,62.322643431061294,62.57575420316909,62.81335180600785,63.073287370946865,63.32454843535501,63.563879713379414,63.80043991243155,64.03074410603722,64.2524095059424,64.47800201441518,64.71643438447322,64.96092881930612,65.21205382052987,65.48715724968972,65.74210834529087,66.00358136917468,66.26246529540497,66.51907683845609,66.77572339769324,67.03760043139907,67.31133891028249,67.59068657048824,67.87444669341467,68.14449676241587,68.41287667520808,68.65268626848069,68.87652831552049,69.0997237782587,69.27497633662634,69.52472113770318,69.7497643221039,69.96460670667201,70.13189769270633,70.32348819371255,70.5056692564565,70.69956824405939,70.89010639777607,71.10268717272224,71.28421845875629,71.45855325958334,71.60628440218173,71.7732221973702,71.94243477594291,72.13348742961053,72.34941662896911,72.61954979636639,72.86740294918675,73.1487273777087,73.45631985301387,73.80757752431285,74.19209007451597,74.58634551944787,74.9425667236669,75.27630258350096,75.59596523710414,75.87179822462744,76.10083599896315,76.26260937536281,76.40251389045523,76.5437416689426,76.61849155489779,76.65949089971464,76.67537740397407,76.65343133588019,76.61964249828496,76.55842784322165,76.48647226197923,76.41274590431654,76.343088738164,76.28405411411651,76.24266771257672,76.23639826014798,76.28071245007348,76.37663281941845,76.52039912762538,76.7034951413203,76.9003445940261,77.09562065390912,77.26356025340834,77.3877590849216,77.46336253785188,77.48190486223207,77.44799058815254,77.36131772887357,77.217162769902,77.02601266631869,76.7972307135215,76.54085720797815,76.29657600838382,76.0639429181277,75.87694405025192,75.67625467403232,75.50777039168891,75.39377523176103,75.29845112556362,75.22582447207402,75.1691866567486,75.12084749985644,75.07726049854968,75.0347015151513,74.9898850847569,74.92658638710256,74.81345640647402,74.72011719129965,74.59881657681238,74.46624562290303,74.30876683023759,74.14338363592884,73.96339475593693,73.7866742491106,73.55146796089944,73.30926283759133,73.03948733533778,72.76051422914205,72.52651117470786,72.30530131386685,72.1274142160307,72.07074539609745,72.11090608419062,72.15257097923461,72.26600886137803,72.40461375946064,72.5523216117949,72.70393987472194,72.84028234624377,72.97527073744546,73.0930218723681,73.19938000511075,73.28514999633346,73.34169021950306,73.36676458154089,73.36415643300865,73.34208571381978,73.31065694931108,73.26330003544001,73.21168203230343,73.18774918059519,73.15950576904177,73.23541240132514,73.35114216236934,73.51781449604917,73.73443872236338,73.9572699731777,74.16775677170692,74.33704316053503,74.42295090056612,74.46700279317258,74.43690937753455,74.35650098894735,74.19893477928218,73.9941058170378,73.7526566635359,73.50175239043334,73.24959598632469,73.00751309586441,72.7830768079215,72.56069044622818,72.40573800647051,72.27250254850185,72.17412646892653,72.09718070851923,72.02861413543438,71.96370920049473,71.89533589272975,71.78675989315315,71.70238004559847,71.60356894878191,71.4101638478809,71.2605371067355,71.09284584774755,70.95041487172317,70.76205188636935,70.56531370686943,70.36840100077778,70.16108935000251,70.00323990595402,69.80001898602998,69.61843080479858,69.45959988124382,69.36387701978177,69.25662133375081,69.16242688275419,69.07998131449828,69.00910773452551,68.94509679857953,68.88239002811194,68.82051473485093,68.73067709802541,68.6134099269097,68.3867368238452,68.1721594762329,67.92030330009823,67.6727311342883,67.36014968582651,67.05417971113908,66.78738662645615,66.5658282071992,66.41086114994418,66.3090659351667,66.31950929685738,66.36102381843817,66.45864903860617,66.59342112489462,66.7373193448719,66.90473289742268,67.0909822319586,67.28397363035816,67.47389865276205,67.65623543512426,67.82368343493945,67.98849448536895,68.15208731790777,68.31142732865996,68.42061219087998,68.56892983969038,68.76302197636454,68.85748931884925,69.03053338548843,69.1500507895241,69.26362372755548,69.38380821819925,69.53497260078507,69.6439581096514,69.76303738189576,69.89117546415099,70.01982617415838,70.19155541546077,70.36014775082376,70.54413699978593,70.73033327899921,70.91871056673322,71.11058628029585,71.30510275511175,71.49284044916399,71.66727525552157,71.83791362691079,71.99727803091017,72.14711123385393,72.2720107793753,72.3715363270333,72.53701671114254,72.669433028666,72.7749834672074,72.87226129587614,72.96281992529434,73.04866556564494,73.13174764323897,73.2183170447515,73.29980169386131,73.3813587745778,73.46415839260015,73.55143012740936,73.67493920581285,73.78764442229166,73.93622944676459,74.11958149988881,74.34674175309637,74.62096437567097,74.93506283663959,75.26269347729311,75.59100350489847,75.89409718699976,76.15679268902828,76.30879069951716,76.46627891389416,76.56553833435315,76.63462772381531,76.66571385791936,76.7398579557031,76.69653142023235,76.62020408956485,76.5213315432284,76.4121159033498,76.3010929507264,76.20186001652011,76.12322372648119,76.08219197099199,76.08587408644348,76.15111435702272,76.27838247602939,76.44048462210202,76.60295344392198,76.73978309137611,76.84110204233644,76.89041990018127,76.8602359962254,76.81934941376247,76.69831326205737,76.5225244273944,76.30379326419192,76.04816333600438,75.77095307581166,75.48138078350897,75.18061037245937,74.86960049130778,74.5660440174942,74.3022243354933,74.03226830722298,73.77906706251746,73.59099599435463,73.41115471663284,73.25336155538743,73.1107414017677,72.97531686867329,72.84181395944722,72.71318479372702,72.58203628451353,72.44542181046702,72.30400724760202,72.09636892441391,71.93662089051305,71.81169446408103,71.63193386737753,71.43205579567734,71.20567496318725,70.94675241713581,70.65529340195631,70.31316878449405,69.93116404908075,69.50348043166127,69.06617907786223,68.66635362121133,68.34753394690198,68.15641876643659,68.10917638374977,68.18575999804172,68.33873554659691,68.56498552929283,68.8232466751063,69.117382279153,69.43933517720593,69.77539845177365,70.10481585031562,70.41400215887265,70.70057316944526,70.9888489732156,71.19973918672751,71.45514511664022,71.71188077634261,71.99929697261885,72.20984767999806
52.91313414705912,52.89090120197017,52.89827818573872,52.86760608364191,52.84928933685331,52.872761153139955,52.89944593908597,52.9405555536248,52.99602104941445,53.06795070638288,53.1457300835807,53.22673804633242,53.31661767033224,53.413202584633744,53.52096765309668,53.62445941295573,53.73278392201006,53.83898368893717,53.944966942623246,54.038160671960895,54.12232359277382,54.20263341831808,54.276715805098526,54.34483732693367,54.32855381623705,54.420754902625085,54.47875682792127,54.56029151736431,54.607968942008604,54.6527209605957,54.71018940826159,54.73996483622277,54.759574059826555,54.767839441336776,54.76874658190816,54.7672725673722,54.766533099518526,54.76368481137107,54.755136170484356,54.73634030969622,54.71088968142051,54.68196653593144,54.65712220358206,54.66486296605548,54.63335959262042,54.59882859420294,54.57908383099101,54.5982421387326,54.61497456457006,54.64952590475611,54.705174905139685,54.77859308546432,54.875728947330344,54.99493872905187,55.1273825135962,55.261483524921324,55.392577383073245,55.513530698166775,55.61743193653938,55.625664738430835,55.598223491007715,55.55010635957921,55.46498366072089,55.35214754557345,55.23629609844635,55.14200623020023,54.99411970872455,54.85854572642477,54.751517608115016,54.694315379293485,54.697055357833854,54.76823320595269,54.86051307084437,55.03715016011024,55.24268858939032,55.49340779305558,55.778535702587696,56.06556637589845,56.332662747666134,56.59301475605543,56.85600241494599,57.12692813213464,57.411408451321414,57.70206287001667,57.965465037156946,58.23402009487917,58.49410480950795,58.76285615516876,59.038548178107135,59.31462879855956,59.587247627001126,59.880222214077065,60.149792195551214,60.3779478999639,60.666353487970795,60.914025550642705,61.17538259266046,61.42870916272772,61.70061808585586,61.93968025652924,62.1739481606325,62.430011993541584,62.66618998660508,62.92460640785184,63.174434553154754,63.413079470656314,63.6484492140054,63.877112537766855,64.09757279454975,64.32181932250268,64.5585584155269,64.80068184978722,65.05058080446761,65.32673627924632,65.58186398429136,65.84258270257092,66.10160203846141,66.35865878459262,66.61601396906504,66.87882550035177,67.15365000413726,67.43492356993919,67.71939208743412,67.99075316052655,68.26074627551304,68.50235291038683,68.7284250724508,68.9531365606531,69.13565305987996,69.37847957370245,69.60513576645971,69.8216653649624,69.99952455157528,70.1939087072646,70.37838656613201,70.5756068008552,70.76611071617818,70.97205160296919,71.15461498020811,71.3297736245765,71.47866855253355,71.64428521514688,71.81215684227689,72.00202452971895,72.2150773844633,72.48409064375625,72.72810410671946,73.00837847528665,73.31540751928809,73.66950363396366,74.06133497202022,74.46213294179672,74.82723689870139,75.17113366541797,75.50079833801816,75.79104370414544,76.03234485807833,76.2024611732604,76.35404130010288,76.5175730547558,76.60255286831575,76.65253953986702,76.67313341843483,76.6563350069031,76.61730556627872,76.55896348292039,76.48729807490696,76.412584173127,76.33991580421873,76.2742595399403,76.22667100865068,76.21307047167257,76.25029749781018,76.34186643646137,76.48264300732713,76.66535093349533,76.86923037900766,77.07264789587613,77.24994125080343,77.38420175908995,77.46910551851461,77.49890212264836,77.47441761089128,77.39593068783941,77.25808884155381,77.07055091619927,76.84306626281158,76.5856564653195,76.3369769929222,76.10145190929204,75.90868069903958,75.69983421520566,75.52390757221123,75.40791547040367,75.30968278515503,75.23584143879911,75.1793653063199,75.13238249914531,75.09105796002999,75.05161619173585,75.01025869976667,74.95094426804243,74.85146737066789,74.76652702461654,74.65286685309437,74.51632715129011,74.36147847300326,74.19697747317127,74.01620707579673,73.82764673198498,73.59025461367938,73.34521902645982,73.07042937754886,72.78354881907167,72.5419498259373,72.30646522264787,72.11250662750153,72.04226454183082,72.07425955140695,72.10573237358312,72.21535077875467,72.35297876418488,72.50243071519002,72.65687951907555,72.79914426850846,72.9385238149057,73.06271430726063,73.17443690667135,73.26531860986435,73.32674711305093,73.35661798768685,73.35788075434118,73.33788118160945,73.30350001227383,73.25444968184507,73.1998593848554,73.17447748561075,73.13838231038183,73.20656369570038,73.31712889352396,73.4817578891003,73.70000349381411,73.93086448176915,74.14907321387712,74.3280532930298,74.42537194598657,74.48062004622437,74.46144617986084,74.39047664333239,74.24041221445077,74.03979966204264,73.79988866175299,73.54809793238485,73.29265332718441,73.04279654038862,72.8123603580442,72.58174066528835,72.42447713471554,72.28762426235467,72.18815837848602,72.11190731699848,72.04526254763199,71.98316200602838,71.91720968445726,71.81065918223634,71.73210210785699,71.63759668737156,71.45718711985451,71.31303879522679,71.14992277269634,70.9931183184279,70.80495593671688,70.6073648709567,70.40579390076512,70.198395641691,70.0382912610687,69.83006843321246,69.64275500150337,69.4778876163997,69.38148134696792,69.27123626889663,69.17494322011972,69.09158541170947,69.02119363738757,68.95909943328061,68.89977624150757,68.84038106244422,68.75720822089306,68.6446171097899,68.43709430398266,68.22571297188706,67.97495668073286,67.71416572850175,67.39386811235981,67.0776467312354,66.79763372456036,66.56130110366334,66.3902219065239,66.26917438516466,66.26544756028856,66.2954673816971,66.38360900527323,66.51162219568184,66.65222933246613,66.81787130843759,67.00326955709538,67.1962059993298,67.38682825044049,67.57046675678994,67.73947936425354,67.90914807511493,68.07494180499354,68.23646240379072,68.35610580984438,68.51057716477484,68.69446785641044,68.79925277157768,68.96497117216597,69.08504940620618,69.19815169718204,69.31464054291109,69.469385522376,69.57503284021453,69.6907998166601,69.8147858666286,69.93982048026285,70.11043845993088,70.27751625897973,70.45857327808228,70.64431785322402,70.83310547243372,71.02604742473063,71.22222478477552,71.41200296096054,71.59003743419771,71.76198450791104,71.92348867786168,72.07563551408553,72.20187001262155,72.31404098494572,72.46891487885259,72.60343886436684,72.70986733665818,72.80764402443528,72.8983614886751,72.98394814653729,73.06632961203552,73.14943054397312,73.22941062242023,73.30885715965337,73.38889065796795,73.4741533080918,73.59585998250192,73.70302940768319,73.8490667749009,74.03075464044473,74.25656405502538,74.53188365779555,74.84828786364105,75.1821512405509,75.51742903745026,75.8293144259476,76.09924327665067,76.2625649820991,76.42948931293232,76.53626974128684,76.61558634690492,76.65544895742823,76.73839811395771,76.7016243742177,76.629758529328,76.53342090637841,76.4246664591238,76.3118650013397,76.2079502773049,76.12474260890322,76.07384239926724,76.07027019021953,76.12948309898844,76.25381048000305,76.4171053673342,76.5877231952103,76.73375901619409,76.84591343079923,76.9056176984665,76.8871895621753,76.85818451722061,76.74666202485683,76.57934951515323,76.36506847020776,76.11489878991794,75.83972704002016,75.5505973817939,75.24843510330177,74.93399392258941,74.62523531363054,74.35394728638501,74.07674473278402,73.81758248812689,73.62614625664447,73.44322126088832,73.28447782897824,73.14260955496076,73.00919679459484,72.87856577664972,72.75303704825266,72.6237536231562,72.48939802385564,72.35087499074307,72.15687918125624,72.0033341376853,71.86742915188708,71.68977100241102,71.49217475542386,71.26857312880641,71.01294388828993,70.72263216170622,70.3819642424807,69.99940982789013,69.56650228773702,69.11704278396992,68.6961169065984,68.34955052982575,68.12942121358147,68.05658358340153,68.11201812281838,68.25054120678111,68.46517711950084,68.71726677337753,69.00807972532125,69.32903788281986,69.66606407529378,69.99831405850695,70.31137311026175,70.60325160318185,70.89502478868503,71.11831386750697,71.37690204005507,71.6350782500964,71.91362767796979,72.12386193616678
52.89069244473903,52.865737670464476,52.871985538763255,52.83674246331599,52.813033660304775,52.83347233184937,52.85664348861216,52.89475385682419,52.94770792430333,53.01625703044537,53.09100855930785,53.16942355235891,53.257463219522236,53.353114359656324,53.46089935936088,53.567134483014065,53.67713812344549,53.78551905032872,53.891378700003834,53.98691864151036,54.07445359727124,54.15726312183389,54.23407631564758,54.305270470906436,54.292614651606925,54.398040177560894,54.458136179777206,54.528702486542144,54.57784073422325,54.62468141250708,54.68376684018566,54.715506022093955,54.73701004027496,54.7470519231708,54.74950753857008,54.74932743111022,54.74960897855423,54.74730481191372,54.736384202963585,54.71701154713324,54.690213728689876,54.6595404924008,54.63231034854787,54.64043227295225,54.60388955074813,54.56639402297082,54.541743574708526,54.556767921467596,54.57093686466688,54.60197601669432,54.652356257929384,54.72343466059413,54.81885614481739,54.93734412737665,55.070270600570474,55.20729220422947,55.34282278003523,55.469461857973634,55.57884447575802,55.607093300857294,55.57258230675771,55.52734951350801,55.4438240061597,55.33084082061175,55.2268595088141,55.11531458154532,54.96152026775955,54.818782383112705,54.701994783910436,54.63164123973482,54.61873080629865,54.67748582134377,54.75267733142091,54.917240601396514,55.112747272561805,55.35502747781746,55.63377046494595,55.91634886695769,56.181179546581525,56.440316980874485,56.70278126024161,56.97356884370594,57.25792421952203,57.54839675449669,57.81206644243848,58.080674985702025,58.34101869839186,58.609995276129,58.885954372009195,59.16235104349883,59.43569678548115,59.73243112980433,60.00371052741204,60.23924719946921,60.52841348928969,60.77701536229168,61.039169077862304,61.29306279193177,61.55330477024859,61.792018393281786,62.02559427991668,62.28436320189008,62.51923084025121,62.77623249967034,63.02472371565518,63.26278165676728,63.49705040717786,63.72414821197835,63.94346134820025,64.16639912293964,64.40145867939577,64.64119211704056,64.88983772542245,65.16667790924836,65.42182955037671,65.68164340845863,65.94065035699542,66.19801409903202,66.455951739568,66.71958562584454,66.99540139970551,67.27852131131226,67.56365099511338,67.83633343538477,68.10780471588245,68.35110477172898,68.57934119762268,68.80551908903219,68.99578889374195,69.23154063343058,69.45986509825953,69.67813423445182,69.86678121139957,70.06396380425534,70.2507144986707,70.45138921636898,70.64171980586805,70.8410523722775,71.02476777274808,71.20089045549851,71.35108465888132,71.51563380774319,71.68237600973981,71.87116392720388,72.08137842699746,72.34879348673077,72.58895960450606,72.86781463078795,73.1737413076881,73.53000017830755,73.92839445136555,74.33518091195802,74.70869193126968,75.06236010708038,75.4017603408532,75.7062126400066,75.95965614159893,76.13867561810072,76.30229547923494,76.48704959310808,76.5826135137238,76.64213527277448,76.66814068206568,76.65727666186713,76.6142593757706,76.55951872428932,76.48884259339819,76.41366451921522,76.33837517118289,76.26643163806096,76.21268841932648,76.19159824771673,76.22134319630837,76.30793595104932,76.44496596708818,76.62643378950172,76.83643315570582,77.04725234798337,77.23338193236428,77.37745440066827,77.4716757911166,77.51288900013714,77.49818576367335,77.4283907845655,77.29752727622167,77.11435966796269,76.88896914029684,76.63127176112982,76.37882811842937,76.14070770849867,75.94203038239367,75.72527261658549,75.54197208487886,75.42344983952142,75.3218612551345,75.24630751728016,75.1894997161945,75.14342598121749,75.10399179517353,75.0673925703644,75.02933959352508,74.97403276131672,74.88868437660629,74.81221733773309,74.70645844994372,74.56620137032672,74.41440856242927,74.25119514121984,74.07013116638844,73.87003759416744,73.63106208739534,73.38374094937528,73.1044205877711,72.81004150249147,72.56083080029619,72.3114020402752,72.10148163530549,72.01716993321949,72.03987738780499,72.06091978694417,72.16592371551329,72.30186097941943,72.45246458641722,72.60926332542618,72.75712907313716,72.9006744776491,73.03114785789971,73.14816448917071,73.24418877412579,73.31072490642542,73.34576811753828,73.35136719675141,73.33392813322587,73.2971546462508,73.24683480809594,73.18958689608567,73.16265303967283,73.11897175230222,73.1789315134397,73.28369587542505,73.44547561573717,73.66443382915487,73.90244432075104,74.12772893396028,74.31604027531988,74.42494241999756,74.49154432712595,74.48363474501112,74.42243049910704,74.28056760364592,74.08496394225257,73.8473889408437,73.59539427030774,73.33714593093661,73.0798794718777,72.84343610735613,72.60469630513006,72.44454836337269,72.30366911946413,72.2025932071933,72.1264808508399,72.0612775011557,72.00163110417812,71.93789244790833,71.83352633048288,71.7605919438934,71.67030613331278,71.5036384848979,71.36513591961496,71.20691367289733,71.0358901881901,70.84836439423721,70.65035811766549,70.44459783376072,70.23734079098375,70.07476637840946,69.86184988541163,69.66898613261543,69.4981239080887,69.40038027094774,69.28678755171086,69.18799064621999,69.10329583156326,69.03298577578117,68.97245045178175,68.91620329719026,68.85907136990507,68.78243539039421,68.67460514616319,68.48722439348698,68.27964418458116,68.03073256870952,67.75709279757409,67.43015713710861,67.10463424025308,66.81207060755834,66.56134675683857,66.37418006086011,66.23393634305951,66.21541637190286,66.23339589748225,66.31139457460309,66.43196402800052,66.56868046471138,66.73202936127167,66.91612993993,67.10864360135214,67.29967762809761,67.48441114386576,67.65491093911507,67.82929835595046,67.99723925345816,68.16093743048012,68.2916362568572,68.45239442862284,68.62572042124435,68.74156626269819,68.89972645060453,69.02063453170362,69.13353362504382,69.24663413517072,69.40458819747484,69.50715946492804,69.61983067248002,69.73979212622741,69.86128666279994,70.03040502943809,70.19569472632708,70.37353972204276,70.55850491132634,70.74738419482945,70.94110540040718,71.13871007182219,71.33036374425637,71.51188004926234,71.68510387192137,71.84875134330854,72.00326325060806,72.1311497315855,72.25646523390542,72.40057840641691,72.5372058824439,72.64475419983202,72.7432850474106,72.83441924033013,72.92000039434949,73.00192151395562,73.08182435912035,73.16048647573129,73.23798129479513,73.31537757474007,73.39868321057526,73.51834932048695,73.6200847701698,73.76337591057336,73.94302472817067,74.16694724657094,74.44262973139786,74.76046635989127,75.0996520899712,75.44114341027306,75.76129950694208,76.03817172644668,76.2134777567966,76.39001765530094,76.50497245297409,76.59494916694238,76.64410046429015,76.73486830834169,76.70524277011384,76.63851319877958,76.54538979246703,76.43773084696637,76.32371736007457,76.21558663248392,76.12799489900613,76.06736016067163,76.0562648469555,76.10882177134887,76.22929590923168,76.39273764858656,76.57045894921124,76.72499187404269,76.84750229655319,76.91741077506653,76.9109989192126,76.89386590361143,76.79230696228277,76.63401920907945,76.42491621630559,76.18083817501753,75.90837711774748,75.62027702398058,75.3172144230798,74.99971005002516,74.68598621457704,74.4072508765892,74.12295954728177,73.85787541679063,73.66255597471931,73.4761172668649,73.31592307573776,73.17431453619474,73.04248509989739,72.91437727096499,72.7916857174184,72.66413595322904,72.5320010659531,72.39640728962297,72.2167347033529,72.06946441352024,71.92230548095259,71.74697675775509,71.55193898163374,71.33147080142307,71.07957280408219,70.79098230913644,70.45240251408988,70.0700092823583,69.63272857263382,69.17206207606438,68.7309710573602,68.3573690195136,68.10846148281588,68.00975458666501,68.04335294086036,68.16660971580055,68.36860693864983,68.61363372639651,68.90033225181516,69.21966777718846,69.55719980564504,69.89192761360455,70.20858282249252,70.50559747556063,70.80080226650998,71.03736054794614,71.29926544567587,71.55906273965037,71.8284300903565,72.03871055319344
52.86973924339162,52.84230252752255,52.84721196640479,52.80773216851882,52.77889558776387,52.79608221643525,52.815622527425965,52.85056832881985,52.90077607576963,52.965664450040364,53.03706616874541,53.11254968043103,53.19840777513645,53.292801008161234,53.400289667944875,53.50893133781134,53.62033849286595,53.730659732426375,53.836242054007876,53.93397078520892,54.02474380029079,54.10996837632948,54.189458574695365,54.263695068623136,54.25593016994806,54.373725681283894,54.43597438075456,54.49565197490641,54.54643784691251,54.5955051712099,54.656158414129905,54.690065624110865,54.71369166166377,54.725763123580414,54.73002971747984,54.73138710471855,54.73291116590581,54.73137422712258,54.71844729190189,54.69877238232504,54.67092598292074,54.63876122537216,54.60932815239606,54.61747489623393,54.5762160949168,54.53600981216766,54.50668877216865,54.517413700676336,54.52884259332468,54.55615862116504,54.60104657379443,54.66939248086896,54.76261935796316,54.879831235397205,55.012666236026796,55.15204353206775,55.29149893748061,55.42341547706566,55.538045249719474,55.586728214224024,55.54640655321548,55.504811701963945,55.42368518924226,55.31137435251056,55.219388133436794,55.091082838861986,54.93241501304342,54.78344852690927,54.657605800034105,54.57445604150459,54.545924795171544,54.591848741898566,54.64989678891464,54.80171289439863,54.98655753933666,55.21969000536285,55.491338288313294,55.76884815204339,56.03092277861451,56.28843170873001,56.55001635939248,56.820364229149796,57.10434656061551,57.39444480586267,57.6582425535152,57.92679775874535,58.187331717735894,58.456506412892644,58.73274059447465,59.00949081895316,59.28362330817722,59.583878640128304,59.85689659884192,60.10067369161377,60.39062495976781,60.64017745285852,60.90318724918205,61.15769938924571,61.40614557413601,61.64462104531604,61.87762065479437,62.138793499670086,62.37248092075303,62.62818910899699,62.875454580462176,63.113026541611546,63.34629011319933,63.571910405465545,63.79014244536374,64.01181763703521,64.24522212198416,64.48256614126304,64.72993133359685,65.00705283358249,65.26205810370081,65.52081583414282,65.77965074296866,66.03717085085256,66.29555275042785,66.55988564312288,66.83658802636096,67.1214555729808,67.40720168519536,67.68121166618283,67.95401647344265,68.19889461424741,68.42921425370028,68.65680706834597,68.85515653121965,69.08388918050869,69.31393991561808,69.53400284001094,69.73344237917068,69.93339719378757,70.12238583933015,70.32658835124842,70.51668037311838,70.70965013668686,70.89464881825069,71.07188609168082,71.22351937313873,71.3872877245679,71.55314038418756,71.74096874152279,71.9484121112628,72.2137329270093,72.45008542627589,72.7271495482344,73.03143161181481,73.3891482598276,73.793294160495,74.20549605898873,74.58690779163788,74.94992744833175,75.298784482097,75.6171871350647,75.88262013658516,76.07115432669057,76.24717891916904,76.45169357027366,76.55817340565851,76.62778480328569,76.660014969061,76.65591844270132,76.61044995797859,76.5600749902549,76.4911332798344,76.41604711011722,76.33855926576717,76.26072185545615,76.20089450834229,76.17217697084678,76.19405484908522,76.27502127411631,76.40752169401571,76.58686592707359,76.80198311368702,77.01939852012552,77.21379655062583,77.36739945022656,77.47095319642078,77.52372255522222,77.51915248961102,77.45856707753143,77.33537327480548,77.15737353377976,76.93492152456909,76.67773572508834,76.42222946831554,76.18181920309023,75.9771145927275,75.75274892649169,75.56218130203582,75.4405414169776,75.33512381856792,75.25732322779575,75.1996493671366,75.15399725276922,75.11604681055624,75.0819876410701,75.04706980863286,74.99578580973761,74.92479148237125,74.85676970264869,74.75906164590462,74.61552854873167,74.46720657646779,74.30571420306786,74.12489073756059,73.91389890472456,73.67398160273639,73.4249480915522,73.14160516787146,72.84016373516948,72.58330393908817,72.32032338096843,72.09459057733406,71.99571463742404,72.00792829041067,72.01833855989491,72.11787828604149,72.25136005517392,72.40247277559206,72.56110823306885,72.71419756538953,72.8616650984144,72.99823150262371,73.12045826340581,73.22165054995953,73.29351887315009,73.33411872875304,73.34453314026604,73.330167101262,73.29164067209386,73.24051084401944,73.18094968062464,73.15233600496578,73.10139528750301,73.1526613653052,73.25097908550114,73.40907091823561,73.62779000700921,73.87198364335676,74.10365734154684,74.30091253666833,74.42156583686557,74.49967205244798,74.50336848873779,74.45225293039468,74.31931309027,74.12955087000479,73.89515845051685,73.64368926084728,73.38316230719255,73.11892224862362,72.8764794628162,72.62977654509969,72.46611302662896,72.3207792458159,72.21753348876936,72.14095682437306,72.07667245066605,72.01909521363174,71.95734866964548,71.85533542385139,71.78777888028206,71.70160609150243,71.54916991272893,71.41642879849988,71.26336251292486,71.0787032372164,70.89227800256893,70.69432562365681,70.48491993113393,70.27801874501473,70.11275155651074,69.89548874708278,69.69728683411059,69.52050470345851,69.42070922798997,69.30339495694157,69.20166646180134,69.11518098794811,69.04451948965499,68.98514824674793,68.93162841693228,68.87653061879753,68.80624865193414,68.70325263008446,68.53663112197961,68.33347186646877,68.08717579862594,67.8014215876052,67.46901141836129,67.13520873049593,66.83082845310982,66.56613912700895,66.36294264348466,66.20362722731261,66.16968750981258,66.17506634148803,66.24223969842033,66.35465108885694,66.48683329659038,66.64732610568471,66.82964739177315,67.02134133982199,67.21247743321959,67.39807941059615,67.56997524567402,67.74889080984755,67.91891818942105,68.08478909280636,68.22691377588589,68.39399587389816,68.55673233725459,68.68414912439515,68.83477716511628,68.95679960213404,69.06978521562093,69.17986543312138,69.34058319039656,69.44038198030921,69.55020345510117,69.66630429220183,69.78435631350621,69.95156066757411,70.11477232563536,70.28913313150048,70.47296859785645,70.66159488327226,70.8557823283723,71.05455579954746,71.24789744421786,71.43273930169975,71.60720768504586,71.7729946890144,71.92991554630645,72.05979037856515,72.19845078546184,72.33197579055394,72.47068619503925,72.57960694019204,72.67916047790834,72.77098391743853,72.85682953174762,72.93854847717479,73.01557774927912,73.0931251921062,73.16884423569067,73.24374983023401,73.32514864977468,73.44252098762918,73.5389723502959,73.6793161927432,73.8565364709024,74.07802281500703,74.35329420856247,74.6716505545722,75.01517660360456,75.36207805448021,75.68994474258561,75.97346861071563,76.16144016377221,76.34778178425823,76.47162488293372,76.57270177083142,76.63167233767281,76.729153700376,76.70728891721133,76.64640029888456,76.55720518642471,76.45131449652457,76.33669893637452,76.22487513616201,76.13310517273514,76.06294142498567,76.0440676683997,76.08933478541954,76.20501339677654,76.36750312001199,76.55118846097716,76.71344927435236,76.84578748342706,76.92570738632739,76.9315643387331,76.92625380535453,76.8351163599542,76.68641051564295,76.48326340061729,76.24592122211504,75.97688228520839,75.69043438072563,75.38699694733113,75.0668286209299,74.7484065412801,74.46228807787224,74.17110627794375,73.90015517685634,73.70040404596655,73.51000072565135,73.34781712036158,73.2059304366192,73.0752103238538,72.94923567203483,72.82908429906054,72.70313143768483,72.57317802523691,72.44054426101464,72.27559204454056,72.13459339592988,71.97625577699911,71.80349151086308,71.61129638606512,71.39431928839477,71.1465878306763,70.86031473157085,70.5244481307101,70.1429116041934,69.70210530128897,69.2312043349499,68.77095419686772,68.37112701894857,68.09377118255081,67.96898150907899,67.98009337003599,68.08724290355039,68.27556395700671,68.51257392919847,68.79430282789527,69.1113328614556,69.44887093214037,69.78567826290906,70.10561284463186,70.40754332463234,70.70610233794726,70.95650955738607,71.22185438985241,71.4834843871426,71.7436660770809,71.95437940759294
52.85034535295475,52.820690574508156,52.82402288377886,52.78068404160535,52.747031868711,52.760737643195895,52.776531543426195,52.80814224305756,52.85535430018198,52.91629685372778,52.98401585859613,53.05621646871848,53.139535750636924,53.23233007554122,53.339186983671965,53.44984933051089,53.56235925452591,53.674354795222136,53.77951905327185,53.87926053520052,53.97310717243625,54.06064843670842,54.142747322480744,54.21997827910733,54.2184065649614,54.34735531135437,54.41181646230817,54.461037613075014,54.513674610187195,54.56511134064441,54.62728011610809,54.663567052992406,54.68954981587486,54.70391200333012,54.71026151658277,54.71340965671197,54.7164075414607,54.71587356422055,54.70136005537322,54.681676058357276,54.653101948572015,54.61972435514611,54.588288252376564,54.59605086217238,54.55045352639182,54.50780734055202,54.474088629252876,54.480355766573005,54.48885324185544,54.51223015860835,54.551423353566946,54.616621079752704,54.70714506084341,54.822492899838544,54.95462500059635,55.09573659622168,55.23854798319344,55.375279895460174,55.494892987972754,55.564069859351854,55.51960555127829,55.48243751877364,55.40454025910609,55.29374652746941,55.213415119078675,55.069291622139595,54.90685955933562,54.75267023256463,54.618539826259585,54.52299915940583,54.47893287298278,54.511599187487406,54.55251333457108,54.690891525356804,54.864408245595754,55.08764840814957,55.35145409007743,55.62324263859281,55.88202805623779,56.13745657742773,56.39777223482201,56.66735086808638,56.950691413451146,57.240210173343655,57.503985718123744,57.77237339220267,58.0330244025641,58.30236996789898,58.57888890580484,58.856033493996826,59.13101237404112,59.43450153327167,59.70927401094067,59.96192181676393,60.25268679128147,60.50320989598493,60.767123247439656,61.02230356936903,61.259157700571876,61.4975153556524,61.73006615114608,61.99328855833707,62.22594678191732,62.480499698426456,62.72666580518169,62.96385439508826,63.19621495332012,63.42045839502234,63.63768336450996,63.85815108609861,64.0899356891964,64.3249104426516,64.57096837919333,64.8479317461353,65.10260270441759,65.36015232692858,65.61864368834284,65.87615710913254,66.13483304287028,66.3997303874322,66.67720481347725,66.9637021333181,67.25002242642296,67.52536193211319,67.79934602532005,68.04567519968246,68.27798180334776,68.5069362035444,68.7135286653203,68.93551007855781,69.16734781665008,69.38926070651058,69.59928276187996,69.8019525849641,69.99313337336801,70.20087706614116,70.39073912420174,70.57780555223688,70.76423009859047,70.94274287245497,71.09595934721938,71.25926671502982,71.424498071476,71.61150209213315,71.81627079195053,72.0789835663113,72.31159755575814,72.5864969316478,72.88858882526905,73.24702898100702,73.65605974735156,74.0730850119459,74.46186045007197,74.83378122901563,75.19180399823738,75.52384929217348,75.80108713009724,75.99979891583672,76.18859411122286,76.41102727252694,76.52873245865662,76.60899486234314,76.64837314439558,76.65192463973675,76.60582263420031,76.56061351483721,76.49419759659717,76.41979211336897,76.34056051468232,76.25728163910357,76.19146383943617,76.15500202362898,76.16863775965797,76.2433023165963,76.37046387521688,76.54676956394526,76.76591044251768,76.98905092219721,77.19109935812295,77.35391934833471,77.46681757519005,77.53125984842745,77.53717523181656,77.48632862521693,77.37152203820506,77.19952712582126,76.98090559422023,76.72508098687419,76.46728112599085,76.22489528040937,76.01405482245428,75.78244219324407,75.58475259602608,75.4593532806355,75.34960775852127,75.26898909062436,75.20987373991035,75.16411562049677,75.12720781275401,75.09535839388602,75.06339138769079,75.01613735611741,74.95947274604484,74.89976569136277,74.81014671952134,74.66396895522381,74.51952199307094,74.36021222170857,74.18020949916182,73.95928273272288,73.71910438039158,73.46895993820492,73.18212731971694,72.87408697287356,72.60951908361689,72.33344085894713,72.0920847914787,71.97815172160503,71.97858095624993,71.97819403301234,72.07136510472681,72.20157564145796,72.35250483283005,72.51243118129855,72.6703105505252,72.82143804994023,72.96387421977093,73.09121374017343,73.19759399820731,73.27502428674858,73.32157357898899,73.33729596491168,73.32653861831092,73.28697791065493,73.23553321944226,73.17403285310267,73.14358654367395,73.08577410868413,73.12789876205908,73.21911450118077,73.3726470388715,73.59013230600071,73.83945660281961,74.07679184622707,74.28257850633821,74.41514571085692,74.50489963876106,74.52054082679325,74.47983431131867,74.35656081772532,74.17351265763659,73.94319814048117,73.69303076064878,73.4307909655633,73.1600852289182,72.91166583138344,72.65720056454381,72.48933245867134,72.33909676739557,72.23308175693525,72.15539075192746,72.09146085082372,72.03553305307724,71.97554283623137,71.87606054830033,71.81359224359721,71.7314053668374,71.59343337306551,71.46651775048146,71.31881325735324,71.12153022171351,70.9366975053506,70.73929956559164,70.52686732425417,70.32052345091786,70.15233309390699,69.93111042268133,69.72781974196472,69.54522594965674,69.44260365436335,69.32117825933683,69.21606796761019,69.12730929475232,69.05583011895769,68.99719121084419,68.94600882250585,68.89270377068571,68.82853805091807,68.73043815560887,68.58481851908192,68.38671476970356,68.14383120507982,67.847061344695,67.51042561440639,67.16943669426779,66.85403843887441,66.57585217445852,66.35671668492938,66.17852245638527,66.12853275213003,66.12073568940886,66.17637832854949,66.27988784525742,66.40684838308589,66.56388059143652,66.74390592393537,66.9343541181361,67.12525831329249,67.31148237122552,67.48466937008028,67.66787091877818,67.83991713900146,68.00795407484773,68.16164861089786,68.33499574326453,68.48745627082947,68.62672068885288,68.77010126001329,68.89353805361513,69.00692217339332,69.1144108749063,69.2773730654561,69.37474438287533,69.4819916702691,69.59443241380616,69.70916102411819,69.87401091793066,70.03483822967414,70.2054503062884,70.38778305736454,70.57578568711394,70.77010032967274,70.96975915124716,71.1645787060114,71.35255139249425,71.5282319133886,71.69614737674301,71.85551350406577,71.98773239585866,72.1396393511643,72.26307552798207,72.403831914295,72.51438844120125,72.6152464290346,72.70804625717948,72.79444278139776,72.8762356298685,72.95076997353544,73.0274227098566,73.10155903802756,73.17413811176735,73.25367844060507,73.36848875178997,73.45985398860579,73.59704696037174,73.77143457647573,73.98992224760755,74.2639687013738,74.58189267686579,74.9287053595014,75.28016440118506,75.61514244548061,75.90502450175683,76.10636334318839,76.30269954306237,76.43620544468463,76.54882974547564,76.61816853674391,76.72113945158154,76.70766512480077,76.65335203060798,76.56883407318183,76.46542283744553,76.35085863968312,76.23592184244382,76.14019800603535,76.06078236198991,76.0338882663004,76.07122655251587,76.18113757569886,76.34152343576334,76.52993948556032,76.69909882655351,76.84068783524951,76.93041578859516,76.94878609213264,76.95520845486949,76.87495850349005,76.73640044131365,76.54003692127469,76.31008766202237,76.04522151861771,75.76108412268576,75.4578312915934,75.13542938261853,74.81260611468615,74.51921186200045,74.2213784519975,73.94463109667178,73.73986936777352,73.54502962833656,73.38027978754536,73.23753134738358,73.10740100573672,72.98312820950109,72.86518629101525,72.7406882394764,72.61287599018459,72.48322602169101,72.33310775865603,72.1983027628261,72.02921236574831,71.85925563918838,71.67019488047612,71.45706989707922,71.21393763423599,70.93060031633343,70.59806562372991,70.2180659851036,69.77457848863976,69.29443694143073,68.81610444849204,68.39096213111364,68.08558192119717,67.93455646618203,67.92256832821352,68.01274259992583,68.18633714483836,68.41431377681862,68.69015442282209,69.00414113676496,69.34114274409255,69.67958775372104,70.00244472574663,70.30902168844771,70.61084593425358,70.8753912251676,71.14428792893449,71.40799333471115,71.65929750544487,71.87085437588004
52.8325815833663,52.800996612785,52.80248370600103,52.755706924930514,52.71759925262655,52.7275854484296,52.739519024511694,52.767618872982965,52.81157139390895,52.868278130067516,52.93197057556277,53.00052395539095,53.08093155948564,53.17176910718904,53.27763971136547,53.38988781427598,53.503174632679894,53.61655329870797,53.72117174643217,53.82273132362916,53.91945668431137,54.00920255787444,54.09382729924257,54.17398726138248,54.17995003034786,54.31847296533254,54.3852074558928,54.424757031665884,54.479465354158144,54.533419024750884,54.59704793213396,54.63593371945753,54.66451539479006,54.68143752318443,54.690151333824204,54.69535315560529,54.70006598510635,54.70078333043055,54.685157111451446,54.665775818315545,54.63681713010252,54.602525502023354,54.56930328573936,54.57622019703946,54.52671614643858,54.48191798688235,54.44411235184256,54.445770409371825,54.45113030157107,54.47034706946437,54.503664098079,54.56527499070916,54.65255972753389,54.76542196742568,54.89620247491044,55.0383704844767,55.18391204495786,55.3249434531746,55.44924642006685,55.53861861706151,55.49208862184348,55.46017155776375,55.38636226488872,55.27795573168774,55.20847361250399,55.04992155136744,54.88490952139564,54.726573574828905,54.58498603236048,54.47750996824143,54.41805058826253,54.43701437798065,54.460868859635795,54.58510098051131,54.746588247220046,54.95915571863537,55.21433278762595,55.479710734043174,55.734630991923964,55.987489224773476,56.246113408953654,56.51456534013596,56.79697471687821,57.08569600616874,57.34928828400077,57.6173868642675,57.87807728790051,58.147566343587265,58.424381366301134,58.70196443770405,58.977849162024604,59.28423659745696,59.56076636480804,59.82268601528602,60.11429787570686,60.36581076531267,60.63066321345508,60.886559947001295,61.11235835260994,61.350728467311214,61.58296963485233,61.84783404934654,62.079634977550874,62.33318773055339,62.57839604741968,62.81530548709669,63.046871548790584,63.26985145744253,63.48615138410871,63.70547569143906,63.935686326936874,64.16833154140315,64.41305561241431,64.68938534079342,64.94351641268094,65.19970523412091,65.4576696850797,65.71500094295025,65.9738086581211,66.23912469401799,66.51724669042805,66.80523677069752,67.09209148753904,67.36875831236823,67.64375784864089,67.89139928977445,68.12558140922924,68.35584219957748,68.57067798905128,68.78638819119901,69.02007639947021,69.24389735882141,69.46407706651895,69.66937368688775,69.86268988604196,70.07392822169493,70.2636427653908,70.44547927496721,70.63348359564193,70.81344313715243,70.96839123303694,71.13159052853767,71.29649717746094,71.48282709849238,71.68504682375182,71.94462000635605,72.17361197668205,72.44597048504994,72.74532334165173,73.10372344432888,73.51671685987833,73.9379543998865,74.33352587683795,74.71386698897552,75.08075212576203,75.42608121418678,75.71490740919542,75.92451100234598,76.1264435770087,76.36459137566133,76.49384788121172,76.5853809595665,76.6329502496211,76.64506381716436,76.60027995686825,76.5610646717328,76.49802772936879,76.42494916855293,76.34447103397235,76.25626243598086,76.18457097634625,76.14026878862965,76.14529723154371,76.21295898942326,76.33394619779895,76.5062669178509,76.72824533176427,76.95617406409305,77.1652046073906,77.3368965355627,77.45914876818729,77.53535794027664,77.55211143340226,77.51154448610164,77.40586876732023,77.240755056258,77.02690352784195,76.77334017616656,76.51408317486543,76.27004482779873,76.05297256398735,75.81453146516242,75.60990333919368,75.48004850835848,75.36545035806043,75.28140562604453,75.22023231527992,75.17380039109636,75.13745960834281,75.10746181884527,75.07824637329969,75.03502134326833,74.992412225709,74.9407868758748,74.85918394933813,74.71118285852197,74.57100429019091,74.41436676013522,74.23581116104069,74.0062411472289,73.76652164105003,73.5158959745479,73.22613124517451,72.91198267137175,72.639626075186,72.35096608843081,72.09421561563089,71.96473425292305,71.95200408234871,71.9406915468736,72.02653478595684,72.1526073882812,72.30261030824676,72.46324910941031,72.62542883380384,72.77993570496524,72.92798498767971,73.06032643027052,73.17190917971084,73.2551364207444,73.30803642590395,73.32957305071507,73.32298321696557,73.2831861827859,73.23195736419126,73.16892152815022,73.13646481798166,73.07222940854564,73.10478921446351,73.18823809989244,73.33630721992068,73.55152100475284,73.80483735237293,74.04706585759128,74.26094661359254,74.40558555623812,74.50712350263578,74.53504517492996,74.50506501600236,74.39222292941423,74.21680151748515,73.99150896044547,73.7434666263575,73.4801204156601,73.20352877105346,72.94917062001684,72.68718754280881,72.51436799368688,72.35876381018885,72.249340545412,72.16983814783268,72.10565615628929,72.05092334120249,71.99243943422852,71.89567578978827,71.8379613604132,71.7596127642145,71.63608083562538,71.51500309415954,71.37280987075683,71.16434389788813,70.98162364622081,70.78531212013101,70.57054714449082,70.36494885582707,70.19359728913264,69.9688403166626,69.76074749215373,69.57248359383117,69.46619898633656,69.34025723364472,69.23129246439288,69.13974916586434,69.06695300363799,69.00857773673557,68.95930173568323,68.90753578713382,68.84919363275121,68.7560403167914,68.63129061441532,68.4388916464392,68.20024362266895,67.89392131494337,67.55439438353233,67.20738462387247,66.88183174251184,66.59065985947134,66.3557092157261,66.1588974487388,66.0922238769675,66.07066091693906,66.11404441681516,66.20787876420827,66.3288862791807,66.48181186828684,66.6589895477273,66.84773683969132,67.03805091580247,67.22463083999835,67.39899039848375,67.58618416471431,67.76017462831877,67.93036906068244,68.09555100586051,68.2750082793857,68.41784488835735,68.56900028825582,68.70567667960779,68.83084332226454,68.94496020284106,69.05034689866874,69.2149603869685,69.31029066914373,69.41526882372955,69.5242865402948,69.63583238637248,69.7978613240994,69.955981611213,70.12258804623953,70.30302243440083,70.49000475570634,70.68408152535531,70.88431731021699,71.08038217480332,71.27125252263009,71.44811252305362,71.61813806825809,71.77997822677102,71.91491622576405,72.07967264256227,72.19384611541969,72.33659515235321,72.44906158632278,72.55151901389563,72.64559699673204,72.73284736596597,72.8150081002122,72.88748029097526,72.96347496729429,73.0362387574934,73.10667310665762,73.18440139798139,73.29636638083063,73.38289152564387,73.51672755242028,73.68786375272649,73.90277703164656,74.1747448219163,74.49124495595397,74.8402189357121,75.195333881501,75.53678492822951,75.83272997186951,76.04815843520765,76.25468877497154,76.39869255174563,76.5233186777787,76.60359302067123,76.71071072347925,76.70627370217272,76.65930059446376,76.58024339635219,76.48006129874604,76.36624537944395,76.24883280543416,76.149397974852,76.06107914146482,76.02593625240588,76.05470148395331,76.15784307905986,76.31492024999342,76.50673977801299,76.6819081400765,76.83212219584924,76.9314442382158,76.96256445080694,76.9805900845759,76.91170167850936,76.78386599256137,76.59516367640968,76.37327722555139,76.11337379419024,75.83224092051755,75.5297660714042,75.20559208240589,74.87869475574162,74.5781752007402,74.27396959667061,73.99151250458468,73.78113083752758,73.58136196600934,73.41343090198465,73.26919135963738,73.139085684819,73.01604211300564,72.89994519111875,72.77675452155655,72.65104204927371,72.52439268842507,72.38893839953607,72.26017419212087,72.08110757292178,71.91420952018423,71.72858237662483,71.51967393483397,71.28157088092505,71.00180995074803,70.67321952453781,70.29542161679701,69.8500941496236,69.36172727631123,68.86645993560428,68.41701195899188,68.08412530716595,67.90677157351281,67.8711067332612,67.94341063482204,68.10121547241167,68.31907966429223,68.58805000585616,68.89820060426032,69.23408053081445,69.573677833341,69.89906001490365,70.20996510505752,70.51495398668568,70.79363588063175,71.06618511927192,71.33223972449416,71.57528624275022,71.7881213345697
52.81651874456413,52.78331544371682,52.78265984818683,52.7329096608493,52.6907544889909,52.696772468434595,52.704733458581295,52.72914149204182,52.76955615331916,52.821732167619516,52.881043266348065,52.94557217861813,53.022679615144604,53.11118564849743,53.21569625584866,53.32904614226994,53.44275885158239,53.55720430287592,53.66116218212531,53.76432658263874,53.86370530651991,53.95552999473116,54.042583245219724,54.12558917447216,54.140466759808334,54.286622540778666,54.35569239296331,54.386707861296976,54.44372440893619,54.50034732746963,54.5653778482213,54.60708903422521,54.638519290291235,54.65827864390785,54.66964756714944,54.67717566991325,54.68385437673021,54.68608403297555,54.66987307821045,54.65112490528554,54.62214703197113,54.587260286304485,54.552485889734434,54.558042927107074,54.505118256322454,54.458473129917195,54.416929145819125,54.41383391928702,54.4158352637835,54.43066579417322,54.45794630816273,54.51550874720218,54.5989898321104,54.708711284883634,54.837454239600255,54.97994428461837,55.12753325055791,55.272294490226265,55.40096427555076,55.50987486817384,55.46376508580831,55.437958412761,55.369124255727655,55.26400035136504,55.20409676047692,55.03295324653483,54.86662051398292,54.7052846284522,54.55713358811035,54.43822784281443,54.36357348954099,54.36837153324861,54.37530525535429,54.48466574610239,54.63338640009041,54.83446496927809,55.08018929834648,55.3384308458317,55.588867198145735,55.83862728857303,56.09510440421081,56.36204422491872,56.643212409745985,56.93090545356709,57.194142598882934,57.46182315313339,57.72247090876921,57.99207594239684,58.2692000362649,58.547269019149084,58.824118851079476,59.13302062090679,59.41129726154381,59.68266072754627,59.97515710492024,60.227678134483455,60.49349328804831,60.750153136841995,60.96576473330401,61.20428752331279,61.43636997179361,61.702415644153966,61.93355206146048,62.18627666797243,62.43068396478203,62.667420087536,62.89830652086108,63.12014886951996,63.33561378262976,63.553867674365755,63.782560981109924,64.01293595771463,64.2562997834623,64.53148431144352,64.78485228864471,65.03952690302486,65.2967692251409,65.55373042138403,65.812495637406,66.07807339812567,66.35670858658708,66.64603526349235,66.93338713728646,67.21137488614035,67.4872164205316,67.73601964626377,67.97195063400883,68.20346076139519,68.42637719541982,68.63650838205332,68.87211326219325,69.0979023218142,69.32760000007904,69.53540420866132,69.73078816260966,69.9454146785573,70.13513802687757,70.31263196085824,70.50238126773657,70.6839691622634,70.8408014637676,71.00427841209347,71.16918541075586,71.35500680846363,71.55483256135793,71.81071684886292,72.0362446727769,72.30568391246261,72.6017455545637,72.95931275227633,73.3752911460183,73.8001108518675,74.20188004220188,74.590130268055,74.96556210115877,75.32376500395826,75.6239312906769,75.8451976046748,76.06063592343588,76.31224323337064,76.4534580275367,76.55691562927318,76.61370376740844,76.63525339830622,76.59365808663739,76.56123952360689,76.5024412622389,76.43140292453215,76.35029108409108,76.25779229088272,76.18039013957944,76.12817264841509,76.12423856825964,76.18417120353118,76.29812234886903,76.46548020652472,76.68901797099322,76.92073245570774,77.13602655096373,77.31621345248047,77.44782661617538,77.53587389129358,77.5638185374803,77.53408371907891,77.43830881351504,77.28098997162787,77.07289021381304,76.82253922663368,76.56273093761705,76.31737601617506,76.09398930973995,75.84919579056655,75.63785090388258,75.50279017800982,75.38278890025134,75.29467335433482,75.2307845740095,75.18307087126425,75.14678700389854,75.118254905981,75.09157680806034,75.05237171400263,75.02329397944584,74.97941482818419,74.90564361389919,74.75683052734497,74.62130294577983,74.4678553813411,74.29141943304577,74.05482621730923,73.81632460540081,73.56587568579552,73.27376114611108,72.95402228643191,72.67377475509917,72.37311068363901,72.10123438768208,71.95571529853868,71.92836636573293,71.90603644205571,71.98353794411915,72.10455494565319,72.25283875195767,72.41357895669915,72.57951322048511,72.73710043622815,72.89047278468838,73.0276918444939,73.14448615531187,73.23375054866122,73.29341102715578,73.32128177770285,73.31944142981894,73.28028530933862,73.22983870809315,73.16570082039767,73.1310309900733,73.06088237978751,73.0834782332807,73.15848585906471,73.300154703659,73.51201638188918,73.76810004525008,74.01441278522985,74.2359252876944,74.39278888727546,74.50624006064277,74.54677494890032,74.52783541856923,74.42621156310462,74.25936814838674,74.04008507263211,73.79503561052228,73.53123586356361,73.24941322068676,72.98916923567536,72.71995665924122,72.54138096586257,72.37992250018128,72.2664123879206,72.18435452641823,72.11927182172334,72.06524479669534,72.0080029501995,71.91415523427376,71.86081555730426,71.78613708853062,71.67676427012647,71.561485148134,71.42489631770997,71.2071170219469,71.02705716881812,70.83239546393594,70.61606652321329,70.4113889068763,70.23663044072208,70.008803833482,69.79623272065346,69.6024735831294,69.49163066017842,69.3607516546133,69.24743725289588,69.15256901517252,69.07792348364457,69.01930621708713,68.97146437823665,68.92097162970585,68.86810544283881,68.77993770768713,68.67555143760121,68.48952124882929,68.25595788599104,67.94191074445018,67.6009123840276,67.24911901161383,66.9143395416817,66.61073614233145,66.36012726640668,66.14502762283453,66.0610326624373,66.02509899977306,66.05547191504185,66.13882831271582,66.25310753985758,66.40123898599548,66.57498227445947,66.76154440788441,66.95088588823565,67.1375356311591,67.31293541703434,67.50377602962794,67.67962918349234,67.85197073438873,68.0283312047413,68.21364772492547,68.34785085622653,68.51070725478826,68.64148136821193,68.76870884419992,68.88391500844412,68.98774994255191,69.15334771924864,69.2470648356316,69.35010842122804,69.45597672092204,69.56450199200569,69.72321742967206,69.87829164302144,70.04064315118691,70.2187608735156,70.40430023840128,70.59774803646678,70.79822745975272,70.99528249575998,71.18877889309157,71.36678548014501,71.53889542532336,71.7032308173072,71.84128231057942,72.01819237120499,72.1242560495852,72.26892802135598,72.3835892590197,72.48795434559756,72.5836268732754,72.67205050811829,72.75489101638138,72.82578796068456,72.90137790273089,72.97299644977579,73.04148550222237,73.11744633681856,73.2262676426125,73.30824680195457,73.43851730785005,73.60596870749046,73.81671865439804,74.08571418227451,74.39975962101869,74.74969791028717,75.10751792654135,75.45476450343477,75.75647559335297,75.98673657999251,76.20366732324395,76.35906461763562,76.4961541546443,76.58794714259933,76.69775497357428,76.7030159531102,76.66416301133646,76.59136462879862,76.4951959382619,76.38287661216363,76.26369937853664,76.1608288586457,76.06402793319096,76.02042123846445,76.03996399104736,76.13530453992077,76.2878152168551,76.4816170933875,76.66184482435185,76.82000940905489,76.92870099153544,76.9727996861519,77.00225892689332,76.94521417063108,76.82868419887255,76.64857027918049,76.43542595929004,76.18130428591415,75.90389850572977,75.60283563701616,75.27739305425526,74.94678228519466,74.63933106585785,74.3290732391906,74.04100872894278,73.8243673526161,73.6191557297586,73.44739028837505,73.30098456453007,73.17029290037335,73.04796461219026,72.93331449720726,72.81127844687808,72.68762329098175,72.5639843779897,72.44274052101744,72.31978936172608,72.13187372424117,71.9682935313041,71.78640678626937,71.58208270901666,71.34943623690714,71.07391452213857,70.74987436452234,70.37492769098183,69.92859829917776,69.4330427203956,68.92205878157544,68.44941410556623,68.08963294886809,67.88591894661006,67.82603750304733,67.8795488381342,68.02048790999349,68.22709798665456,68.48815254625804,68.79361926508547,69.12774958161889,69.46797024906962,69.7954402611698,70.11030611251248,70.41834742650036,70.7108738531194,70.98716501721447,71.2558736986297,71.49159415629885,71.70616616017669
52.80221747442594,52.767726729923545,52.76461051191859,52.7123967735347,52.66665309329721,52.668445532315495,52.67232333353381,52.692853373679824,52.72943737478119,52.776782854943626,52.831346877654795,52.89146117656975,52.96486433107584,53.05064724485917,53.15340502194488,53.26732366765608,53.381086135487905,53.49625686771798,53.599452408987744,53.703989744373246,53.80576600966567,53.89953000218226,53.988899900651084,54.07465117739983,54.09986294704375,54.25134793525302,54.322816304974495,54.34678773258617,54.40636610463217,54.46581535274088,54.53218585038384,54.576956408014375,54.611492394260225,54.63437432626489,54.648698608236614,54.658835001471004,54.66773894059428,54.67175102998583,54.6555273757532,54.63775457311636,54.60914881911493,54.574005534695395,54.53793656545347,54.54157388645716,54.48576924606697,54.43760215143598,54.39270804627514,54.384722586532774,54.383129619804656,54.39334277317499,54.414447484650225,54.46747688269558,54.546561848648636,54.6524536989374,54.778435875297035,54.92045708443214,55.06935372777772,55.21722134663252,55.34990528397347,55.47733899350957,55.43454426407011,55.415742677591986,55.35279928076048,55.25187877270083,55.19981770976175,55.01836732763112,54.85204815185697,54.688929438457585,54.53517166328279,54.40539215792778,54.315797125348425,54.30594787316161,54.29616441297216,54.38991030837031,54.52509156008774,54.713829192535464,54.94923853962669,55.19958138139572,55.44487228737573,55.690968406632166,55.94480974301697,56.209824102054895,56.489420430903785,56.77584166476776,57.038541010506876,57.30566723699382,57.566185800194205,57.83587916676694,58.11332697599745,58.391932607406176,58.669806620157495,58.98079039184379,59.26079030224775,59.54154039391107,59.83496337079784,60.088510077138984,60.35529961203935,60.6127677535907,60.81939404570784,61.058219666677545,61.29030602785042,61.55701901421486,61.78770458745292,62.03978997327825,62.28356821487466,62.52023846630541,62.75056649078196,62.97140990804853,63.186137838542905,63.403403256187886,63.63064659761995,63.85883021178295,64.10080764253975,64.37429935197217,64.62666339246289,64.87966968094551,65.1359828004882,65.39237361351213,65.65091002195072,65.91658133500073,66.19558543132798,66.48607339007594,66.7738876444081,67.05318573262198,67.32968621811848,67.57948903089063,67.81702704035077,68.04972759394752,68.28039897743328,68.48585551474183,68.72344600293385,68.95126512035966,69.18962643557185,69.39979396977577,69.59718440749383,69.81505401340638,70.00502867872139,70.17922424734371,70.37088868906835,70.55429008165395,70.71315626510751,70.87730959928398,71.042560281766,71.22806078438946,71.42568959276805,71.67733937021612,71.89960706613435,72.16575000846748,72.45796575324268,72.8138780073325,73.2318082537145,73.65956099694591,74.06689891642982,74.46251660609757,74.84616716091537,75.21678741461565,75.52806784497142,75.76182215278841,75.99109317255771,76.25410712601406,76.4076568315882,76.52364454193035,76.59061577696059,76.62242222768306,76.58578746133412,76.56093204472533,76.50720185783854,76.43890709234962,76.35780145061698,76.26176076781532,76.17898949012996,76.11889728995143,76.10566707332292,76.157118869854,76.2631460155343,76.42453164770092,76.6482585497709,76.88269060693584,77.1034794413772,77.29175253965799,77.43273095991724,77.53266476200211,77.57215885907057,77.55383555183225,77.46874701480016,77.32013010908967,77.11875031789575,76.87258017172587,76.61317198627135,76.3668960612737,76.13719983360092,75.88661170986781,75.66881266243684,75.52774136745288,75.40176066815994,75.30889279577372,75.24158999686323,75.19194636769669,75.15517480599715,75.12769464532633,75.10332473457346,75.06812241113258,75.05180206533738,75.01523112029037,74.94899599174877,74.80057223041165,74.67006743789047,74.52035614824543,74.34675969762745,74.10508350510321,73.86859031491832,73.61900320779857,73.32515611228492,73.00037721386371,72.71211496466007,72.40008625879128,72.11339244552374,71.95134792561245,71.9078365034285,71.87443405913577,71.9425251936013,72.05751796358363,72.20323971407834,72.36343766246011,72.53252451582864,72.69287461646759,72.85124658913536,72.99320549364052,73.11521498585208,73.21076194402262,73.2776011404023,73.3123395265016,73.31585370888145,73.27829433483669,73.2292314057746,73.16445465801047,73.12734497251196,73.05185421510974,73.0641113292728,73.1299937561261,73.26429273236232,73.4716787160333,73.7292188346844,73.97876603873308,74.20742295790683,74.37665921823537,74.5021457293526,74.55562418598952,74.54804301926025,74.45843737388282,74.30111872208367,74.08881853578394,73.84763688958252,73.5840956381694,73.29782451364923,73.03182345951845,72.75572698772876,72.5705327093854,72.40271496335858,72.28439981818211,72.19899540201367,72.13232130178652,72.07847613824373,72.02219787070692,71.93147296771531,71.88208416084481,71.81088714468264,71.71513564628661,71.6055642310047,71.47461656278698,71.24982234950218,71.07299871060678,70.88058137427849,70.66353194154306,70.45993726474033,70.28151882688769,70.05112637759487,69.8344380634398,69.63539186469912,69.5190341121576,69.38278129699064,69.2645996338655,69.16583725656524,69.0887768989261,69.02937504456389,68.98245397193836,68.93295625996598,68.88516352658607,68.80200892235108,68.71710501826101,68.53812232902749,68.31051882964381,67.99093887931532,67.64997427418061,67.29470634979569,66.95169301404373,66.63625498332286,66.37017786750293,66.13718839713377,66.03523088665172,65.98430691360521,66.00089477505416,66.07294095778632,66.17967272009926,66.32228099432224,66.49196811544252,66.67583172611222,66.86379387807808,67.05020755895214,67.226501511882,67.42059199549102,67.59821933064148,67.77269578004483,67.95969945150767,68.15052832254756,68.27742684082531,68.45156092063458,68.57749327013785,68.70712805553892,68.82380229468257,68.92669644469905,69.09253762661152,69.1851108788563,69.28658396851029,69.38961300494226,69.49530143275433,69.65018477824034,69.80185749786907,69.95971242096354,70.13507251925904,70.31872028455057,70.51112198405396,70.71148678315004,70.90925431404781,71.105066704863,71.28418675076682,71.4583481097025,71.62519237855935,71.76677109260282,71.95484024864197,72.05427382719705,72.20078263344541,72.31793434275508,72.4245285372466,72.52212662398871,72.61205943052084,72.69590950655153,72.76577224174929,72.84122745447813,72.9119451705623,72.97870598577914,73.05294207203156,73.15830630499687,73.23608165808216,73.36257556562241,73.52589414860346,73.73187860313591,73.99696839453289,74.30748890124183,74.65712286127705,75.01664796741943,75.3689734836988,75.67615193850651,75.92200891770544,76.14955303113776,76.31729885235235,76.46728604847088,76.57110444929414,76.68218941741874,76.69778681960149,76.66780112904152,76.6020290574625,76.51064707381377,76.40058720629098,76.28042004468136,76.17450759566896,76.06979789431227,76.01755206855621,76.02721848511344,76.11369659134289,76.26032999050115,76.4545991867361,76.63887648880988,76.8042683186952,76.92209430490003,76.9793920695633,77.0200754073814,76.97537295615282,76.87075366246977,76.70017450778587,76.49642880511503,76.24888547797029,75.97592007326249,75.67692838388741,75.35079026038517,75.01692669126197,74.70282479536769,74.3868828942167,74.09332909809382,73.8697578104264,73.65856891067311,73.48227777141217,73.33298505321119,73.20105119167256,73.07888293669687,72.96524770711703,72.8442081783938,72.72256680378625,72.60194120715789,72.49417067693689,72.37672994955365,72.18144314542806,72.02144805000127,71.84361602116785,71.64424751462393,71.41748186931578,71.14688136072046,70.82798669668513,70.45652339831506,70.01003044556113,69.5083501452265,68.98293910977664,68.48830617381978,68.10233645471449,67.87229070101235,67.78768955544024,67.82145903975753,67.94444342785074,68.1385951389408,68.39062501328823,68.69050512038412,69.0222151858187,69.36248674820742,69.69156701361193,70.0099772488633,70.32094718495435,70.62673547197154,70.90684667911192,71.17854539925587,71.40818311339264,71.62497472921591
52.78959373603086,52.754143007776314,52.74828822265929,52.69415305152003,52.64534169368143,52.64269903173904,52.64241469940682,52.65888896636042,52.69134092483218,52.73355362843128,52.7829943561857,52.8382909874155,52.90757012074133,52.99022144166698,53.0908144144774,53.20471974359771,53.31813070865093,53.43366005322614,53.536004475655915,53.64166424097665,53.74555176435236,53.84110183513139,53.932662005775484,54.021040429189014,54.05804478575502,54.21219307092168,54.28612494894357,54.30489516892883,54.36730662305486,54.429744972922194,54.4973936040402,54.545463791023074,54.583367141424304,54.60966022518322,54.627241629332566,54.64026280739544,54.65163919144316,54.657688874290045,54.642010411758044,54.62554291051614,54.597712412077996,54.56265673417473,54.525582120574164,54.52676730285029,54.46865260732075,54.41932320596553,54.371533526023384,54.35857360232965,54.35316419927153,54.358532789860284,54.373345003912185,54.421333930653226,54.495402251224405,54.596742056311996,54.719202962632046,54.85990797170352,55.00931560440136,55.15961236241073,55.29592817488398,55.44051137388949,55.40433547752617,55.39346894608342,55.33736038912472,55.24158938189459,55.19517034424321,55.00613871817642,54.84120785275957,54.677534556954036,54.51919413925788,54.3792159101595,54.27501704421497,54.25002061759003,54.22378822373491,54.30115915355528,54.421992583092944,54.597501420865306,54.82169542885417,55.06334074817238,55.30278187208666,55.54461021675667,55.79529394779554,56.057941551164625,56.33561471920087,56.620507788999866,56.88247586660926,57.14890409404237,57.40920249719957,57.678956419136874,57.95674424580023,58.23594057154959,58.514897648210415,58.827482698490506,59.10916908801965,59.39901945474671,59.69341556521594,59.94800466692106,60.215768326248195,60.47408851297154,60.67326339818921,60.91255154573697,61.14481512113009,61.411630008075555,61.642098488092124,61.89375011553024,62.137086344409596,62.37379976847909,62.603696802991024,62.8236924242931,63.03778975029595,63.2541580845472,63.48002991895797,63.706120792971355,63.946685939815964,64.21790115626604,64.46900278428934,64.72018591518787,64.97535090308324,65.23095858841288,65.489067852981,65.7546533398886,66.03387215402445,66.32532692882162,66.61357127764688,66.8941649310055,67.17113171852795,67.42176020539546,67.66074819091911,67.89457841040952,68.13251686944668,68.33441480233742,68.5740627154426,68.80397538293757,69.04999830598115,69.26243353503493,69.46182192965668,69.68280228335999,69.87329778086138,70.04521672705711,70.23895643616179,70.42434579403736,70.58538560041076,70.75059484403188,70.91652064030376,71.10189138488414,71.2975399536337,71.54447206609294,71.76372202748868,72.0262305806324,72.31407201857017,72.66750251177069,73.08630351327602,73.51631768003246,73.92856268369515,74.33098096056847,74.72253661158915,75.10516090710739,75.42740775899202,75.67438165315443,75.91773913674632,76.1903156820211,76.35653868778897,76.48561336800526,76.56366835748057,76.60649914981562,76.57649851878473,76.55993620935398,76.51207316319972,76.44721177996634,76.3667508314133,76.26791814439086,76.18018163520159,76.11242841274893,76.08974237866437,76.13197876387325,76.22917087382925,76.38354345911378,76.60599725766382,76.84201302767208,77.06747753116596,77.26339623766518,77.41374520149843,77.52562382163022,77.57708801015622,77.5707633611743,77.49710318354549,77.35804440334829,77.16430758845429,76.92325587004967,76.66518112902256,76.41840792387855,76.18251421454113,75.92682103734695,75.70296186645301,75.55506200972903,75.42250292465509,75.32416447063979,75.25270806460533,75.20044618708991,75.16260782121455,75.13573802691434,75.11343219543993,75.08220737747038,75.07762054146563,75.04781771619798,74.98872166022589,74.84209455118692,74.71700705252083,74.57162836170383,74.40162999051712,74.15693064990492,73.9232123541164,73.67517356343492,73.38027759481174,73.05112222347557,72.75477343555517,72.43210332269847,72.13094112704736,71.95188520130499,71.89058319246135,71.84608973869085,71.90364714879092,72.01159609208204,72.1538627447243,72.3128421659882,72.48442352509413,72.64720061842223,72.81021537935885,72.9567628885072,73.08398573217323,73.18606803600453,73.26051744157209,73.30266746784858,73.31214698701106,73.27717122314226,73.23010552695246,73.16517445387242,73.12541336196328,73.04522522523061,73.04682502054183,73.1028973296448,73.2288245483048,73.43056828580873,73.68816787390925,73.94005902769136,74.17534805349283,74.35710139767819,74.4947512270994,74.5615270803415,74.56563588122577,74.48880755462422,74.34190870539058,74.13752253075857,73.9010604534892,73.63849414016309,73.34859877904427,73.07710136029722,72.79462659081108,72.60197353323349,72.42728267762347,72.30340536792589,72.21381628894854,72.14481805113941,72.09059608453552,72.03498868231334,71.9476030760715,71.90169649760908,71.83377173756742,71.75084850494812,71.6468550620643,71.52156568132992,71.29242299468443,71.11941750503937,70.92984599740996,70.71295895691719,70.51061213630523,70.32830364920517,70.0958970537026,69.87550531468564,69.67142679640808,69.54854420089136,69.40646593500445,69.28287690804818,69.17962230393086,69.09954858943125,69.0387826118309,68.9922277385606,68.9434346394783,68.90025792939824,68.82213255483829,68.75545538601608,68.5842150927973,68.36348231732858,68.04091027553321,67.70154708794058,67.34417244662693,66.99399838119712,66.66738669542349,66.38606804954671,66.13565519009785,66.01509032772309,65.94854163412994,65.95054694867662,66.0104211664261,66.10874237488856,66.24505694302691,66.41003108198703,66.59065369777147,66.77680553281594,66.96265743762194,67.1396857691766,67.33657754427557,67.51588359588551,67.69248088172898,67.88936599012702,68.08526431491573,68.20652552367045,68.39128165408997,68.51368977454462,68.6460914636392,68.76462802245896,68.8672355159379,69.03252213165888,69.12445531750001,69.2247548403288,69.32529572446674,69.42835693157213,69.57886744788102,69.72676805575222,69.87989261370281,70.05203151599098,70.23331304350603,70.42422548916358,70.62409246370477,70.82227227483318,71.02005215892865,71.20025230102313,71.37642478315927,71.54578401341247,71.69132301423443,71.88925814078368,71.98386794092445,72.13211124609187,72.25205953445064,72.36121630449827,72.46108296371536,72.55287296922849,72.63807453896514,72.70748719449129,72.78308974870656,72.85316719232985,72.91843792887633,72.99099893844904,73.0925878434957,73.16655387542063,73.28906092414479,73.44778473452676,73.64838836513417,73.90859907077589,74.2144850258054,74.56247436673216,74.92265543524864,75.27930418162397,75.5916495796294,75.85388663391694,76.09226525600552,76.27330417181199,76.43649601769721,76.55275526475802,76.6639520338289,76.69047876286814,76.67006426396657,76.61205040654606,76.52620130844771,76.41914630897486,76.29875755672516,76.19023774043237,76.07831042039349,76.0174248075627,76.01664429137348,76.09319209764159,76.23258622573593,76.42571381311112,76.61297074288107,76.78481776859881,76.91153332173329,76.98225213608588,77.03396334650242,77.00214973220768,76.91003458569362,76.74988381507615,76.55615498222396,76.31595169563376,76.04811860368304,75.75184719643576,75.42559570171873,75.08898828052182,74.76864510219181,74.44752127975705,74.14866720917821,73.91748027652191,73.69975949984179,73.51821317579163,73.36526691683018,73.23138909798938,73.10878431616729,72.99569831868422,72.8754918790565,72.7558196761647,72.63820329270256,72.54288542113122,72.43057768955966,72.22974877393975,72.07361551274887,71.90015809752055,71.7061112309459,71.48563073619658,71.22061223500856,70.90742534582108,70.5400537798789,70.09423520554773,69.58754801994202,69.0491277433178,68.53382576673549,68.12246743311617,67.8661789522584,67.75639180830815,67.76944306958717,67.87337099625033,68.05379751618624,68.2956303762073,68.58896617130009,68.91754263272671,69.25724907805503,69.5874218212969,69.90891105216076,70.22267419330441,70.54085106652909,70.8248491613141,71.09990506134045,71.32501488794098,71.54453202501438
52.77845585099528,52.74237305420847,52.73355576007828,52.67803096966325,52.62667430263973,52.619449085746645,52.614978919387774,52.62726732059604,52.6553197985558,52.692129315941926,52.73608860109521,52.78616108215094,52.85088203147593,52.92997602136357,53.027972844705346,53.14123372349099,53.25386679533957,53.36936291944496,53.47078043614463,53.57729361765467,53.68297639682896,53.78014811080553,53.8737637037156,53.964645116259405,54.01491347069989,54.168834094886286,54.24534039000951,54.26097921419211,54.3265030364446,54.39209119889026,54.460968076555424,54.51256646435463,54.55408352890789,54.58405837307365,54.60517944092604,54.621342967456634,54.63542256834895,54.64375063776335,54.62914752573363,54.614302852072264,54.5876382767557,54.553007894453806,54.51521958164071,54.5134862574476,54.45361829518116,54.403486812402804,54.353269051679966,54.3353184318809,54.325945705082255,54.32630653680035,54.334763702167116,54.37721357207294,54.445633589234255,54.541671100380114,54.659812599081995,54.79829648664706,54.94736108682183,55.09935596516886,55.23889254285481,55.398898757676655,55.37304679276558,55.371072957536995,55.3227517973697,55.23306368400111,55.18980751727004,54.996134756210644,54.83388027910187,54.670805151322654,54.50890985238154,54.35956610039899,54.24142880976422,54.200862027802515,54.15851857888811,54.21873676789763,54.32437832498693,54.485734686725394,54.69777488341656,54.92988735359896,55.162731564751155,55.39965035675234,55.64662154096998,55.9064331518682,56.18181121348653,56.46490697549256,56.72593951492674,56.99151870247258,57.25150153480932,57.52128810194593,57.79943390597453,58.07927828065354,58.35937711419004,58.67303432906959,58.95635732243052,59.2547952242931,59.550223697029445,59.80589401075056,60.074650284933355,60.33388852260497,60.52737352109691,60.76728153171894,60.99989112462961,61.26623801352297,61.49672723167601,61.74815543634012,61.991242917064994,62.228108237940276,62.457703385824665,62.67700799335127,62.89058875942519,63.106163493310284,63.3307579255625,63.55487847185885,63.794014751095744,64.0623520113578,64.31192112569363,64.56112725827829,64.81491539256103,65.06951629078772,65.32698930445254,65.59229951231585,65.87156986031097,66.16377914560906,66.45242240491804,66.73429116805633,67.0115225977977,67.26279468677242,67.5030690426004,67.73797860765109,67.98260595733167,68.18218343433888,68.42395856422112,68.6560233988597,68.90872707854925,69.12335432931043,69.32473371839228,69.54869472782318,69.7399635291753,69.91056998600192,70.10653293404287,70.29407225598726,70.45741565497507,70.62403818409821,70.79095383595173,70.97638142151806,71.1702661325741,71.41205800101613,71.62853211424977,71.88711039884909,72.17010284065184,72.52027964043393,72.93889626411993,73.37049133973163,73.78695871895748,74.19561937305839,74.59480971080508,74.98903504452531,75.32207670363044,75.58287355785286,75.8404976283738,76.12100152982126,76.30019799056187,76.4428677779651,76.53284358817136,76.58741300922453,76.56562169681554,76.55804599175866,76.51681882535439,76.45606709534331,76.37688792434331,76.27601295165286,76.18374146758663,76.10858662058635,76.07640378344162,76.10882944439466,76.19632757593467,76.34263850272382,76.56227373073395,76.79867609520811,77.02795753122173,77.23108547759763,77.39087633213029,77.51481124498768,77.57864553467533,77.58484755970913,77.52329845232649,77.39460085313208,77.20938462959734,76.97435544406288,76.71852337230527,76.47168991301645,76.22976449691217,75.96966534634237,75.74021836193693,75.58480585287629,75.44511909269264,75.34058261300551,75.26420176891055,75.20859768128518,75.1690818112827,75.1423551158439,75.12185521304387,75.09457596779811,75.10049623970743,75.07690619187133,75.02460788766497,74.8813144383155,74.76206182491318,74.62160171048018,74.45592739501572,74.21016839198671,73.97995645938589,73.73413070675386,73.43886779780433,73.10603916371487,72.80165726518808,72.46923490026053,72.1541186461386,71.95758019277682,71.87677512985742,71.82120882129803,71.86705442407556,71.96688898115812,72.10475739401107,72.26180940657841,72.43517105354117,72.60002081483076,72.76728813369726,72.91826202303449,73.0507201484653,73.1596310128141,73.2421229591022,73.29219955076948,73.3082196207536,73.27676982349736,73.23229625810966,73.1676943936931,73.12512360512586,73.04090124650484,73.03163586605471,73.07729045006705,73.1938528548712,73.3887545019072,73.6449338672769,73.8982491496658,74.13966116258673,74.33410500471865,74.48407544505633,74.5644817749416,74.5805839323327,74.5172288048828,74.38159080951233,74.18600819325285,73.95509338113412,73.69421490367623,73.40151978168957,73.12482692259917,72.83652630279639,72.63571720069771,72.4537114364402,72.32352026445582,72.22887840152839,72.15678211828674,72.10158988764029,72.04634654737409,71.96252391580173,71.91959313704362,71.8547329337058,71.78371263084331,71.68523413939495,71.565688921058,71.33484797416189,71.1662077453458,70.98005326533021,70.76417953808401,70.56325550133958,70.37688531139705,70.14302793696821,69.91938793690495,69.71060118483582,69.5802378934456,69.43190536315743,69.30236338170367,69.19399386716275,69.1102750755441,69.04752799513207,69.00074352002167,68.95235291827665,68.91328325669645,68.84020028885818,68.79020353840635,68.62749892149256,68.41463035230481,68.09168958726245,67.75544465412025,67.39730834526992,67.04109985787821,66.70411693480297,66.40794711533371,66.14069926173919,66.00088276376368,65.91806013704158,65.90466238773375,65.95147340564152,66.04047705920823,66.16968588186923,66.3292551854036,66.50606522625901,66.68995149993532,66.87489608141294,67.05248527506805,67.25167815795352,67.43256050534386,67.6112635740803,67.81706094118347,68.01754014803979,68.13511067656334,68.32969046946062,68.45002924147985,68.58554399456196,68.70631797545755,68.80927049857544,68.97324687173024,69.06503788069975,69.16457156789647,69.26300204592798,69.36367717171163,69.5093071510977,69.65308134838138,69.80126250274233,69.96971052079068,70.14813480797558,70.33709281961414,70.53605344822348,70.73432215856913,70.93368470070212,71.1149321092109,71.29307150696005,71.4649493629934,71.61489486155831,71.82119941743964,71.9130062266763,72.0628754447843,72.18592143196378,72.2979650137082,72.40043011426697,72.49441016319638,72.58129041449094,72.65082386265631,72.72684967456988,72.79655020912,72.86058314095467,72.93154551133108,73.02908877609633,73.09968978281958,73.21804692329866,73.37173898837953,73.5663597453719,73.82069712468918,74.1208069018598,74.46574347760496,74.82548191272097,75.18566084298597,75.5028909439734,75.78230676712158,76.03174000556085,76.22688582907699,76.40351624199113,76.53257577097102,76.64298122527731,76.68098423849304,76.67080173249906,76.62124240025153,76.54164524520972,76.43832298041289,76.31847183899237,76.20779748962632,76.08935376707474,76.01990487758674,76.00824036566338,76.07389929763598,76.2047068889094,76.39501028797207,76.58412237390665,76.76162847747725,76.8970253444401,76.98141643872846,77.04400104927932,77.0255744382407,76.94649809458294,76.7976050685777,76.61447331550777,76.38233714589052,76.12030697264471,75.82739387668266,75.50161237187905,75.16278024001453,74.83663393080786,74.51087409118759,74.20701352546874,73.96762931719745,73.74286015763454,73.55531186564824,73.39790500839241,73.26133735841333,73.13765848733567,73.02462560969639,72.90508507059931,72.78733741962314,72.67272418600395,72.58860434562308,72.48103666011896,72.27675532090417,72.12476177452622,71.95598161022227,71.76759368563343,71.55376922407245,71.29495128150938,70.98800483407967,70.6253122144351,70.18098539014149,69.67039815259541,69.1204761352768,68.58607470175596,68.15025749248402,67.86787581588682,67.73247317951936,67.72380275751833,67.80755958545909,67.97293151342616,68.20333160427577,68.48911041897709,68.81379721165575,69.15227898591297,69.48298623329156,69.8070400604556,70.12344938280731,70.452858371786,70.74083791356311,71.01969576920413,71.24204530022595,71.46479075699037
52.768609579130626,52.73222409057528,52.720273108109254,52.66387616116224,52.61048522547883,52.59857396325387,52.589922157795066,52.59792646622404,52.62135093527279,52.652527159283615,52.69069093590825,52.735165476274425,52.79490436907185,52.870007200258485,52.96495550833568,53.076902512336844,53.1883114225401,53.3033634403351,53.403791949643264,53.51088746634933,53.618050124949285,53.71669819739331,53.81225764778924,53.90554051603114,53.97034409060276,54.12138852456175,54.200589723564704,54.215065515908236,54.283952385481804,54.352830883926536,54.42289791912086,54.47822988856381,54.523583867179305,54.557487293931615,54.58240829754157,54.601954268799524,54.618953777546785,54.629788231552226,54.616763558711575,54.603847092923395,54.57872603398873,54.54485191187811,54.50664285600568,54.501590536949685,54.44050982420683,54.3899296124448,54.33774243261159,54.314821116843746,54.30137727652598,54.29661249157809,54.29869459849345,54.33516277547331,54.39735074462939,54.48736284369329,54.60038118194467,54.73569726650077,54.883512283663634,55.03643637103596,55.17878981869573,55.352336105118184,55.34054564062909,55.34835414752923,55.308690018522974,55.225940559503094,55.18363119107948,54.98812679734623,54.82976111554366,54.66838161696309,54.50393039496416,54.34606627991033,54.21478923547103,54.1585214621572,54.10061598215263,54.14295493598988,54.23253751578198,54.3787820225735,54.577691820701496,54.79939960511269,55.02485697784186,55.256186464424964,55.49885704496372,55.7553354837858,56.02802585261004,56.3090423734749,56.56892430319598,56.83349604047794,57.09306344804753,57.36285461763338,57.64137832592587,57.92193339006141,58.20323556538301,58.517403730129956,58.802324138836205,59.10872373855216,59.405301434219616,59.662155355433946,59.93195633164332,60.19219114769606,60.38169027008657,60.622364955249786,60.85547960072062,61.12083568418824,61.35157275866387,61.602979418861565,61.84600476499848,62.0831273134658,62.312546198626784,62.53131288677175,62.744490066204165,62.95937574157558,63.182790480101076,63.40506945702312,63.64277087960655,63.90767191657193,64.155453841963,64.40254001862398,64.65473018399913,64.90810503041044,65.16473485493006,65.42958077993033,65.70873805023207,66.00148492742636,66.29048905948108,66.57359984078194,66.85089415467242,67.10263426116705,67.34404199111094,67.57999000779076,67.83073841995518,68.02917328662888,68.27313398541914,68.50739971703945,68.7658506018512,68.98259391081291,69.18595332682665,69.41276663862578,69.605044119541,69.77524461018163,69.97356660773755,70.16340542407738,70.32917261409804,70.49754365724385,70.6657472182925,70.85141370586138,71.04375061564261,71.28003990191648,71.49397697472284,71.74836783360648,72.02608999327745,72.37230564942479,72.78974899004649,73.22226995935429,73.64228762496876,74.05663657829228,74.463175724026,74.86856632447916,75.21220034977846,75.48729531896362,75.75929245981229,76.04629729784402,76.23872913432967,76.39545344227706,76.49812354823602,76.56509265043059,76.5529874332529,76.55505536620527,76.52120249133456,76.46522314644153,76.38796142727027,76.28579372064483,76.18944388007742,76.10718746812788,76.06552422966493,76.0876341041574,76.1646752717015,76.30194386666629,76.51723561532692,76.75281984086529,76.9850685550018,77.19499547706924,77.36428378725358,77.50033526672374,77.5768739688996,77.59606856004075,77.54725395371865,77.42966745716927,77.25380404543347,77.02566801622325,76.77296372255424,76.52652033771417,76.27878244796817,76.01496995084953,75.7804116972104,75.61689734411362,75.46960961518963,75.35820618216296,75.27616181494749,75.21650413593156,75.17470177483445,75.14764500380511,75.12868066728929,75.10529620144683,75.12049004665442,75.10260268904642,75.05679330964882,74.91826801989254,74.80522743165987,74.67022734295904,74.50955610532205,74.26459317507306,74.03858576637772,73.79561523734894,73.5006553758914,73.16485458586786,72.8525521130241,72.5112849723974,72.18292142762526,71.96862648131159,71.8665804815293,71.79999654316875,71.83289763384278,71.92349628082144,72.05597321205423,72.2103563235258,72.38472796603634,72.55128112854207,72.72240205600498,72.87769822508115,73.01547377472458,73.13148757946546,73.2224046728961,73.28087241446028,73.30396633462423,73.27693382701707,73.23562663408481,73.17183338205002,73.12634699663758,73.03874157935374,73.01847501919252,73.05319158132572,73.159478294462,73.34637997590235,73.59965836361764,73.85349637200443,74.10054020783747,74.30779371064489,74.47018674302373,74.56449211805503,74.5928571875969,74.54360782421249,74.42001774565387,74.23408665896362,74.00952275140907,73.75104146284025,73.45637128640284,73.17482070423435,72.88125183402613,72.67168523265337,72.48198935968938,72.34479787064083,72.2442767995015,72.16831127518735,72.11154425494664,72.0563479741778,71.97628379513479,71.93582646389001,71.87384703205522,71.81382456204999,71.72080614203634,71.60707830424121,71.37701877054806,71.21325265286912,71.03105361556288,70.8170035494861,70.61768422387297,70.427136802861,70.19237721661042,69.96593940342423,69.75277713720635,69.61408566234303,69.45912644819039,69.32313102811688,69.20904309481843,69.1210392589988,69.05567030298701,69.00803403229033,68.95974290291059,68.92426595327827,68.85625484308738,68.82140115537732,68.66802296517507,68.46395676449539,68.14312130678947,67.8114279909497,67.45382106267465,67.09268507710345,66.74616323404453,66.43565577926711,66.1523839118707,65.99284136397765,65.8931171123053,65.86347504405016,65.89630214243883,65.97503732804101,66.09628686060904,66.24972443700284,66.42212121497161,66.60326242692234,66.78693430456956,66.96489715872326,67.16584419868678,67.34821348722244,67.5290387836363,67.74275128507225,67.94738431995575,68.06317675687286,68.2667917908548,68.38644669441861,68.52539456416007,68.64875853742896,68.75265632734057,68.91464472983736,69.00677140898985,69.10593411909994,69.20262454413663,69.30115650618515,69.4414613190702,69.58079781199496,69.72385489136994,69.88817711471103,70.06327759103674,70.24982782258583,70.44747116303492,70.64549617976627,70.84604574109062,71.02830089080516,71.20835732490175,71.38275017248208,71.53750521890274,71.75072535479988,71.84165514350029,71.99305163451344,72.11946931924584,72.23469710574842,72.34006549347133,72.43654589087205,72.52541282469362,72.59560841487759,72.67232400797413,72.7419061059003,72.80495321520104,72.87440710676617,72.96768379273958,73.03535879537742,73.14944429825049,73.29772374509845,73.48581946492197,73.73334866768532,74.02658117577096,74.36706953623069,74.72525619002718,75.08816018150884,75.41003735695844,75.70727537830362,75.96792359471098,76.177840411448,76.36807889423274,76.51024214991334,76.61921539423658,76.669195702059,76.66986285102661,76.6294187627811,76.55676548714578,76.45788628080277,76.33932281580725,76.22696503994119,76.1027149121483,76.02482950591896,76.00192674981842,76.05584479584309,76.17681900754509,76.36266663379627,76.55251397129842,76.73489901726498,76.87876356782932,76.97700613278222,77.05028990672966,77.04567786332268,76.98011531517659,76.84324513581684,76.6712526298573,76.4478760357266,76.19229805580085,75.90337022664966,75.57864326448933,75.2381157567805,74.9066275658823,74.57677747834254,74.26821714756942,74.02014582314239,73.78788586672876,73.59364390388427,73.43098809034753,73.29098163830939,73.16557676238604,73.05210523125838,72.93306252157053,72.81718793358728,72.70556914098447,72.63137854410738,72.52819254662406,72.32247410325654,72.17486755682756,72.0110353534684,71.82861079486425,71.62178084887039,71.36974067382624,71.06953887635342,70.71209154897682,70.2700520335817,69.75664610411422,69.19669745029091,68.64486608291487,68.18585984758535,67.87767298165502,67.71626258694215,67.68483993344621,67.74729816574394,67.89622352569573,68.11389166675417,68.39104586455893,68.7110442119187,69.04759821908186,69.37824179866277,69.7042981048141,70.02322265914907,70.36262552247442,70.65479275383771,70.93792782339105,71.1592207352754,71.38566307368816
52.759860680248345,52.723503338231936,52.708300250685845,52.65153425921486,52.596608767505444,52.57995193317627,52.56715035025894,52.57080275430394,52.58940770724516,52.61475757667991,52.646851932026664,52.685395139994874,52.73976372374043,52.810466283947356,52.901925500598175,53.0119050237894,53.12164933611856,53.23584926504898,53.33522149302542,53.44263238168671,53.55096665023252,53.650943862445516,53.74832831876384,53.843899992842005,53.92420324017073,54.070065860635935,54.152056702683055,54.16718611606524,54.23965337811642,54.311941266717334,54.38317191850483,54.44241954141299,54.49181046729413,54.52986551174916,54.55882445370367,54.581975498569044,54.602097525271866,54.61565356680316,54.60468335172352,54.5939883282082,54.570775304617776,54.53798168279314,54.49964585102169,54.49093992805712,54.4291707089564,54.37848824778859,54.324781478184896,54.2969456597169,54.27935978266357,54.269389514181746,54.26510771888023,54.295205973168635,54.35063670374494,54.43395973692249,54.541102333964844,54.672343275265945,54.81802169919904,54.9711163700649,55.115883573774035,55.30113834833342,55.30665093627929,55.32500503933875,55.294783495936585,55.21977887997414,55.17657464051393,54.98188283081529,54.82854592946861,54.66990434927492,54.50386735931235,54.33833492867594,54.19473482122413,54.122739968424966,54.04993308148216,54.073875505233715,54.146670666669685,54.27688502604667,54.46166110877445,54.67205591015084,54.88929372383147,55.11431617758032,55.352064982200176,55.604685126537625,55.87427457542071,56.15291713217599,56.41142282338341,56.67482381148309,56.93387909126555,57.20366198659235,57.48260582874226,57.76395105253198,58.0465217037501,58.360666817095385,58.647155319413216,58.96089947667284,59.258740809435146,59.51687336966069,59.787762592377206,60.04906373495774,60.236175030009385,60.47775353523302,60.71152358745973,60.9754157960031,61.206616575915724,61.45819440647016,61.701336654387404,61.93881811917583,62.168182603625525,62.38656012710446,62.59944427054908,62.813743821342904,63.03607590117797,63.256640924102285,63.49290613934021,63.753867603997044,63.99963039527295,64.24446802497064,64.4948554646064,64.74679826293477,65.00238772832114,65.26658652829127,65.5454683769114,65.83853896460556,66.12785715461861,66.41216448551505,66.68932662493498,66.94136383405531,67.183753341236,67.42069397850004,67.67700906205974,67.87539713361254,68.12158954124857,68.35809488700708,68.62140672446212,68.84018983775302,69.04551430808577,69.27505330759773,69.46855774783624,69.63920118559976,69.8400058822718,70.03228125488137,70.20058266307736,70.37101530122987,70.54078813690867,70.7268710494844,70.91787588889242,71.14836049572487,71.35999625721315,71.6099812553936,71.88206525023689,72.223676795076,72.63902452811085,73.07184366168019,73.4947554269261,73.91424011194918,74.327823923619,74.74391124457873,75.09790436832778,75.38764438856667,75.67404744343392,75.96633561451898,76.17222651351513,76.34341603140835,76.45949031687752,76.53946691795444,76.5384261659231,76.55075830695961,76.5249878081722,76.47443004122198,76.39972003805741,76.29700898241038,76.19706376546621,76.10804651003785,76.05697664593909,76.06834934269847,76.13425927145225,76.26158834243533,76.47109939411935,76.70470351818122,76.93907669813221,77.15536010654002,77.3341364144258,77.48230412589443,77.57181584910063,77.60440677477322,77.56889082029751,77.46311221418821,77.29738844007129,77.07698270898857,76.82826718620407,76.58267750699864,76.32939983496334,76.06256016486394,75.82337130997499,75.65125310638199,75.49595541713992,75.37708184152362,75.28869205535807,75.22431059012344,75.17963543983697,75.15178027502543,75.13406691639561,75.11449120517484,75.13776086027825,75.1250710167142,75.0854358476383,74.95299242598053,74.84649954935323,74.71745640752496,74.56242031563492,74.32000144288837,74.09886341074284,73.85936775481369,73.56536898370165,73.22729504122084,72.90724235701614,72.55802632341603,72.21713340622419,71.98495238517636,71.86015508194829,71.78261423453846,71.8013243695011,71.88152526202576,72.00757417554934,72.15852576210509,72.33311715198543,72.5010403416438,72.67566374955742,72.8351937284735,72.97833744639792,73.1016785602392,73.20134968667203,73.26862269811696,73.29928185313805,73.27750692481646,73.23991968971664,73.17741032352086,73.12895483113635,73.03860552375924,73.00727180240648,73.03061124723688,73.1258010168463,73.30362250349397,73.55258722597695,73.80606238715667,74.05821971019473,74.27830305025587,74.4531537360535,74.56156195794713,74.60242566203425,74.56785131216725,74.45704222502006,74.28156906358778,74.06413564320583,73.80875735178672,73.51293705800184,73.22690326301269,72.92862889484178,72.70979741499957,72.51209468077894,72.36728363062008,72.26011898627006,72.17955395077044,72.12062592920906,72.06515345098602,71.9889881450531,71.9505129426822,71.89122418880531,71.84131156640113,71.75368339038504,71.6458263534169,71.41885686645645,71.26043544895238,71.08269748563161,70.87124085556599,70.67371516793507,70.4789311129948,70.2438030690987,70.01501226676066,69.79781014211959,69.65004653466379,69.48813942222988,69.34524173133461,69.22487875263579,69.13198457868538,69.06337467777497,69.01427731996147,68.96577814953883,68.93338128653738,68.87043584315427,68.84923075264658,68.7058768100698,68.51146354651081,68.19504977088032,67.86925806732401,67.51341750928573,67.14843956873462,66.79322205377342,66.46893206717891,66.17047196061495,65.99092069368724,65.87383653015894,65.82718508539864,65.84510554042558,65.91258314996962,66.02497910749656,66.17152294505583,66.33887676968857,66.51677084746628,66.6987941864714,66.87695373355524,67.07912712259821,67.2629289420946,67.44589425680421,67.66655961201938,67.87493055771861,67.99072348501224,68.20260952407423,68.3228757289305,68.46555110714068,68.59183581869945,68.69724790485861,68.85664858861975,68.94956873478858,69.04874218260746,69.14405413455911,69.24068456126862,69.37528140932508,69.50991157770821,69.64769534303159,69.80749779682968,69.97884319714545,70.16255907678585,70.3584907556178,70.55594566841589,70.75729242809132,70.94049878506847,71.12240428051933,71.29928674105695,71.45918727444116,71.67794992823636,71.7697809771269,71.9226175382215,72.0526520482226,72.17133411011281,72.27988575917294,72.37915456330902,72.47029721415774,72.54166685336833,72.61932940245188,72.68904659624384,72.75135932191473,72.81940785224242,72.90824481198128,72.97342112670947,73.08314540845495,73.22568249628485,73.40677125902982,73.64663779176756,73.931973916268,74.26670188394704,74.62227167673079,74.98710175850645,75.31335859199162,75.62880992341273,75.90076249162375,76.12596450622571,76.32991614730213,76.48543058356496,76.5925929431793,76.65500560914892,76.66709693593675,76.63639321833703,76.57134863730197,76.47760527034214,76.36107041149415,76.24751858806736,76.11818083340633,76.03203591984989,75.99762315293907,76.03904996795595,76.14905039284429,76.32890843038066,76.51840744607468,76.70489050103569,76.8569618966469,76.96914393955406,77.05293130987094,77.06249079652443,77.0108573735135,76.88671088432,76.72636175016346,76.51240257212811,76.26390472880469,75.97957804835826,75.65649137317266,75.31480801786013,74.97846229208167,74.64506759105615,74.33212431039156,74.0749541588903,73.83481746249562,73.6332529645829,73.4646170816766,73.3204650486258,73.19270805110133,73.07832068702908,72.95959570703883,72.84551914632692,72.7368587831498,72.67136769653712,72.572205228117,72.36692015324482,72.22391381826476,72.06526812163911,71.88907847481607,71.68954912651742,71.44482258556242,71.15184118753487,70.80018463049726,70.36120617010764,69.84603743542611,69.27750110050007,68.7098734800751,68.22904761532102,67.89570467153797,67.7080764683666,67.65285642726597,67.69287570737177,67.82389994803026,68.02747353290303,68.29488050918935,68.60934892282836,68.94322852905312,69.27318013601221,69.60070236354034,69.92207805668473,70.27029038112738,70.56682397073905,70.85465930355994,71.07648674178108,71.30705854588616
52.752014914159844,52.716018018533696,52.69749717174175,52.640850897018936,52.58487923402625,52.56346126442939,52.54656943240965,52.54583253589529,52.559463486734984,52.578830986354376,52.604622160837295,52.6369410103761,52.68558792880165,52.75151088883943,52.839063920708305,52.94645373491658,53.05410635639605,53.167054011845686,53.265288284115414,53.37274429909716,53.4819402448143,53.5830875030752,53.68216420683957,53.7798977755263,53.87635750953847,54.01507560379665,54.099925080438425,54.11737305665114,54.19360472229847,54.269399585948904,54.341778861475674,54.40510090066456,54.45870564030797,54.50111155051833,54.53432416393687,54.5612854439101,54.58471851775932,54.601198554662645,54.59273174580108,54.58453925306534,54.56358570948358,54.53219010354435,54.494022474041294,54.48139421747048,54.41944446398854,54.36899936013124,54.31421399776659,54.28155606299914,54.259794092555744,54.24457646459963,54.23397308931655,54.25736759742605,54.30557440681543,54.3816047254647,54.48217485844203,54.6084875391963,54.75118311617104,54.903709112371324,55.050471016584645,55.2456585201354,55.271178749048985,55.30071528891891,55.280640020247496,55.21413751503421,55.16857114041576,54.977170845849884,54.82993028826045,54.6750137436578,54.50833233773278,54.33599052667831,54.180902063685586,54.09323598884221,54.00619503312871,54.0113317999222,54.066735679814016,54.18014431090392,54.34986565927753,54.54803250346096,54.75617867360494,54.9741391778721,55.206314094081755,55.45452881133056,55.72059525749253,55.996573266572376,56.25349046974388,56.51558359534909,56.77405665008487,57.04383528614429,57.32323900180402,57.60543678798577,57.88931982525086,58.20293914378315,58.4909551084092,58.81143656848861,59.11063988550412,59.370133178473246,59.64214519313437,59.90457363110305,60.09078918571659,60.33339899057223,60.56796612290356,60.829971124899444,61.061840190291576,61.31377274254154,61.557203351409115,61.79514177919059,62.024569963049196,62.24270273689926,62.45540197237623,62.66921672461201,62.89056250739748,63.10954004873472,63.344372344288495,63.60094580101781,63.844480233941404,64.08695509244026,64.33535147539463,64.58566960437966,64.84003140489526,65.10340645570142,65.3818528281999,65.67503637457003,65.9646131057891,66.25005934775842,66.52690111928756,66.7790687242748,67.02228943210172,67.26017188745055,67.5215126883878,67.72086774969512,67.96932579392148,68.20809945829303,68.47543329495714,68.69617966834139,68.9034502152956,69.1355900265689,69.33052260993885,69.50240029825981,69.70579918267154,69.90063570497291,70.07157198721067,70.24435715381719,70.41596394138287,70.60263626395735,70.79252443837697,71.0169625093721,71.22652961002599,71.47192903469937,71.73806038531988,72.07448933372027,72.48688571536825,72.91940256948905,73.34456815002656,73.76863750970796,74.1889435819511,74.61522630243375,74.97931443017019,75.28391821874196,75.58468639161076,75.88124910827554,76.10078452254106,76.28680121582619,76.41692597329892,76.51046465631681,76.52176833265251,76.54494878828756,76.52793842289937,76.48343788764565,76.41191245456795,76.30940726799301,76.2063760165454,76.11097930098039,76.05063396086892,76.05093175955486,76.10512488550947,76.22170072622346,76.42408265956807,76.65458908126894,76.89024927507336,77.1124132364699,77.3006030612045,77.46082606155584,77.56351371155006,77.60984261651062,77.5881301846386,77.49480312291718,77.33996041761942,77.12808864481659,76.88419876968952,76.63993972989661,76.38144842515187,76.11226130238101,75.86892663793228,75.68778976262216,75.52413742353724,75.39725624187555,75.30189642205455,75.23216251567764,75.18405128100194,75.15493436665363,75.13817304330983,75.12228440962294,75.15246761106776,75.14447498386566,75.11069342309413,74.98552478664193,74.88587385458558,74.76324005256252,74.61442422015328,74.37618963915718,74.16055252813207,73.92512885874166,73.6327372758637,73.29308708106007,72.96551237511709,72.60923173762345,72.25653128310174,72.00641231061991,71.85764236944625,71.76911146342722,71.77246654052921,71.84114212790021,71.95973839654778,72.10650550742984,72.28054084181643,72.44949075652151,72.62724272440313,72.79087929539192,72.93940199912544,73.07024477941597,73.17894510414824,73.25538704093547,73.29406090081012,73.27833280801057,73.24499845984379,73.18424412268314,73.1328184032601,73.04035237970332,72.99795553814788,73.00955997161654,73.09292117179311,73.26066010410347,73.50396826551562,73.75620965433905,74.01293419074533,74.24576855835058,74.4330450391976,74.55569514288315,74.60925937066067,74.58986596830097,74.49251695881581,74.32826654282226,74.11871913541621,73.86714610464709,73.57100086130419,73.28089515674417,72.97848319558484,72.74997353363537,72.54400563311678,72.39102298853271,72.27651248445831,72.19065944158906,72.12900382690471,72.07292579971731,72.0007440681757,71.96376979597925,71.90697456014651,71.86630091172978,71.78397820483762,71.68202559112244,71.46028374450052,71.30763935493869,71.13483531305995,70.92670132076633,70.73116519755546,70.53214123119619,70.29716367090249,70.06645907943141,69.84555568817534,69.68807953748781,69.51895451740252,69.3687573260835,69.24161012881459,69.14325854820613,69.07081708984153,69.01966811269776,68.97064552162097,68.94081249616825,68.8828845059377,68.87387486003102,68.74115004240174,68.55715269096157,68.24731931630096,67.92869585213826,67.57580459554785,67.20804886263345,66.84498985461492,66.50751393541637,66.19470277646337,65.99495303663062,65.86014335521033,65.79582960318578,65.79800112977472,65.85325741792913,65.95589737531012,66.09476292619583,66.2564275973271,66.43057759950625,66.6105991080226,66.7887860771671,66.99167364769185,67.17683116312969,67.3619261936368,67.58861123435847,67.80031261503974,67.91775058139466,68.13716757492072,68.25924994058512,68.40592155821092,68.53543592959535,68.64290013375485,68.79919133071694,68.89334269051427,68.99289544708729,69.08718173266197,69.18215096323792,69.31071887938897,69.44041677663643,69.57280942117322,69.72773906622427,69.89493343101717,70.07541519063298,70.26925763331978,70.46582258760053,70.6675828096639,70.8516665087291,71.03533462510796,71.21465938938562,71.37997421634711,71.60298711312106,71.69735001328654,71.85155087885072,71.98541847081984,72.1077975562952,72.21978756921646,72.32211059156079,72.41579902746793,72.48882518034182,72.56768251153576,72.63778339372374,72.69961263139508,72.76637187524807,72.8506437523771,72.91373699043102,73.01904261336665,73.15555873354003,73.32921886257245,73.56064858193983,73.83715168106278,74.16489246166527,74.51682739292193,74.88279110250166,75.21312496415236,75.5469278583987,75.83020316446697,76.07105470071085,76.28876017407937,76.45781725390603,76.56305227457807,76.63830641534561,76.6623533036171,76.64197949112153,76.58518129872425,76.49724900922864,76.38347455037733,76.26923633069515,76.13553850864115,76.0413613466701,75.99524928412583,76.02353618966751,76.12152885600837,76.29396133361155,76.48206499045452,76.67186404359123,76.83183423563874,76.9579525803509,77.05202664972073,77.07604402691676,77.03869539563249,76.92790918161346,76.7796695013172,76.57575096208097,76.33493986730956,76.05581914383002,75.73495969155225,75.39267021029374,75.05197439407242,74.71558057916265,74.39858124884658,74.1319786889748,73.883635776658,73.67418239357107,73.49889331063876,73.34993340430694,73.21922700712378,73.10345955337667,72.98485889067015,72.87248070248324,72.7667141353739,72.70873154558163,72.61323458363994,72.41010850311704,72.27188151744967,72.1186287091145,71.94891264166664,71.75695757294054,71.52003919032117,71.23472548251651,70.88938430598964,70.45421883395866,69.93831770745852,69.36259649804428,68.78076955614758,68.27947887335145,67.9217130381276,67.70794818231909,67.62807771318734,67.64456563801708,67.75618499010592,67.94424007594795,68.20072307473836,68.5087812205299,68.83922500576493,69.16790638553657,69.49640263260649,69.82013839458243,70.17600614283444,70.47704227513395,70.76994828936954,70.99378886843482,71.22888674436274
52.74487804067659,52.70957535283578,52.68772385521066,52.63167170777234,52.575130930347996,52.54898022592883,52.52808533987744,52.52295216205763,52.531491646004305,52.54475780653052,52.56405219372705,52.58989402448188,52.63250481757541,52.69329863134388,52.77655186788152,52.88076112278636,52.98590830369365,53.097211298984185,53.19421154073761,53.30143915401105,53.41118518083029,53.513331516395496,53.6139538022166,53.713708092918324,53.82667348884057,53.9566272547318,54.04437860990468,54.065658379653975,54.145805125977915,54.225183080307566,54.298707534801736,54.36623944408093,54.42421169727645,54.47114393423121,54.50880368276569,54.539762891967655,54.56668146124436,54.58627510627718,54.58073358197589,54.57531256263347,54.55695686942686,54.52727007047729,54.48956663241708,54.472813191890324,54.41117460386187,54.361299591169804,54.30586780072331,54.26851632918917,54.24258107526331,54.22211220281995,54.20526073579148,54.22167208051282,54.26224679407537,54.33044075471681,54.4237975586757,54.544383084545515,54.68329031732263,54.83452774807097,54.982849355622434,55.18624965333711,55.233945148270905,55.275174552223,55.26586738209263,55.20857533430322,55.15955396562731,54.97375883168213,54.83360975930288,54.68335019551134,54.51693692253202,54.33865155389985,54.1729274595175,54.06972796564535,53.96912695016756,53.95514873629183,53.99264911512668,54.08856555710306,54.24240145530702,54.42748462444383,54.62567691759382,54.83581437851312,55.061763799866384,55.305038392354554,55.56717683839388,55.84020956892358,56.09532860257152,56.35597236578504,56.613778776904034,56.88353415400236,57.16341199729115,57.44649897698848,57.731714738288794,58.04433629462557,58.33382775007176,58.66044914383287,58.96109672525467,59.22201990691406,59.4951802599141,59.758788182844995,59.945494122059365,60.18925304017092,60.424750245108726,60.68449444680914,60.91722510865147,61.16968677045135,61.41356962224095,61.65205941763026,61.88166563912602,62.09969373870604,62.312313771601914,62.52574344338271,62.74619861736382,62.963714006558526,63.19712130844323,63.44891323501879,63.69003280628631,63.93004503615488,64.17627845737557,64.42479267076392,64.67774936492174,64.94013026046362,65.21798339194854,65.51107227474313,65.8008433284509,66.08735867301483,66.3636987484323,66.61583425066307,66.85973660283425,67.09850510231377,67.36434410368194,67.56559790928178,67.81634330564985,68.05740398042752,68.3279681619113,68.55060096078866,68.75979460158219,68.99441208736924,69.19095690172662,69.3648025341653,69.57089493396279,69.76840473092568,69.94206677179562,70.1174732527668,70.29116198129768,70.47859216085052,70.66757875014946,70.88578866978906,71.09351668146655,71.33418954201278,71.59410717231623,71.92483952169027,72.33349538887384,72.76513680556057,73.19193181946724,73.62003630724759,74.04672397138941,74.48266799565401,74.85655620619742,75.17611426156952,75.49113311671502,75.79117040754329,76.02449755583024,76.22565466599774,76.3704125967032,76.47801471003845,76.50284437126747,76.53742078445497,76.52981798254797,76.49199679367356,76.42428737466517,76.32273710843624,76.21715552610719,76.11580139561977,76.04636910305913,76.03533795426358,76.07731742419567,76.18240981422326,76.37640300413003,76.60273848424147,76.8388536002856,77.06638873731895,77.26385257514721,77.43600931276406,77.55201009251955,77.61235649785694,77.60489317931736,77.52460818208444,77.38134258218643,77.17877494616515,76.94052347944525,76.69808531543495,76.43475998578793,76.16389867739623,75.91690711878385,75.72642393577507,75.55413655937548,75.41877603400687,75.3158788469492,75.24020538441108,75.18811777304121,75.15728071583864,75.14115813097894,75.12879924543175,75.16476922951193,75.16097839949178,75.13272395747727,75.0159022319393,74.9233460239493,74.80752942645616,74.6654720130759,74.43295420760381,74.22341625419637,73.99263914872635,73.70248890700631,73.36195725667183,73.02714654527978,72.66467399932668,72.30089175942435,72.03286066073866,71.85918523830203,71.7595202756889,71.74645098687783,71.80254055160707,71.91269823856327,72.05453372469466,72.22723349077548,72.39683239452637,72.57730859479139,72.74488568801684,72.89875826854727,73.0372270612764,73.15517802904287,73.24110208211181,73.28819820215558,73.27925516771448,73.25068597930495,73.19215368411449,73.13780900764664,73.04384144716786,72.99045554886791,72.99004827828077,73.06093890907151,73.21767079715224,73.45404929339439,73.70420063276805,73.96491817057615,74.21032576972796,74.40992926750789,74.54689552112842,74.61332832849202,74.60955849216766,74.52629465824604,74.37399023236387,74.17306030693199,73.9259912555529,73.63034646112766,73.33661694323872,73.03064044659678,72.79213337445984,72.57770045011081,72.41606138851785,72.29356481669058,72.20177704419633,72.13684686451066,72.07982784229027,72.01165866712162,71.97571424634022,71.92120830226938,71.88891986586891,71.81180290579074,71.71576853989524,71.50122088729368,71.35474759217112,71.18731753537159,70.98319480952968,70.78985117676378,70.58664014686292,70.35231719849116,70.12013239395364,69.89586926397355,69.72814369789513,69.55158196583493,69.39373964709013,69.25934651155458,69.15500868116334,69.07817350953223,69.024401140162,68.9745318826166,68.9467428218654,68.89374204831657,68.89551600734758,68.77393224839587,68.60102619045824,68.29977427981747,67.98950231428755,67.64068923190572,67.27119848866182,66.9011630971943,66.55113934032674,66.22481572790741,66.00477015311543,65.85194584838045,65.76939654809479,65.75505069854312,65.79718368002274,65.88920375372666,66.01962350210012,66.17495888517591,66.34486944999107,66.52252602147016,66.70054246779485,66.90363420445443,67.09004445413525,67.27723079418686,67.50903146442315,67.72366424563046,67.84425776643342,68.070489849196,68.19550292495214,68.34641385207796,68.47944498044303,68.58946791665463,68.74220583876844,68.83800610858526,68.93829360120777,69.03189825391172,69.12544533836898,69.24772518678843,69.37230753989486,69.49922268924072,69.64896742197246,69.8116500973672,69.98852477254592,70.17991720348856,70.37527890040282,70.57707493376797,70.7619447785152,70.94727060996291,71.12896843813576,71.29989923279412,71.52595088482589,71.62432853770962,71.77982937934334,71.91771743896336,72.04400897378935,72.15966758144643,72.26528838668084,72.36177370920875,72.43690939801127,72.51719998875836,72.58792821191308,72.6495243139414,72.71512330327127,72.7947525324828,72.85616660015737,72.95702827244027,73.08729594846534,73.25316601042685,73.4754651232061,73.74228102786702,74.06189321029669,74.40922235869067,74.77553374201722,75.10960678852005,75.4616466392112,75.75619208140834,76.01290758220404,76.24434314744454,76.42707834291663,76.53053179090548,76.61899057623198,76.65548127045514,76.64599130533684,76.59805007445867,76.51658655765998,76.40629515678111,76.29189646451498,76.15457491564494,76.05264301367014,75.99472485247922,76.00932483667076,76.09438220823861,76.25805099937514,76.443748796657,76.63608075973343,76.80359448955078,76.94355477647967,77.04767731729655,77.08636834357046,77.06360050757246,76.96674689522364,76.83104470820933,76.63775541257135,76.40521634696873,76.13189531508641,75.81385121325118,75.47151552112174,75.12700015652102,74.78815259249625,74.46743419784582,74.19114377792941,73.93432164093878,73.71647553667577,73.53391810549324,73.37953252029705,73.24530828409566,73.12770940666923,73.00902633613055,72.89822224669742,72.79525622053076,72.74362983391009,72.65144049223491,72.45205418512131,72.31875161299415,72.17106591027475,72.00802921159364,71.82388970406673,71.59523266170581,71.3180054761909,70.97948342244712,70.54886105937405,70.03323248113912,69.4516930550634,68.8572269740434,68.33681167430241,67.95538023591129,67.71563019212653,67.61042283920284,67.60244714333983,67.69323015054725,67.864348270981,68.10871634146247,68.40948310859152,68.7357566355735,69.06259728202936,69.39156052641438,69.71752649588026,70.07992600268518,70.38555837788917,70.68385286047852,70.91107266392845,71.15105723989633
52.73825581960996,52.70398256249344,52.67884028502621,52.62384232467295,52.567198161777384,52.536387086590096,52.51160400829257,52.50209798385047,52.505465557315176,52.51254845543192,52.525192602082754,52.54434511937602,52.580642223381666,52.63598712786995,52.714570441333365,52.81503966446671,52.917280998332544,53.026554744723505,53.12221048071637,53.22893288185875,53.33891573041612,53.44187829951949,53.5438855950951,53.64550517385238,53.77501776821164,53.89493031412919,53.985601044155715,54.01207412706177,54.096253297104745,54.17926898847964,54.25394672525135,54.325800649424494,54.38827094925518,54.439881186879845,54.48215926471466,54.51728662988662,54.547851061962135,54.570735132793246,54.56851370127956,54.56612095205124,54.550688405288334,54.52301447993741,54.48607223350167,54.46505663801726,54.40420464313505,54.35522558260131,54.299570696421746,54.25769046078578,54.22762159984708,54.201935588831,54.178940684294076,54.188143854696115,54.22073680575927,54.280610770075796,54.366169237965345,54.4802829375673,54.61463708539679,54.763885427279504,54.913315799382275,55.12326478075156,55.19476620327782,55.24807248520428,55.250073372108915,55.20265120740107,55.149456390990984,54.9714147775441,54.83927990997958,54.69455410023513,54.52929270601672,54.345936490323034,54.17044750538203,54.0519343410708,53.93845394567398,53.905151230579165,53.92432753251937,54.00215267372935,54.13934983828311,54.31055574979446,54.49798136935433,54.69956763403153,54.91866079873875,55.156469958313195,55.4142718663294,55.684064357156224,55.93715927129015,56.1961941827497,56.45322931109056,56.72291823159886,57.00325896738369,57.28724600010577,57.57379125126732,57.88497385405496,58.175877488648574,58.50805133253907,58.810209391514896,59.0726186800256,59.34694391871573,59.61177473689653,59.80025122388896,60.04526740293267,60.28181899213184,60.53897853766398,60.772752837855414,61.02590883357514,61.270400233060236,61.50953215861511,61.73942699408417,61.957486155074584,62.17013026814241,62.383272969654705,62.602932549681306,62.81910997321204,63.051104845796196,63.29777663338462,63.53631756062559,63.773781671236456,64.01769665156101,64.26424107810641,64.51562508866999,64.77684764088062,65.05395205600826,65.34674178254832,65.63663423806241,65.92413670678707,66.19980062307137,66.4517457320578,66.69618119255969,66.93577499076127,67.20559811268464,67.40960038677775,67.66264263864569,67.90599900294096,68.17904917389977,68.40349127330546,68.6145810200715,68.85155478182857,69.04987881907732,69.22636847931973,69.43524156117151,69.63552428931338,69.81199320212991,69.99026763583963,70.16626960623567,70.35462155173418,70.54292131026325,70.75478170390657,70.96089711984011,71.19674114782279,71.45023738501574,71.77482361531882,72.1790163856828,72.60923649267448,73.0370524604452,73.46864404024701,73.90135436430094,74.34639282184925,74.72975536730127,75.06422996912924,75.39331143111872,75.69623214075169,75.94346000780543,76.16002205239026,76.31993226629336,76.44204592364004,76.48148471959428,76.52796826972764,76.53039013415005,76.49985686726666,76.43659349621238,76.33674703478368,76.22917718694394,76.1223283486202,76.0440550011146,76.0215245263616,76.0508821978334,76.14384440262732,76.32827802026213,76.54941368121189,76.78515698822942,77.01752047954709,77.22405380381143,77.40796211857514,77.53734752828068,77.6119288314163,77.61910093690936,77.55239539041835,77.42135753788094,77.228830735492,76.99700632190591,76.7568925726405,76.48916628412577,76.21729760390511,75.96714219023129,75.76707224878153,75.58593374964836,75.4416878687056,75.33074326195414,75.24858466814057,75.19200339066657,75.15899275972924,75.14318126234987,75.13415914324209,75.17482464609967,75.17474507258349,75.15168537224844,75.0441618919351,74.95891173403673,74.8502756775905,74.71546788860165,74.4900915919528,74.28721772458661,74.06163922436133,73.77435253175814,73.43363211934242,73.09192924545714,72.72412589283273,72.34999153635839,72.06415183862894,71.86492658279444,71.75387271717736,71.72340454595187,71.76591436020496,71.86668639481607,72.0028486296144,72.17342955410851,72.34326527700948,72.52603097497146,72.69734366852863,72.85649709030355,73.0026662301011,73.13003556507417,73.22570446084194,73.28158848168952,73.28011769504324,73.25680528293876,73.20095791239252,73.1437979389339,73.04893202613482,72.98470115701792,72.97208669104559,73.02995437845053,73.17483260206176,73.40307812077405,73.65029778166019,73.91440617077407,74.17211021918702,74.38387503603633,74.53516694094822,74.6146025505442,74.62683558332125,74.55822803451564,74.4185512679095,74.22694623664495,73.98507633863564,73.69075762228994,73.39388918030636,73.0849263582191,72.83619672337205,72.61315736516896,72.44244427471465,72.31138350559108,72.21305605514527,72.1443239585041,72.08602240062348,72.02183904450989,71.98646351632415,71.93403557136442,71.90929569665161,71.83726981364102,71.74714772227274,71.54158977744952,71.40164338199273,71.2399945900901,71.04053118629862,70.84958996958964,70.64230084939273,70.4091218283342,70.17588476284452,69.94860635811409,69.77019804296582,69.58603199965367,69.4202505290811,69.27819718905558,69.16738249115923,69.08561990719268,69.02867113201694,68.97762409598535,68.95135550332333,68.90314968716977,68.91433672441313,68.80431301427721,68.64308603761131,68.35225899819584,68.051438422667,67.70777832880397,67.33757397668144,66.96143824213686,66.59954623825728,66.2605501834385,66.02020380344935,65.84915227059037,65.74787386079669,65.71631492332897,65.74448444190077,65.82506311317545,65.94629353454977,66.09466775820921,66.25983863535241,66.43475236571165,66.61237118367458,66.81515922337266,67.00269311891888,67.1919042585072,67.427945614547,67.6451192032021,67.7702447605417,68.00260025270178,68.1315682776011,68.28693592344891,68.42374908156874,68.53680615618326,68.68562499541378,68.78347182141987,68.8848363336371,68.97809461377479,69.0704573129377,69.18625178904998,69.30557799859885,69.42696071068006,69.57124936315186,69.72909500091097,69.90201643094339,70.09061487347172,70.2844665699053,70.48592684836323,70.67147431115491,70.85833448637935,71.04231420797495,71.21899551195563,71.44695521872278,71.55068283612654,71.70743076264156,71.84949780457895,71.9798898920891,72.09942245370743,72.20856235972269,72.30807670396483,72.38574550858992,72.46769848765224,72.53929276438497,72.60090553985296,72.66548626380019,72.7404430708541,72.80057016950384,72.8969947451304,73.0208376326621,73.17861643747007,73.39117150057035,73.64752851439249,73.95795607075256,74.29975559412709,74.66563520557602,75.00307438017416,75.37298372179995,75.67867571061574,75.95131973800599,76.19639724027772,76.39289003257689,76.49496989463415,76.59695054739086,76.64633015283846,76.64824238518521,76.60974156755124,76.5353869758338,76.42929215502978,76.31527718621719,76.17507703220998,76.0657181481405,75.99596956709972,75.99643728465871,76.06773826073639,76.22140308355766,76.40372105690125,76.59780176426409,76.77245656312897,76.92607324924725,77.0399847036159,77.09349453555637,77.08554383537228,77.00313089267688,76.88035619573083,76.69825013058517,76.4745470434355,76.20760836414895,75.89296893189265,75.55115713738448,75.20337586409397,74.86261978089125,74.53852939230065,74.25237379028775,73.98685588706074,73.76017573972396,73.56979279449921,73.40940821154047,73.27112653565922,73.15125782327493,73.0322723070859,72.92289342361066,72.82260606149434,72.77622230419185,72.68698283294405,72.4927722315056,72.36450506351008,72.2225285195,72.06634410077484,71.89022903582304,71.67024517331957,71.40149488345052,71.07027482686291,70.64490388059305,70.13052731739539,69.54450018369742,68.93891839667351,68.40070407079965,67.99638841937649,67.73086291785862,67.59973399505819,67.56646733732664,67.6350990035997,67.78794587189715,68.01905118356187,68.31165395794073,68.6330167068966,68.95743068174566,69.28633765936571,69.6143651836162,69.98220315576911,70.2924829898715,70.59643109654563,70.82828367695376,71.07347960326531
52.73195401077142,52.699046868861885,52.67070644512209,52.617208380918605,52.56091523362109,52.52556011532879,52.49703137328531,52.48320635233339,52.481358592929645,52.4822133512821,52.48809395729127,52.50038523212231,52.53012797954033,52.57973399482684,52.653300740279285,52.74950183702559,52.84845026063378,52.955317967322635,53.04950432187605,53.155441418070595,53.26534616570745,53.368930249560236,53.47214807567521,53.57546324716278,53.72125693778631,53.83019428267669,53.92377613626538,53.95665234086257,54.044947943628955,54.13163454915144,54.20748521959287,54.283749994457644,54.35082570729974,54.4072418324563,54.45428716430828,54.493735444811925,54.52809202614782,54.55443054535735,54.555896944743736,54.55677711645731,54.5445799379087,54.51921622827016,54.483333184647606,54.457984342551875,54.39837809636673,54.35061397612284,54.29515049422858,54.24894246028767,54.21481653536783,54.183985482621026,54.154982960813385,54.15680735224314,54.18112738210166,54.23225771693859,54.30948869961046,54.416440124515354,54.54551720313649,54.692095300112605,54.842167556359094,55.057056935191774,55.15345798340244,55.21909874381604,55.23286578093334,55.19592400394772,55.138211691349134,54.969906672667896,54.846636307674274,54.708265853228816,54.54501128049351,54.3574638159303,54.17309869794118,54.039573557354984,53.91390113272326,53.86116419902069,53.861687491903766,53.92090956986803,54.04079214962599,54.19738922666695,54.3732861215656,54.565628391995475,54.77725532896588,55.009081168285206,55.262133111480566,55.528375949197795,55.77920452532356,56.03645310620188,56.29259209201194,56.56214716036605,56.84291406426173,57.12778623790336,57.41563417258995,57.72496740650369,58.017208568387154,58.35435726444066,58.658075947112906,58.92201462285027,59.19751229553861,59.46360063997066,59.65502187605654,59.901393797760996,60.13911540202947,60.39341617339582,60.62840488476344,60.882411275288526,61.12765995004436,61.36752112626529,61.5978113901519,61.81603300855483,62.02880206191396,62.24175429542784,62.460712622954176,62.675675124333466,62.90627477033919,63.147542723499875,63.383363945277175,63.61820881280699,63.85966629896278,64.104088442426,64.3537420564094,64.61364829525525,64.88985080823007,65.18214001540896,65.47207225008205,65.76046769457788,66.03528785390691,66.28688848729655,66.53170954040424,66.77206292046458,67.04536952013845,67.2528879565882,67.50822435512103,67.75387507536361,68.0287141794976,68.2548881641025,68.46784302388947,68.70705340177678,68.90730655786876,69.0870587197266,69.29878748932362,69.50193033670965,69.68127746351115,69.8626443407967,70.04117416577954,70.23060724817857,70.4184346047716,70.62388433865549,70.8286105734519,71.05956222261835,71.30648279720823,71.62453787093857,72.02361154285032,72.45189175361048,72.8801360981575,73.31466824438522,73.75302403305278,74.20655727862922,74.59903758437346,74.94826279350113,75.29114514719404,75.59656693633028,75.85776627288946,76.08994904547089,76.26546706127246,76.40248714164228,76.45751981545928,76.5163852183715,76.52941852473757,76.50676821638596,76.44857951707276,76.35118557807884,76.24221589184798,76.13037571464592,76.04356458364008,76.00944807538595,76.02586451674516,76.10613328762821,76.27992530042125,76.4948766262932,76.72942675336509,76.96604233361431,77.18137559475468,77.37679271804514,77.51956855510512,77.60854002979265,77.63067458999008,77.5780327466472,77.4598278888116,77.27804513525491,77.05341230350624,76.81613981054008,76.54449908741948,76.27228339590307,76.01946128997618,75.8096513245824,75.61950991934977,75.46603839675983,75.34659359898158,75.25744583868297,75.19587660858977,75.16024393547427,75.14440152036964,75.13848753369452,75.18279279131984,75.18593881213175,75.1677355888685,75.07034089669186,74.9925666614402,74.8914299543501,74.76431604092936,74.54739823592851,74.35172007495372,74.13186968524005,73.84805680474784,73.50783822035807,73.15964485360203,72.78736020244862,72.40360731507025,72.10014024738712,71.87500929720233,71.75220083374637,71.70345405515627,71.73145738075267,71.8219355585264,71.95168843790398,72.11936348706165,72.28898942532194,72.4735794791926,72.6483839991077,72.81270930003443,72.96660311017071,73.10350481596028,73.20913081632186,73.27412646392703,73.28076408111193,73.26317940558391,73.21047571209479,73.15065649175973,73.05548341658617,72.9806216850491,72.95568573372705,73.00006772969927,73.13232353825335,73.35130255881538,73.59476356023197,73.8616327124259,74.13125744152666,74.35495095983485,74.5205132506078,74.61305205183312,74.64160394131565,74.5881697988295,74.46176078515605,74.28016400344688,74.04418488802682,73.75201810960873,73.45253242575701,73.1411666407933,72.88208336627112,72.65035461169911,72.47021709126226,72.33007607378414,72.2246457709889,72.15160402536212,72.09167229663548,72.0313923029596,71.99613482849009,71.94556652362208,71.92755567191088,71.860491248785,71.77625566079227,71.58131189758143,71.44820994574664,71.29271691473913,71.09852031551574,70.91019844006269,70.69899632818333,70.46743573690097,70.23356873862122,70.00362245919682,69.81420159977979,69.62231485098533,69.44835180678308,69.29827144951734,69.18052749179613,69.0933322531684,69.03267281792532,68.98010902518685,68.95483378023654,68.91124863937621,68.93051954104455,68.83238192627071,68.68333422503129,68.40461780820215,68.11426514617168,67.77677879668724,67.4068608565541,67.02551175006786,66.65247258555516,66.30164551154807,66.04108574794004,65.85167088276104,65.7312494819626,65.68185448073038,65.69528220921345,65.76364032408563,65.87496188532593,66.01575134140126,66.17567739202192,66.34745557964457,66.52442050304238,66.72639913493326,66.91490146128812,67.10604278665056,67.34547899706364,67.564811241466,67.69571128413277,67.93352269123982,68.0673795941017,68.22739570703092,68.36823434329884,68.48476975496612,68.6293816832925,68.7296526614364,68.83242333304358,68.92566172771768,69.01707651321996,69.12625014370023,69.24022228386362,69.35604904893712,69.4946513888401,69.64736994636381,69.81601877424414,70.00149605061692,70.19353755919057,70.3942966014093,70.58039582337646,70.76864850565254,70.95479701957089,71.13729624200519,71.36611409018374,71.47637919426772,71.63433275168762,71.78070841959234,71.91536184068826,72.03894884384404,72.15180692173986,72.25456345632074,72.33515951429104,72.41899466175003,72.49168876471249,72.55356747942909,72.61728488432301,72.68758728604672,72.74680791208574,72.83883439089169,72.9561272777316,73.10557387857905,73.30785179903653,73.55306069835102,73.85333298394418,74.18872611932127,74.55340102170088,74.89379805419404,75.28095656211471,75.5976005202569,75.88608775541736,76.144654625459,76.35492850486685,76.45630498823668,76.5720787844051,76.63474926715463,76.64854645486884,76.62004238104801,76.55341932394774,76.45222546944764,76.33915669249215,76.19683183612852,76.0804239773718,75.9989031370878,75.98489490932434,76.041724824703,76.18424324204538,76.36224396340636,76.55728817198505,76.73863436111924,76.90563071996057,77.02905019969627,77.09745339194528,77.1044965050708,77.03696804149953,76.9274727887725,76.7570693231085,76.5427448323632,76.2827600930392,75.9721158410998,75.63140824612236,75.28093780145781,74.93881829418183,74.61171306712242,74.31559309058339,74.04121934674683,73.80532634854258,73.60661870591586,73.43970629298147,73.29685641545667,73.17429237956189,73.05477106720227,72.94664387786413,72.84888468113863,72.80666869909611,72.72002148480942,72.53227767451796,72.40912282760931,72.27296533117034,72.12377322538796,71.95585908413649,71.74491889876573,71.48500741918797,71.16155136623023,70.74211833185504,70.22994777715492,69.64072729608627,69.02551648694899,68.47081411546893,68.04441974301056,67.75338677958501,67.59585337049894,67.53657080840982,67.58184986101632,67.71517983005366,67.9319221082824,68.21549472572906,68.53119850815196,68.85258444094065,69.18089564586225,69.51077728082832,69.88299079717586,70.19792682194772,70.50774107722955,70.74536745620254,70.9960634052481
52.7257783739724,52.69457549329638,52.66318231943197,52.61161550970716,52.556116451185844,52.51637758106044,52.484273370485894,52.4662136185659,52.459144125109745,52.45376291230458,52.45280683073946,52.458105299784556,52.481089919371364,52.524696848623805,52.59292386393475,52.68436011753095,52.77964191091849,52.88373458504059,52.976312282040944,53.08118069807693,53.19069075883989,53.29468976363088,53.39892973415707,53.50375654168379,53.66525758769922,53.762628661062166,53.859087639307596,53.89942506304438,53.99188777350055,54.082257001009204,54.15931180459461,54.2400529569428,54.31181828246575,54.373144394952625,54.4250836360711,54.4689881238885,54.50726906003656,54.53721325511592,54.54270815340002,54.547093750990356,54.53843108812867,54.51566821182111,54.48114339320751,54.451456092194704,54.39353847811553,54.34730141343142,54.292435003510484,54.242136330193624,54.20406675088636,54.16820074417828,54.1333575913385,54.12768700542109,54.14350146333701,54.18552454070214,54.253954746910516,54.35310767164335,54.47622445328473,54.619470516686015,54.76970183504778,54.98797914947074,55.10983655797759,55.187942984011556,55.21385239920279,55.1879525935631,55.125753141544145,54.969002506285605,54.855374519770606,54.72412584989203,54.563704238269004,54.37285201070409,54.180517533857135,54.03236405673433,53.89519362439066,53.82301255785297,53.80464555319157,53.84484015460438,53.9468097307559,54.088128402215325,54.25178526690675,54.43422609997307,54.63779762881485,54.863129681349264,55.11101334402881,55.37338266297581,55.62168641409558,55.87695319610039,56.132050959035645,56.40138058173624,56.68251144010524,56.96822807094692,57.2573283106601,57.564432536404006,57.857925233535205,58.19948106937105,58.504794454876766,58.77029286043054,59.046961516381984,59.31433323878042,59.50976746341335,59.7575839435595,59.996582512858296,60.247800129936515,60.4841627562356,60.739166438967146,60.985313539370594,61.22598744470103,61.45677618955747,61.67528732169662,61.88827975283284,62.101136412701855,62.31948715578671,62.533356635561034,62.76258289606404,62.998218232749196,63.23120140855903,63.46337027598845,63.7022476405926,63.94440837974158,64.19218374840939,64.45062192189026,64.72577163646491,65.01736209074846,65.30724377996818,65.59642588189004,65.87024155164106,66.12134783521691,66.36640798549402,66.60745025909527,66.88375313078586,67.09547339311837,67.35308901728781,67.60102274722587,67.87700102727992,68.10482919139037,68.31961416616217,68.56094323904382,68.76325831397877,68.94683384138942,69.16148114344513,69.36755882968822,69.54984574123702,69.73450740539894,69.91576300951178,70.10643206175392,70.29400111972784,70.49303930096663,70.69659669060712,70.92263113688847,71.16287518268349,71.47407854488225,71.86744369743158,72.29329271114833,72.72138875780121,73.15831645534114,73.60192225001202,74.06331786360369,74.46452852830572,74.82821018676515,75.18455807731306,75.4923074227085,75.76751074550512,76.01548131570688,76.20699906084344,76.35926720856591,76.43078009668878,76.50246560465231,76.52666680134251,76.51248094899252,76.45999413510958,76.36580126936522,76.25604653361158,76.13975904836113,76.04477077924031,75.99906520087364,76.00230969125353,76.06940526541848,76.23156243706434,76.4393892735985,76.6719302101531,76.91218816998062,77.1359867955345,77.34260935023016,77.49871570926452,77.60217050559012,77.63953527113505,77.60138824949924,77.49657623908696,77.32620726791168,77.1095064306809,76.87560533816051,76.60059016292333,76.32868136738561,76.07369385572014,75.85407778611852,75.65484599347344,75.49187426895762,75.3635337899438,75.26693436785511,75.19990590152261,75.16120768022253,75.14497798798513,75.14190784742985,75.18883259566145,75.19472342712756,75.18103252879826,75.09447637627204,75.02430648275202,74.93094340511945,74.81192066425794,74.60467058325541,74.41668644094861,74.20307113095612,73.92333038060418,73.58430211100513,73.23007774766732,72.85414971248137,72.46151579672632,72.14068029010953,71.88957627580454,71.75453667124985,71.68672635189586,71.69936344030884,71.77867842291442,71.90129136527835,72.06526974488088,72.23420486081487,72.42012372170403,72.59813744193445,72.76748573338001,72.9290785257658,73.07557288541949,73.19131778774758,73.26570687338322,73.28103801703564,73.2696313820791,73.22052598779891,73.15825596076205,73.0633549185038,72.97814645541274,72.94085593014123,72.97137911258675,73.09032162514848,73.29897041867909,73.53786042769991,73.80683231661854,74.08790297154594,74.32322565395535,74.50293829837251,74.60864684737466,74.65377026570485,74.6159726623925,74.50342991980038,74.33250068622961,74.10310043785793,73.81391168790172,73.51236723740068,73.19918700466079,72.9297130890561,72.68927042310918,72.49942528229984,72.34975004389403,72.2366954882803,72.15885598156184,72.09694035224483,72.04042554508976,72.00484540539713,71.95591131523295,71.94382705947974,71.8815795316194,71.80318487799126,71.62030873030292,71.49433050477585,71.34533494684227,71.1569720616236,70.97149345221248,70.75659957263247,70.52711710066097,70.29303687380092,70.06077305582166,69.86011339541714,69.66044075195656,69.47810531492257,69.31967858113967,69.19459119667627,69.10148651780497,69.03660092754988,68.9821735336807,68.95736089229948,68.91818012181479,68.94424698705872,68.85822857060136,68.7217727453287,68.45669504660236,68.17774345369666,67.84739754600025,67.47874465814162,67.0930800816126,66.70965633856771,66.3478410807276,66.06724774689519,65.85940994581354,65.71951135226357,65.6517300473455,65.64969948761109,65.70510025688647,65.8058174162097,65.9384067597262,66.09257795643117,66.26081310216647,66.43683870413425,66.63750436962299,66.82679378505058,67.01974257866979,67.26175692430674,67.48287411413348,67.62065705761984,67.86328107061186,68.00287047002347,68.16770113753114,68.31278687595966,68.43321361562846,68.57340878504412,68.67646146105315,68.78095428809547,68.87449051120689,68.96519256549168,69.06767170826578,69.17623452680448,69.28651326745788,69.41923999811479,69.56657673844111,69.7306604108669,69.91270614227182,70.10264383134123,70.30234224086581,70.48885003190807,70.67833491907768,70.86651719359119,71.0548346111163,71.28354147458069,71.4013838978636,71.56051306942373,71.71129813592938,71.85034634908071,71.97814340970089,72.09489648378583,72.20108941086107,72.28497741732782,72.37090516458437,72.44492792646871,72.50732130296909,72.57034329232793,72.63605709661643,72.69474004151837,72.7824395691788,72.89310837527518,73.0340420686309,73.2255901036086,73.45904413745434,73.74827589078288,74.0764329543633,74.43913671891461,74.78204812565912,75.18558261610515,75.51291297849963,75.81700822173889,76.08884747586843,76.31286994176662,76.41447547418566,76.54426774285757,76.62058792979116,76.64671723858994,76.62873911799493,76.57045266219951,76.47485502435902,76.36331318003026,76.21962630519276,76.09659772865457,76.00344527154394,75.97471908636062,76.01646971133978,76.14679713072455,76.31957970839139,76.51480109769807,76.70234178826753,76.88234990992657,77.01497519655528,77.09827570180796,77.12042964270687,77.06816520921798,76.97226331222532,76.8140471971274,76.60962258940508,76.35715230377863,76.05109493449575,75.71208203437574,75.35952225327893,75.01658428220226,74.68683145722251,74.38072604334988,74.0973928517198,73.85197070895859,73.64449716800235,73.47057257956436,73.32267257713032,73.1970006518983,73.0766968801456,72.969623254099,72.87421310233756,72.83512876129217,72.75071632687319,72.57058554640646,72.45258586390368,72.32232513966596,72.18023250161072,72.02066336493404,71.81909601164759,71.56835679829572,71.25310588754223,70.84027544739932,70.33123942134524,69.7400838043699,69.1166939077808,68.54679986093603,68.09915636130096,67.78294219737539,67.59862315527066,67.51270214502152,67.53354103455004,67.64619709680784,67.84752362286983,68.12120636910781,68.43049532775727,68.74823641586946,69.07539610030577,69.40688561055467,69.78244212199499,70.10200058498461,70.41784088218907,70.66226955036667,70.91871821662308
52.71953466902432,52.69037565715212,52.65612789188952,52.60690934423648,52.55263611977837,52.50871775270061,52.47323593552457,52.45105613360752,52.43879552611756,52.427207556722955,52.419381793814196,52.417596259426546,52.433655876194685,52.47103330567,52.53362091151524,52.61982698305075,52.7110817695078,52.81203821613639,52.90285357903543,53.00636665730815,53.11516378194915,53.21935923884449,53.32441906074091,53.43055928624972,53.60688630808495,53.692442949973426,53.791719306356185,53.84042433559526,53.93707149466949,54.031113582739245,54.10941526702495,54.19467501464233,54.27119098580885,54.337507398360906,54.39444493452763,54.442923454261305,54.485246869863566,54.51893517321553,54.52877216828007,54.53688355078904,54.53204147678896,54.512163326935685,54.479296766533935,54.44533167364636,54.38952930294011,54.345124536224105,54.291252033634116,54.23713607300236,54.19527311546344,54.15452023349103,54.11403460185847,54.1008072464972,54.10794198969986,54.140554186763346,54.19976618316501,54.29053860520503,54.40705261858448,54.54632422711536,54.69621584394321,54.91638445640147,55.06371799633598,55.15429486174412,55.192641017554244,55.17829584586713,55.11201401641837,54.96847026762932,54.865190113652325,54.74177448562436,54.58498317164985,54.391719554626846,54.192340509791926,54.03002428144521,53.88205653375146,53.79052122331251,53.75311827629445,53.77394833702361,53.85748392309302,53.98291662359364,54.133672898056915,54.305590205532425,54.50053793655269,54.71887315658401,54.96116533415561,55.21932281641774,55.46482698703,55.717898512404005,55.97178975152919,56.2407781371417,56.5221852470943,56.80867987980217,57.09895847388128,57.403484828188326,57.69813172834029,58.04353687716367,58.350462977634635,58.61753851780884,58.895367707245256,59.164039880038764,59.364449370810625,59.6137895592317,59.854163362674896,60.102123183217905,60.340007959131846,60.5961466679866,60.843325767216314,61.084892238042535,61.31627875452905,61.53520211704983,61.74851394081536,61.96136831347653,62.17920446678318,62.392101682532946,62.6199810369625,62.84980988851716,63.07985939878904,63.30930987590287,63.545500917462306,63.78527450607199,64.03103364493933,64.28785821908843,64.56180652856375,64.8525031259902,65.1422352431792,65.43208551422632,65.70474282697602,65.95520909465647,66.20036286695517,66.44201837432485,66.72084374936941,66.93736947077339,67.19723718735808,67.447432568058,67.72394756582187,67.95335191337972,68.16992800001555,68.41325958545957,68.61775228328509,68.80565443031169,69.02327094856199,69.23234572482275,69.41762422060518,69.60576086740735,69.78992348701505,69.98197880403058,70.16950334118526,70.36218931777087,70.56479511961106,70.78592626112209,71.01944631523132,71.32354189348257,71.71067568648175,72.1336294880677,72.56101646457346,72.99979620879365,73.44823828754575,73.91683107438242,74.32635386998984,74.70406960100122,75.07347403384793,75.38358622831593,75.6727878200752,75.9366645335654,76.14451034420938,76.3123149689316,76.40109600110911,76.48600340283598,76.52189861099691,76.51674517304721,76.47058604818608,76.38034263968643,76.27044400502704,76.15029390443009,76.04754651652009,75.99033250236164,75.98026303168105,76.03378913219075,76.18340702264823,76.38321357724084,76.61293467305381,76.856191859106,77.0880562537084,77.30552025418628,77.4748315270305,77.59280067141276,77.64560411291974,77.6223298977028,77.53142519281562,77.37310625592009,77.16505370986458,76.93506746452864,76.65727127789147,76.38631683234821,76.12966932516466,75.9002682563308,75.6919228970132,75.51924213608704,75.38166776675293,75.27719572747387,75.20425974417688,75.1620574311229,75.14506974814338,75.14454351508876,75.19310298961337,75.20126272656186,75.19173411349854,75.11660546073819,75.05412687456456,74.96876717828312,74.85818595278617,74.66170507765797,74.48187995822215,74.27498416110302,73.99990191395574,73.66275034256982,73.30301230560593,72.92426720723796,72.52349368249298,72.1856263698925,71.90877041287985,71.76091227554164,71.67334827357557,71.66982636593224,71.7371476812004,71.85189562745238,72.0113827828123,72.17911160483945,72.36583331675506,72.54673475918928,72.72091722598049,72.89013330116704,73.04622687716996,73.172202014315,73.25622443457321,73.28078319392934,73.27598424726295,73.23092764408248,73.16646764057874,73.07240583186966,72.9772047905601,72.92760780410411,72.94398867688204,73.04900488216853,73.24632951152599,73.47985084328052,73.75023950443882,74.04218234404374,74.28876773344976,74.48244593250762,74.60135695218469,74.66324125604278,74.64148933640958,74.54336980753935,74.38374336388489,74.1616065222605,73.87622212198666,73.5732141730473,73.25881316016311,72.97900567762608,72.72988303280711,72.5301142919665,72.370512938545,72.24935450357259,72.16624874358037,72.10198938937015,72.04904587351943,72.01271246960431,71.96518010238746,71.95823712719123,71.90064698254075,71.82802789640711,71.65850175822746,71.5398882804235,71.39769912392315,71.21569628906481,71.03329187006875,70.81498357213788,70.58802409608359,70.3541417209008,70.11991363658842,69.90789245695785,69.70041993469393,69.50957288822627,69.34252787212236,69.20972111940198,69.11025867144798,69.04065019055338,68.9840044849265,68.95912007920666,68.92408535136435,68.95570159227256,68.88194253349417,68.75840359111412,68.50833505016256,68.24163431413709,67.91934148718765,67.55291091130577,67.16383969739631,66.77083545364215,66.39887625946848,66.0985215606225,65.87227772066886,65.71264741237064,65.62600229977248,65.60785878274396,65.64960778200714,65.73904898898225,65.86283113815828,66.01073256501185,66.17500237217486,66.34977406518627,66.54862535792854,66.73849439401384,66.93309983461764,67.17690470860987,67.3994415749159,67.54508180141613,67.79189929661968,67.93797450093608,68.1077601496567,68.2572927898775,68.38199264079566,68.51763918330813,68.62381105268845,68.73032888746106,68.82447187970884,68.91469509602877,69.01046794027317,69.11360885853671,69.21837892968823,69.34508169005362,69.48681718185826,69.64606994923038,69.824390555784,70.01193734943982,70.21022181469243,70.39697765347788,70.58751597794999,70.77757505070348,70.97164380746246,71.19935134728559,71.32566323264462,71.48594943879216,71.6412158055158,71.78476494676019,71.91690280912249,72.03770545691411,72.14751001217041,72.23502521991352,72.32324664968772,72.3988219632268,72.46197818077229,72.52448561530312,72.5857244211189,72.64422677141702,72.72770263944638,72.83172441689413,72.96402474250253,73.14447049929049,73.36564538941425,73.64303673217987,73.96317511934326,74.32314782574002,74.66809490964879,75.08687933972102,75.42455955351173,75.74387772427121,76.02870796438609,76.26639052525634,76.36941975495367,76.51340987833113,76.60369545713569,76.64256846055075,76.63561838143806,76.5862560507867,76.49694074408818,76.38752484552187,76.24324741719495,76.11407662927935,76.0095156795687,75.96593119146058,75.99210073184804,76.10929040548137,76.27599048407546,76.47060165620509,76.66379274931971,76.85635354045212,76.99786108521039,77.09599225421529,77.13331437431944,77.09662926335854,77.01459659098013,76.86901795962785,76.67499319021447,76.4305867983888,76.12970920570369,75.79299168918496,75.43896550422386,75.0957538947868,74.7637307975123,74.44769701312084,74.15535723370257,73.90015216679899,73.68352950901786,73.50215288623349,73.34874967432242,73.21957021665229,73.09822400958186,72.99198119695649,72.89871234796513,72.86176223344927,72.7792272381774,72.60771087941913,72.4948751310051,72.37055673936702,72.23563784562083,72.08452539414276,71.89261868556842,71.65135673566628,71.34473123779215,70.93914626146513,70.434147810894,69.84227912068823,69.21212332208002,68.62831935982669,68.16028042873506,67.81926959129945,67.60788553911897,67.49480593559406,67.49023083595387,67.58114462351696,67.76605023457006,68.0289898452285,68.33110045413028,68.64456446278724,68.970000637098,69.30281299583329,69.68071032531606,70.00481498984897,70.32678859108283,70.57893550813789,70.84135360816869
52.713028655738604,52.686254581784375,52.649403146428426,52.6029355177044,52.55030854470536,52.502458899164886,52.463825004031605,52.437670248517826,52.42028616821511,52.40255770276074,52.38786941790236,52.3789490481121,52.387953683330245,52.418900982374694,52.475572982236265,52.556114910652965,52.6429956567228,52.74046247886904,52.829347430683875,52.93121523119458,53.03897950717082,53.14314107231415,53.24880454562683,53.35604570969489,53.546009689078176,53.61984665009836,53.72185489048506,53.779682200503224,53.88049781508576,53.978181533027914,54.05778439365219,54.147581645318624,54.2288861283846,54.30024936667315,54.36226731420239,54.41542022307522,54.46189016186397,54.499448210802605,54.51391383041551,54.525959210992,54.52521072473029,54.50849446995937,54.47758721197947,54.43947087360741,54.38619408539911,54.343919986197974,54.29142939396614,54.23380569121263,54.18833649815986,54.142882810547526,54.096984018362356,54.076192507738625,54.074531901424706,54.09748960051919,54.14712181167344,54.228985951454064,54.33829548177872,54.47296958151637,54.62200679154031,54.842625888796974,55.0149183678104,55.117844032967014,55.168839426624594,55.16651263047975,55.096927590814204,54.968077945931135,54.875778656703126,54.760852155825425,54.608459672942665,54.41368492768104,54.20820412240769,54.032272673724066,53.87421497388093,53.76351511163585,53.70702222112411,53.70823802621099,53.77289606805757,53.88189723795594,54.019143107695236,54.17995015624169,54.36572649044645,54.576569253068165,54.8128418520424,55.06643472745106,55.30884829355063,55.55949311507152,55.81199230886008,56.080499468014715,56.36206963740892,56.64925004503479,56.9406094706569,57.242239866288934,57.537932297050055,57.886638817651956,58.19517957821459,58.463836720027636,58.742806994127704,59.01278791045872,59.21902898309951,59.46996236368114,59.71180098953589,59.95637810917183,60.195922000312265,60.453324305722504,60.70166139975886,60.944196630410005,61.176276447294875,61.395730417164295,61.60945522577776,61.82239898975163,62.03981287454786,62.25185744088747,62.478421007026434,62.702324418188375,62.92936736428517,63.156071427672224,63.389486370583654,63.62676043743605,63.87037522626855,64.1254468851526,64.39804747237758,64.68765823855759,64.97713305517351,65.26752083708949,65.53887279061391,65.78855758445287,66.03366052391381,66.27584863382484,66.5567361806316,66.77858896395848,67.04066942754389,67.29309508739038,67.56959164369849,67.80049388828121,68.01881807857559,68.2640377328539,68.47080666166555,68.6634810724969,68.88410532970015,69.09622697868691,69.28453908691326,69.47630876458288,69.66354294787193,69.85713028657874,70.04482375519716,70.231277115999,70.43314550876897,70.64942596580818,70.87622796864149,71.17302417307226,71.55347034705602,71.97309220714834,72.39922524367128,72.83931504042181,73.29216141802092,73.76725340857516,74.1846392803176,74.57583848828935,74.95781682917078,75.27053598158209,75.57369189102243,75.85354436951371,76.07798299057325,76.26155926726011,76.36829796654666,76.46679258718835,76.51487760073273,76.51931099651111,76.48010395416551,76.39455822008598,76.28518319888673,76.16179583751699,76.0517647240843,75.98320657938697,75.95976984835018,75.99941368413754,76.13567664962986,76.32661149133322,76.5527074565276,76.79828727145042,77.03775281683393,77.26563366896956,77.44795854467466,77.58041093986455,77.6488022479197,77.6407256899862,77.56419735410626,77.41853122173794,77.21981914749192,76.99430449867128,76.71437419957809,76.44501510478628,76.18721713601143,75.94813935816005,75.73072155496286,75.5481886489362,75.40109946132121,75.28837538935609,75.20910661126435,75.16296662532422,75.14483588379134,75.14651796731196,75.19576290366452,75.20572051942563,75.19999826443014,75.1367652801528,75.08202351347016,75.00485242222562,74.90301610071292,74.71829816286059,74.54706376242525,74.34734937527433,74.07750005943129,73.74290946633846,73.3782329053707,72.99748547102544,72.58931767353663,72.23483288983243,71.93273460270717,71.77135969247558,71.66344665760029,71.64303998468152,71.69757602660447,71.80373944014104,71.95793705610188,72.12390967874667,72.31087787859488,72.49430671305258,72.67309461347593,72.84980826065504,73.0154538949299,73.15172013522015,73.24557387201206,73.27984330290819,73.2820610359742,73.2414995855231,73.17516282584766,73.08249545666567,72.97772601294241,72.9159518794318,72.9179965723542,73.00855132873491,73.19362764851682,73.42099726619027,73.69208879697361,73.99423109381905,74.25164581337,74.4590400012784,74.59115238127913,74.66992361188338,74.66457253208564,74.58139158406986,74.43367911530453,74.219486675366,73.93873317668123,73.63489379050685,73.31987081764179,73.02988091788015,72.77217067420075,72.56232956440142,72.39247228036142,72.26277211341872,72.17395122789486,72.10698222992997,72.05736039086767,72.01985324367067,71.97348304127614,71.97091314287833,71.91780592194566,71.85087723857718,71.69581246396852,71.58476649403262,71.4496598835054,71.27450286228195,71.09541055766104,70.8740213160973,70.65001489963825,70.41673583243801,70.18089969009705,69.95749781148197,69.74226263132405,69.54281636142069,69.36692861066517,69.22606477357546,69.11982468444296,69.04501533659857,68.98578874238392,68.9602945806526,68.92910554490379,68.96506588650297,68.90361340117413,68.79322875499801,68.55938215564873,68.30569869638798,67.99231753069411,67.62904514590832,67.23748705804432,66.83574788712573,66.45449041626217,66.13473894942959,65.89018246824806,65.71064560295484,65.60473191460945,65.56988260026239,65.59732776987688,65.67484546542464,65.78922160167167,65.93033345419558,66.09020082856728,66.26337486443447,66.45991253033664,66.65012759198545,66.84621075454689,67.09104766230666,67.31464737752458,67.46898523593491,67.71940127506501,67.87262528240913,68.04748067811474,68.20163819537865,68.33096173309305,68.46200576072405,68.57161426876067,68.68044681980861,68.77549674869013,68.86547373110712,68.95459029724901,69.05233941017558,69.15167159907409,69.27224296373416,69.4081930813306,69.56237599775332,69.73669469850115,69.92157007656894,70.11809337084883,70.30491940481406,70.49631393356472,70.68807091157541,70.88775701921716,71.11365768367037,71.24918348434116,71.41061958273508,71.57041028027739,71.71853916322058,71.85512369995344,71.9801082521782,72.09368070483337,72.18512892426139,72.27583577059278,72.3531825885598,72.41734928313794,72.47953598073674,72.53646117810987,72.595128315397,72.674515961149,72.77191889418981,72.89552563507101,73.06457707108625,73.27303101194254,73.53786744904644,73.84925163435119,74.20573987069994,74.55220872124245,74.98486418891204,75.332486713461,75.66649285031504,75.9639682638921,76.21516643731606,76.3210762330133,76.47939764640861,76.58392116557567,76.63591384495354,76.6404667744234,76.60059854990703,76.51824255295945,76.41156988565734,76.26748214992735,76.13269790653673,76.01703407026251,75.95855260031713,75.96874569742914,76.07194872220212,76.23173848267764,76.4249509623078,76.6232011490218,76.82776433284413,76.97780925667912,77.09063383823803,77.14312182594733,77.12226707144761,77.05434144992788,76.92181581759594,76.73866951044464,76.50286537889122,76.20776164834676,75.87395039759048,75.5191038389591,75.17616328176962,74.84225732290311,74.51643036442985,74.215093324418,73.94991406789073,73.72381705722161,73.53459302793308,73.3752623606752,73.24218865019195,73.11952671917703,73.01386735107772,72.92250344089531,72.88672885823672,72.80571409776414,72.64366870580395,72.5359715875254,72.41760892465362,72.28990517359603,72.14732868768958,71.9653290941315,71.73382094619221,71.43622026397314,71.03850180829181,70.5384185067287,69.94702265718121,69.3114773927576,68.7150306647667,68.22747409980026,67.8621093814268,67.62348271178944,67.48282676855966,67.45197757698081,67.52016936153835,67.68769645062888,67.93904611124249,68.23320717568868,68.54174643794913,68.86487087064069,69.19868225970218,69.57794860222862,69.90648074740753,70.23464228356957,70.49531087820804,70.76387915066329
52.70606609392668,52.68201948854835,52.64286806698233,52.5995396633088,52.54896803127351,52.497479289368776,52.45594651163726,52.425992314356336,52.40358942366447,52.379823768641494,52.35832027439078,52.34225460290499,52.34411117409798,52.36845749514707,52.41896117531328,52.49343637740557,52.575609392884616,52.66924099149754,52.75601305481063,52.85594235516659,52.96235220664057,53.066237661152975,53.17227467901501,53.28039004085357,53.48249432081346,53.54504926212477,53.64967814476808,53.71723069975629,53.82216544269938,53.92343809056146,54.00440797124469,54.0987383267341,54.184846021248646,54.26128882388148,54.328447029619916,54.38635721747523,54.43706364227297,54.47860427902366,54.49795798083797,54.51413342673792,54.5177384527934,54.5044545372377,54.47580863689673,54.433733478778464,54.38337634005119,54.34352440505006,54.292794893873264,54.23200918732318,54.183157768036445,54.133227335336045,54.08217586683924,54.053867221412624,54.04335413874609,54.056473727366594,54.09622043573528,54.168702736644164,54.27024682561044,54.39971973000472,54.547371886333956,54.76705647947023,54.963253741733595,55.07828015363351,55.14205541705082,55.152161817020875,55.080427139574006,54.96759353042314,54.88683571630669,54.780999255894855,54.63374533445405,54.43836660984909,54.22774486836651,54.038827675807326,53.87139405785439,53.74181913905951,53.66627394759228,53.64771313125181,53.693127507069754,53.785213592456294,53.908389988500836,54.05753539966899,54.2336135287632,54.43647562988041,54.66629566787066,54.914956714003296,55.153972383081275,55.40194106406171,55.65284247039578,55.920704215787545,56.2022987632292,56.49004694721048,56.78236610939048,57.08081323513818,57.37743118391206,57.728901020669355,58.03904231944473,58.30927259212936,58.58935550302867,58.86064467675328,59.07346768513128,59.326054075811356,59.5694384314979,59.81055768373014,60.05188638663683,60.31067169555046,60.560285203175575,60.80386174592366,61.036726630083216,61.256825244589876,61.47105420763631,61.684177433526926,61.90126069768498,62.11257108626282,62.33785462024759,62.555768549147494,62.77975475336535,63.0036987464185,63.23426424096844,63.468939789852676,63.71029197266655,63.96347761838551,64.23458645575734,64.52292254587401,64.81202363140953,65.10280609598233,65.37271255325687,65.6214786234437,65.86638729549611,66.10902240526683,66.39152522931498,66.61914464707887,66.88338630005715,67.13800085475329,67.41397110948496,67.64629267430547,67.8663179549683,68.1133129730567,68.32243964499793,68.52027435394857,68.74393271188559,68.9591385478544,69.15051652545895,69.34605513468652,69.53650874166505,69.73176932096868,69.91984484781679,70.10024542258192,70.30158750638608,70.51310862143566,70.73325191670382,71.02262163998405,71.39599051620958,71.81187099116997,72.23622112029175,72.67708048590451,73.13388091380475,73.61474136379168,74.03951043018067,74.44351430070948,74.83751027565371,75.15328931093642,75.47031735276968,75.76616649401896,76.00739907913807,76.20692894807213,76.33221643082771,76.44462713197525,76.50536741758195,76.51992852734519,76.48829655091119,76.40819654160744,76.30003900798286,76.17408040228608,76.05729833053759,75.97764403148662,75.94087545158354,75.96640771745143,76.08858891046614,76.26984496998871,76.49151587503489,76.73870827747389,76.98524533246857,77.22305783363605,77.41813929846872,77.56498172354961,77.64905080871044,77.65644362507773,77.59471532706739,77.46227128782296,77.27356774999767,77.0530947496153,76.77173069523737,76.50460149869534,76.24616672596197,75.99760771454714,75.77122289231617,75.57876045829312,75.42193280556086,75.3006188253186,75.21461497749681,75.16410869997527,75.144435477876,75.14795463474013,75.19697126830383,75.20826061470981,75.20598290305394,75.15499296457833,75.10799207606115,75.03915028533153,74.94631530223705,74.77424628258771,74.61200098920885,74.41990737306355,74.15585347165946,73.82450603359727,73.45552392491449,73.07357728815082,72.65876447102367,72.28815425302567,71.96161173956529,71.78591096790554,71.65714834137489,71.61919812361545,71.66019615234687,71.7570610190592,71.90516701999576,72.06879910388777,72.25542702147278,72.44098406570475,72.62410873150652,72.80814422851041,72.98324104241755,73.12980878965897,73.23364991021494,73.27806203508717,73.28768478305147,73.25206071669835,73.18421281120675,73.09348309287383,72.97963944501095,72.9058986799403,72.89350294877228,72.96913898426904,73.1411126408124,73.36156215564566,73.63261471530974,73.9441847556709,74.21192850876795,74.43272435295013,74.57800314967386,74.6737240327806,74.68507496062557,74.61730638508875,74.48209501938028,74.27652443130594,74.00122861680315,73.69722664758928,73.3821856874382,73.08225859571735,72.81611158069809,72.59611654374373,72.41573559196746,72.27709761437183,72.18213235098239,72.11208169584285,72.06547619975353,72.0263849501553,71.98093028808948,71.98198237437408,71.93316867023077,71.8718254270389,71.73216233013959,71.62884836694631,71.50106766311261,71.33320164571761,71.15766637901896,70.93358579390852,70.71294768779441,70.4806717609297,70.2435867049474,70.00888848606947,69.78597907397352,69.57789756923248,69.3929900849679,69.24376967279902,69.13036052713551,69.04989109534819,68.98771316951252,68.96106763633178,68.93338191931203,68.97252239956684,68.9233307598662,68.82625022959093,68.60968069982692,68.3696975693445,68.0660325869643,67.70683289181106,67.31371862418189,66.9041315953657,66.5144229196001,66.17573167362418,65.9130324494721,65.71349386468728,65.58797956845457,65.53589344581658,65.5484250909249,65.613395707318,65.71777527524058,65.85157286041398,66.00658591024127,66.17778938011496,66.37151631733403,66.56181768277298,66.75917153851037,67.00431109773072,67.22862527567086,67.39236708158937,67.64581091174956,67.80675641001223,67.98677065761237,68.14570920278952,68.27997579514593,68.40644139993142,68.51978394168803,68.6312077738064,68.72745603361713,68.81741809700266,68.89999023671983,68.99242031283637,69.08641683906144,69.2007903182341,69.33080624157351,69.47970716485447,69.64976397777092,69.83169397581116,70.02611495729458,70.21281600264483,70.40485103721704,70.5981050968746,70.80320743455393,71.02657445910697,71.17191093868362,71.33450122419472,71.49883041213995,71.65159052795566,71.79270274003834,71.92197928063162,72.03945693343454,72.13511453258467,72.22848918083214,72.30782151604085,72.37324578036542,72.43531851611695,72.48813928614511,72.54730488707366,72.62277189374139,72.71363529876352,72.82854848121336,72.98599390399981,73.1813675627509,73.43301998229397,73.73496151947722,74.08721838231725,74.43465987551956,74.8795546196279,75.2366409265152,75.58465018717102,75.89436054726647,76.1588738599259,76.2693833108372,76.4421235026729,76.56111437149879,76.62656711600049,76.64307089999697,76.61324921975812,76.53852037529714,76.43522649712705,76.29211748118219,76.15229878771723,76.0259201527259,75.95260468862332,75.94653241928438,76.03499773677304,76.18708589641703,76.3781101308081,76.58078089211968,76.79670500840956,76.95492110197908,77.08223124294699,77.14982312362943,77.14498550101158,77.0913667139594,76.97227497801765,76.8004644257489,76.57378984730738,76.2850552560481,75.95477134663261,75.59977354215108,75.257648592985,74.92225726830631,74.58685046181046,74.27658195558888,74.00129975806077,73.76546114087273,73.56803881960748,73.40238528983092,73.2650435288855,73.1407792725971,73.03543136110395,72.94570740400208,72.91018837832372,72.83033678467555,72.67847405780904,72.57585619207643,72.4634304899059,72.34295040171405,72.20895676150157,72.03706941094008,71.815563144766,71.52736581307842,71.13811312211868,70.64379706977688,70.05402382598878,69.4144287827246,68.80659182838181,68.30041952898401,67.91120198782718,67.64525686302765,67.47670923235054,67.41883956938389,67.46341826222928,67.61265677829212,67.85157612430125,68.13700878085022,68.43996019761025,68.76016841533558,69.0946162251994,69.47431014782222,69.80710856852711,70.14146003930799,70.41134120926893,70.6862044148853
52.6984527434,52.67747759879928,52.636382637484935,52.596567414247545,52.54844888478955,52.4936571922279,52.44950639397176,52.4159586821826,52.388678664727664,52.3590161725887,52.33078493466632,52.307603860869015,52.302256181817796,52.319860460396356,52.36396658996176,52.43200386037649,52.50914879831434,52.5986073722809,52.68306966923999,52.78076396465454,52.88549615249405,52.98885140247407,53.09501795110564,53.203766508560065,53.41620679342545,53.46826028674058,53.57537282227914,53.653101875342514,53.76207308546031,53.86686049402622,53.94927478657078,54.048110536651144,54.13901297545657,54.22054429397791,54.29288033530472,54.35561322460621,54.410632017325725,54.456255289025194,54.480729460579035,54.50121889316545,54.509424281818944,54.49983642511612,54.473754948638266,54.42797927586004,54.38091958145496,54.3437744344774,54.29517634272214,54.23161056383276,54.179637794153905,54.12549266784483,54.06958017327819,54.03385581978635,54.01449164189847,54.01764951270249,54.04726085865002,54.10994198702901,54.203200432822634,54.326887822696115,54.47260833681902,54.69002926123428,54.90854018743831,55.0352928796969,55.11189677946984,55.13480227511045,55.06244593754013,54.96678501033742,54.898056859846704,54.80185618123225,54.660451748490665,54.46538308111347,54.25059924433049,54.04940772993139,53.873318898747094,53.725258221819985,53.63079001561062,53.59237756123128,53.61825958154978,53.69300903424875,53.80160763315287,53.93857538338243,54.10444928976995,54.29884994609944,54.52177955182185,54.76512709400195,55.00042130504576,55.2454464193334,55.4945240755038,55.76155202189252,56.043006776735126,56.33117896689491,56.62431319848547,56.91932051916837,57.216732633174,57.5704376160493,57.882149264153206,58.15393125915644,58.435089359947455,58.70767752563541,58.92772686175712,59.182016414525954,59.42701872661753,59.66465468282467,59.90788262496563,60.16816118084607,60.41916194364378,60.66384870870371,60.89758666512227,61.11843962187645,61.33326148630732,61.54665263680222,61.76349625479888,61.974189794297246,62.198233690617805,62.410149008779065,62.63105101434754,62.8522356472637,63.07989476962846,63.31188617934072,63.550867364402656,63.80204011709,64.07151546655399,64.35839116536287,64.6469933873456,64.93801553640759,65.20634322560711,65.45405753046657,65.69862952082819,65.94162105632235,66.22530570016202,66.45904929453975,66.72538836710996,66.9821404196771,67.2571238117563,67.49078582966314,67.71246118231964,67.96112059789786,68.17266942916007,68.37599486067022,68.60270152014425,68.82101638889887,69.01548272153987,69.2149040154792,69.40870821797698,69.60577871877064,69.79444910509756,69.96903696445047,70.17006076076765,70.37695259849356,70.59054993320814,70.87243055055065,71.23839903099761,71.65015596291228,72.07221011963195,72.51330008092071,72.97358604726419,73.45945143764175,73.89109299047087,74.30709449034157,74.71247818566884,75.03197884480845,75.36275859973966,75.67457657754835,75.93274068910692,76.14835285588838,76.29268183177857,76.4193010114625,76.49313170857657,76.51834787351044,76.49491253628628,76.4210061352943,76.3147863251078,76.18696315340156,76.06402026448487,75.9736014581976,75.92362515170359,75.93490002832502,76.04236139761396,76.21317596732038,76.42962724303607,76.67768874763637,76.93070264816983,77.17790098724186,77.38541632468421,77.54649343507195,77.64627092786743,77.66935170170565,77.62280171580767,77.50411557663297,77.32606452381647,77.11121652638752,76.82917253212351,76.56490132807089,76.3063475327179,76.04858994843293,75.81340783406702,75.6110042149459,75.44427173138406,75.31407150717828,75.22095331758607,75.16565709222492,75.14402761334428,75.148976948014,75.1968870140202,75.20904682140538,75.20984595083074,75.17132564407733,75.13202823892989,75.0716119159854,74.98798775155741,74.82934588056379,74.67645477422383,74.4923987540642,74.23469080526894,73.90726659563258,73.53466974219023,73.1523154429211,72.73161077612048,72.34544486256851,71.99554471773303,71.80459814768537,71.65458016230428,71.59849460979268,71.6252407516478,71.71209857992179,71.85330712973989,72.01397990161378,72.19965035963804,72.38689757932619,72.57405041571234,72.7651820290138,72.94957542335102,73.10640461682748,73.22034727369683,73.27528308158145,73.29267852333344,73.26242994218583,73.19348889129382,73.10522804047596,72.98287440921698,72.89745872944566,72.87060795590533,72.93094586819231,73.0890322995734,73.30180797086327,73.57205178053412,73.89217886439816,74.1696844346956,74.40350283578817,74.56187927238477,74.67454921828836,74.70284933323427,74.65092534629294,74.52877815500399,74.3325033242118,74.0634922071701,73.76003330210457,73.44558347989387,73.1360584970368,72.86168398570695,72.63152067413256,72.44041039598746,72.29248030298491,72.19096102932016,72.11745060902739,72.07350040279599,72.03242481161725,71.98763199901803,71.99157208951152,71.94684754779271,71.89096498432963,71.76747283935417,71.67201712050768,71.55177290026842,71.39160250381435,71.21987619817216,70.99354999496919,70.77668063702147,70.54580205889306,70.30783016973936,70.0620235078004,69.83157949476893,69.61487834638825,69.42082158323034,69.26298333067491,69.14204216987115,69.05547219646496,68.98996462977196,68.96162248593868,68.93705569146792,68.97825366128104,68.9411841957954,68.85747000750338,68.65907501946313,68.43339190190167,68.14019356644287,67.78595967887581,67.3922308564343,66.97572453470927,66.5784131379737,66.22133149351394,65.94073592526203,65.721180138239,65.57580593790601,65.50601382505687,65.50306461558037,65.55488857644345,65.64868928383922,65.77464302009871,65.92433505609438,66.09316589046375,66.28358714940742,66.47368897018409,66.67207838656084,66.91682032721569,67.14150902306609,67.3152270587928,67.57115211247512,67.740301479315,67.92553802285677,68.08939192243632,68.22888972957965,68.35087898356977,68.46823290388892,68.58251143812268,68.6802406499564,68.77041781999128,68.84661921621228,68.9338456976344,69.02264021309618,69.13079025263104,69.25475846730241,69.39819205895256,69.5637438009409,69.7424610102491,69.93444462198941,70.12080816369837,70.31324954020225,70.50777792726869,70.71802824164625,70.9382156489674,71.09381188140244,71.25757208611333,71.42642505302926,71.58384057045926,71.72953658722177,71.86319295332785,71.98469414255847,72.08480804709656,72.18102353393836,72.26255045924299,72.32947884275397,72.39165734893199,72.4406306637803,72.50061670006221,72.57236279667812,72.65681712221658,72.76309701580657,72.90880508303512,73.0908215995512,73.32874627283365,73.62060379481142,73.96788888911475,74.31571868755945,74.77096808781836,75.13696866084214,75.49814632213987,75.81961698738935,76.0971889750659,76.21427939089793,76.40147990270684,76.53512439129247,76.61434199789386,76.64321736120482,76.62397712053766,76.55753413542548,76.45827287662138,76.31694038875168,76.17271650011136,76.03609363605933,75.94810883207214,75.92558870861507,75.99866310508033,76.14229491751274,76.33034027650781,76.53674588335929,76.76329828845529,76.92929801212769,77.07081525741297,77.1533893934046,77.16469141957676,77.12554120796564,77.02022964787909,76.86019081178053,76.64316200565882,76.36139302243086,76.03526772335171,75.68081089846633,75.3400459782672,75.00357686863332,74.65888166979624,74.3398039589381,74.05435258313607,73.80856308823044,73.60263607620095,73.43029311543181,73.28832242910104,73.16215593350806,73.05682287167632,72.96844526015937,72.9323005363796,72.85325517795368,72.71214196768238,72.61450990327006,72.50797022950402,72.39468944615265,72.26929313150572,72.10768180959748,71.89639704628026,71.61796073210115,71.23775123718501,70.75002906096614,70.16299203925088,69.52065015489204,68.90266090329777,68.3787988707737,67.96628783057025,67.67305018257919,67.47639791539896,67.39087512491604,67.41103827694704,67.54112572480565,67.7667808415562,68.04269855803261,68.33938359802579,68.65605488558447,68.99073771536301,69.36994815718647,69.70680916407446,70.04729993795688,70.32697205001236,70.60823897161312
52.68999436396999,52.67243613389243,52.62980684186991,52.59386440371848,52.548585410560186,52.49087087665775,52.44441058666537,52.40750570305611,52.37552726366675,52.34014533282598,52.30531397011584,52.27508775906799,52.26251653980968,52.273267494531794,52.31077032539721,52.37202983663372,52.44383969333314,52.52879523947813,52.61073649179635,52.70589599508879,52.80862561686687,52.91118469339049,53.01722285209884,53.126349341648684,53.34701369704876,53.38968922463357,53.499122676092114,53.587327769249924,53.70021945131853,53.808425982108446,53.892373626398815,53.99566375283215,54.091329302064,54.177934300954526,54.255463485781355,54.32306703161315,54.38245999325738,54.43225315195367,54.46205311067039,54.48702830541324,54.500067832647694,54.49443302994015,54.47122005455668,54.42206805155276,54.37866732416912,54.34450671617709,54.29840154987945,54.23247382324009,54.1776774455731,54.11961766806214,54.059166963668254,54.01618273512703,53.988027351116415,53.98115990192383,54.00044188371712,54.052956728862334,54.13745008615826,54.25478700970622,54.39801335149046,54.61189726690212,54.850593774257334,54.988571867110466,55.07797130451859,55.11399287436839,55.042917259554976,54.965420374906074,54.90913765470691,54.823063327237286,54.68819050735913,54.49435282145662,54.27640374696171,54.06373127833267,53.879714609634306,53.713657276153874,53.60048698509083,53.54223522523466,53.54837363291785,53.60542691048735,53.69899013433043,53.823299554950175,53.9784840117338,54.16394986080391,54.37954627407743,54.61718418537448,54.84841710886787,55.090213240845394,55.33722096355163,55.60320252776189,55.88432783010676,56.1727544846538,56.46653554634532,56.75787730281184,57.05594088908345,57.4113627336252,57.724598475168044,57.99789784615134,58.28008469088339,58.553953803818146,58.781767897828225,59.03780109872844,59.284484912951385,59.51866188238724,59.763892222158624,60.02576510498497,60.278256387340846,60.524118642870334,60.75881391464028,60.98052657157386,61.196027661707035,61.40977359157726,61.62646786449379,61.836660740628965,62.059510032128856,62.26547252446771,62.48328559554962,62.701725945329784,62.92643819757546,63.155673221919024,63.39218488174625,63.64122407956881,63.90892649261852,64.19415921444755,64.48212873844017,64.77322340386803,65.03984591836675,65.28637962435904,65.5304735390362,65.77372595466291,66.05817239791529,66.29831568074626,66.56667619091425,66.82550433169213,67.09908759908765,67.33401091256488,67.55728131375564,67.80749589920732,68.02151421002972,68.23060317866532,68.46036017950213,68.681796458394,68.87936386045372,69.08275944472196,69.28002872639031,69.47904129155492,69.66851901309269,69.83759446853544,70.03850492021891,70.24093626747084,70.44815379194422,70.72254716110477,71.08085872847526,71.48813724515503,71.90739826688899,72.34818136114933,72.81146609076633,73.30154012773512,73.73951263207994,74.1665765092656,74.58264437158827,74.90673721162773,75.25111002635524,75.57882029056913,75.8539898996827,76.08575983522955,76.2495246072256,76.39060819991602,76.47793412074859,76.51431914296785,76.4997006081541,76.43273553219018,76.32920004305383,76.2002596455277,76.07180345453085,75.97103545905689,75.90806425903291,75.90501941295088,75.99721170353023,76.15686643744124,76.36730887499152,76.61546255239786,76.8742936114953,77.13027136884307,77.34983215959286,77.52492648703564,77.6403837379662,77.67931791859827,77.6482791244357,77.54385321062574,77.37707447538301,77.16844813801477,76.88653147749068,76.62573990690834,76.36758899398075,76.10100268275829,75.85725730520913,75.64496656968257,75.46822017070302,75.32887890675198,75.22829010624388,75.16778523922196,75.1437713731432,75.14970833777427,75.19566907130258,75.20824294850334,75.21174532922133,75.1858004487123,75.15412767866867,75.10218846257176,75.02793764287281,74.88339340051328,74.74018825312106,74.5645641178698,74.31374071488847,73.99091770373067,73.61545473515078,73.23347271964332,72.80763328999343,72.40655912155738,72.03467643148927,71.82745327766885,71.65586895779337,71.58112327027195,71.59294251772745,71.66909033844372,71.80259184058038,71.95965209327588,72.14371750733986,72.33217801609729,72.5230105017336,72.72096248644581,72.91444414144866,73.08144425592162,73.20556068697297,73.27135013350602,73.29686529165882,73.27242616656312,73.20286236074683,73.1175895994541,72.98736022801175,72.89064255176389,72.8494117435224,72.89414999992614,73.03763443596064,73.24199717105954,73.51063451373355,73.83834895479987,74.12498220620483,74.37137929805773,74.54275076442775,74.67230586796065,74.71774836111662,74.68205960337924,74.57351560106743,74.38720688821516,74.12530771259978,73.82313431186267,73.50988990535032,73.19120040773755,72.90886612263533,72.66858739970705,72.46660421504566,72.3090694758111,72.20060617938522,72.12325179140215,72.08154010261421,72.03809005061554,71.99369833025224,71.99980955612367,71.95895487502804,71.90838843298678,71.80166547422569,71.7141559760597,71.60162603249644,71.44951530101478,71.2818568791503,71.0537869086771,70.84107192378887,70.6119792788453,70.37348557307281,70.11686190375475,69.87907412583688,69.6538205276146,69.45053239365225,69.28385326080547,69.15504558299548,69.06195336961169,68.99272998662181,68.96214236916784,68.94026807825037,68.9824422014625,68.95726329518668,68.8868900813459,68.70740945132344,68.49654266295467,68.2145073795745,67.8661110369643,67.47272021542679,67.05026466150372,66.64620043987442,66.27137016940654,65.97320115653892,65.73369236428107,65.56827169956188,65.48036624363353,65.46141121427254,65.4995129345821,65.5821607524418,65.6997361696814,65.84362570502411,66.0096526737169,66.19627545704357,66.38586575802627,66.58502749875107,66.82870066309513,67.05343237342157,67.23756488795837,67.49544878304341,67.67319408588702,67.86369070855511,68.03257246464547,68.17755843901952,68.2952513942786,68.41687398778163,68.53425750142574,68.6337415131744,68.72436252634887,68.79442869325287,68.87660969568489,68.9603672846242,69.06230926600264,69.18015156323257,69.31795928846627,69.47877957535877,69.65402314296531,69.84324041289294,70.02903660470287,70.22163169381547,70.41718972342531,70.63225262866762,70.84869522862354,71.01485259822806,71.17980989143315,71.35314305487107,71.51521082022524,71.6655218993483,71.80362368132039,71.92924777678981,72.03403547001037,72.13325548344402,72.21718113173934,72.28585964060295,72.34837660666996,72.39380722957124,72.45492396797803,72.52318102941383,72.60140785615027,72.69917497372758,72.83309469319614,73.00155968005521,73.2252982615768,73.50647748044388,73.8480569196152,74.19565547244162,74.65912204943314,75.03341638460962,75.40677784252226,75.73946975714078,76.02978796471625,76.15570287566808,76.3573593020933,76.50580054134437,76.59905221483587,76.64069276109294,76.63255131244333,76.57504375766885,76.4804872208307,76.34173785042809,76.19378827100978,76.0474742293633,75.94508640635651,75.90604237662257,75.96317048301032,76.09762773818386,76.28190251420871,76.49131002748656,76.72766689428825,76.90104137814255,77.05641667070681,77.1537917613117,77.18129169466951,77.15673375683748,77.06551403416621,76.91766154419281,76.71078365596706,76.43657794111817,76.11525271478818,75.76205219257135,75.42319158745043,75.08606235879543,74.73244835292081,74.4047401661885,74.10911588894356,73.85322422755392,73.63853061265787,73.45916049112016,73.3122129272067,73.18383096557585,73.07819152743603,72.9908380322412,72.95322507507359,72.87462915664067,72.74468746767205,72.65191367971816,72.55117693782815,72.4450382230895,72.32822131362904,72.17700846370693,71.97613636562738,71.70779786803459,71.33718718773015,70.85686004122407,70.27363670910748,69.62981417217091,69.00289594214034,68.4622942796567,68.02710732972567,67.7067048601896,67.48183740613717,67.3681425553303,67.36317635704893,67.47329779741527,67.68486122015871,67.95046979565355,68.24019449545081,68.55269189578905,68.88716955323102,69.26501582541091,69.6056932449164,69.95222005917485,70.24214894913014,70.52989239162514
52.68049671544805,52.666702315182995,52.623000664070915,52.591276264919436,52.549211913892115,52.48899861157395,52.44056502534837,52.40056972803645,52.3641085927438,52.32322166757684,52.281957952126234,52.24479723456569,52.22502008139352,52.22883621396256,52.259553480835095,52.313726783245215,52.379907898262076,52.46003821134822,52.53923274030405,52.63155438189969,52.73195487189475,52.83343993101536,52.939077872194794,53.04831276895371,53.274781621818,53.30954557649162,53.421111459280844,53.51994042346654,53.63660324822405,53.74811179349447,53.833693277497126,53.941363453039536,54.041737312126536,54.13337736880338,54.21609273557428,54.288597425640916,54.35241227630315,54.406449778955604,54.441753772143606,54.47137435861994,54.48946872612036,54.488037248055235,54.467997862004566,54.41585959255721,54.376463082752245,54.34555789184614,54.30229832471185,54.234462968043935,54.17717759135482,54.11554119597625,54.05090626399849,54.00087239970187,53.96404420663439,53.947147840427554,53.95596231423612,53.99799998839781,54.07328956836033,54.18373044115076,54.32388413884312,54.53301352928674,54.78923057152337,54.937806771827475,55.039886782834024,55.08929248441464,55.0217743804609,54.96326761336118,54.91977366827096,54.8442610893095,54.716573203366075,54.52489431086098,54.304794872922294,54.081516763247585,53.89030630359132,53.70684121829763,53.5752814159446,53.49729003234722,53.48355100259416,53.52261056832616,53.60073158471267,53.711937361940294,53.85596793292177,54.03203303307254,54.23984860481883,54.47136630604841,54.69818184397143,54.93644558855647,55.18111697390677,55.445815374827944,55.72639607552415,56.01488188105285,56.30911796137351,56.596599170500944,56.89516019588802,57.25179050323054,57.56648801531745,57.841257478156535,58.1244176218358,58.39954085801448,58.635552178195844,58.893359847322365,59.14178002855614,59.37257205834974,59.61989668507589,59.88345581134274,60.13753330044408,60.38463267254377,60.62036574086545,60.84303911623204,61.059303333751764,61.27348928985184,61.49012384537395,61.699931100896244,61.921635458772556,62.12174582359802,62.336487945289605,62.552213455738794,62.773954765821266,63.00037453360642,63.23432800496673,63.48111920412476,63.746911521801884,64.03032181055148,64.3175161001516,64.60850394386645,64.87330174223794,65.11853022395876,65.36200568924626,65.60541846796005,65.89022012731729,66.13695658010367,66.40725033368204,66.6680831403287,66.93990032005414,67.17600548122135,67.40081190240225,67.65247416881493,67.86899218348468,68.08405989393744,68.31685711498518,68.54141471291351,68.74208612749815,68.94952546017572,69.1503576164877,69.35143985089177,69.54193705785549,69.70586066176774,69.9068596330451,70.10503799885643,70.30609526670183,70.57306772797912,70.92353244569779,71.32600496067792,71.74199158725992,72.18193186226934,72.64771031667827,73.14116393168153,73.58489502589963,74.02195780956154,74.44793264578416,74.77769703982372,75.13546602703913,75.47894330354843,75.77112879006849,76.01907873061636,76.20257519499513,76.35834267160163,76.45953830113,76.50759244367843,76.50240946437783,76.44313326333854,76.34305505461333,76.21378543332864,76.08052082928035,75.96990263360154,75.89423808389402,75.87689466752154,75.95335742067186,76.10117833446436,76.30482808536163,76.55226356221831,76.81618707000239,77.08027721749572,77.31142933946626,77.50026129204471,77.63131037158227,77.68621027448393,77.6709701570601,77.58127331225907,77.42636261113202,77.22456789352384,76.9436392985931,76.6869425492032,76.42972054745216,76.15476254046403,75.90275223073634,75.68069417329123,75.49388205542998,75.34518649585654,75.23679381818205,75.17066657811529,75.1438258402197,75.15027223466166,75.19347637063989,75.2060128049946,75.21183895968656,75.19845450854571,75.1742860718699,75.13083107347512,75.06606917038215,74.93618528616061,74.8029645615515,74.63614406407393,74.39273185514668,74.07518590917775,73.69766328174903,73.31682190262445,72.88660871380895,72.47135143308854,72.07914977511277,71.85450840370993,71.66114156524704,71.56727793211192,71.56353414380605,71.6282745103399,71.75325560776322,71.90601570022514,72.08779807882752,72.27695613819847,72.47107982521037,72.67552642508709,72.87783430042855,73.0548643461374,73.18918487455835,73.26610688197594,73.30006812286624,73.28186829440783,73.21220451420359,73.13042706979016,72.99302622384654,72.88546067071111,72.8300144613926,72.85892939889192,72.98716686113491,73.182392215451,73.44859743599496,73.78283056167494,74.07789043834761,74.33635758802414,74.5205876408187,74.66690068135142,74.72962475547753,74.71052029204462,74.61609443646235,74.44041865744745,74.18645889790996,73.88635023467359,73.57493067414897,73.24760411371872,72.95763622489106,72.70736216460638,72.49442457176639,72.32701442940336,72.21123671765471,72.12964806488571,72.08970240182714,72.04349788970927,71.99923943798264,72.00682204204354,71.96960297233342,71.9241882955478,71.83466171736764,71.75514815494557,71.65047749732031,71.50674990176148,71.34342528598287,71.11416952442998,70.90597972456607,70.67905597330352,70.44040840354764,70.17336270101255,69.92847319930398,69.69478594763811,69.48223180443343,69.3065269767929,69.16954673685404,69.06952934445108,68.99619610352173,68.96281052571369,68.94316029653828,68.9852705499281,68.97165764426505,68.91451244372898,68.75452833217379,68.55891082139853,68.28868093680387,67.94697249593834,67.55488316178472,67.12748993209628,66.7175241937937,66.32567946160964,66.01033640422368,65.75101848348447,65.56543753002029,65.45907320719681,65.42362975743065,65.4474576435151,65.51838680602252,65.62704454559366,65.76463529592802,65.9273980081105,66.10973167072919,66.29847235010712,66.4981150751339,66.74007741770272,66.9645290804487,67.15938028949935,67.41872482925622,67.60536782529796,67.80113664941449,67.97513693974324,68.12583682609086,68.23949151469742,68.36562002578448,68.48634565238386,68.58784953873763,68.6791418423514,68.74337012536817,68.82070643810317,68.89962361709149,68.99541385742648,69.10708733407947,69.23913746181437,69.39501670837218,69.56653233704239,69.75266037796482,69.9376420423865,70.130119749352,70.32644080601214,70.54591378379156,70.75812717344738,70.93499937489086,71.10119236309639,71.27893326959123,71.44562280674734,71.60055533426251,71.74314587566282,71.87297328071314,71.98262280353926,72.08500168288178,72.17152524710302,72.24219934421163,72.3053004168191,72.34754090207356,72.41008690443641,72.47511895140323,72.547350992166,72.63678608985353,72.75894681948685,72.91374836197465,73.1229278894347,73.39288159646463,73.72802800234152,74.07474054524539,74.54403396042191,74.9259305659854,75.31034133561889,75.65365102940085,75.956347010857,76.09359216762027,76.30965415641512,76.47299213804199,76.5805114910287,76.63528370270731,76.63874085567271,76.59080916635152,76.50164772644534,76.36629684400367,76.21535132770296,76.05998164173833,75.94355878716947,75.8880212345082,75.92874552644916,76.05334655064941,76.23305795871266,76.44468722924744,76.68993354721532,76.87025259104112,77.0390662718993,77.15100135338959,77.1946931938162,77.1848131854658,77.1079623438651,76.97268949863911,76.77645660025362,76.51041300573321,76.1945395079824,75.84333370913257,75.50692157036889,75.16955997370405,74.8074748757177,74.47137140906294,74.16563302131028,73.89954588710236,73.6758682439225,73.48916207053821,73.33690259957068,73.20597863246647,73.09968697302425,73.01300674312151,72.97312173707498,72.8946185997786,72.77612559002607,72.6880484800326,72.59299940925835,72.49391264870233,72.38562482379858,72.24489154687171,72.0545948177,71.79667006787189,71.43619200799334,70.96403557147816,70.38566724769845,69.74159349747225,69.10695499753531,68.55058791012048,68.09340090536311,67.74606308560452,67.49297229299741,67.35070017237959,67.31997945389222,67.40936750336678,67.60601821726021,67.86051578213078,68.14257074614055,68.4502410603511,68.78403456184147,69.15966634758512,69.50387152191969,69.8562784826207,70.15681745531413,70.45107424569979
52.66976555764564,52.660083364026235,52.615824088021625,52.588648631048315,52.55016270009205,52.487918665892,52.43787564565096,52.39508710818316,52.354396024220826,52.308255595064814,52.26076745208434,52.21682322442593,52.18989463988926,52.186724235097884,52.21049715549088,52.25730717727893,52.31757923342225,52.39256990615023,52.46877763258745,52.55795506051759,52.655698189713256,52.755819512461755,52.86077150159365,52.96983101930946,53.199377157867815,53.22803884300258,53.341522924919246,53.450971879980386,53.57122318412685,53.68589516687059,53.77322252663405,53.88517511503567,53.99017931669978,54.08679202151654,54.17466433920807,54.252083193834494,54.32035357269818,54.378697081177464,54.41965628603036,54.454069747924244,54.477426583077616,54.48044197580691,54.46388227833448,54.40921368557394,54.37415037176303,54.34676460318163,54.30669447658603,54.23744200074304,54.17803910055982,54.113202111575404,54.044768100258,53.98794924577807,53.94262514868691,53.91575627361059,53.91402095350646,53.94532479188914,54.011012662171794,54.114031267145386,54.250517907371886,54.45373108120115,54.724266648569234,54.88268724980125,54.99725100505305,55.06025997486911,54.99895057510028,54.96009471493485,54.929660467922574,54.865089862848556,54.7452114288181,54.55662602930899,54.33540911887434,54.10248262691257,53.9048190936934,53.704634964487816,53.55508986808363,53.45754589165419,53.42387303199895,53.444703354919206,53.50702607697873,53.604718251920985,53.73715129160091,53.90335712198399,54.10293931422755,54.3279117739512,54.549937559780226,54.78434752242539,55.026395945936734,55.28955020452294,55.56934566516731,55.85766953665769,56.15214525197348,56.435601706667995,56.73449479783533,57.09183505469869,57.40791594742945,57.68409528021442,57.96816427880401,58.244506034937395,58.48904108771116,58.748644379211306,58.998847111488296,59.226377986643975,59.475877520577406,59.74120564329503,59.99695744913083,60.245351921844204,60.48219950602601,60.705930278400764,60.92303910235775,61.13774872362569,61.35441251604368,61.563948050737295,61.7845617845407,61.978975633554654,62.190687511885336,62.4037419936127,62.62250471537765,62.84606373042185,63.07738021433352,63.32181518906063,63.585562541955056,63.866974071098,64.15324188793828,64.44393140190563,64.70679180792285,64.95059464810332,65.19331231058457,65.43677996388534,65.72154369311053,65.97498476701715,66.24711135762536,66.50986739511714,66.77959982323084,67.01680709384316,67.24308650138552,67.49609069855062,67.71512154540278,67.93632559249001,68.17214075161937,68.39980710903104,68.6035757079708,68.81510609960144,69.01958223785171,69.22285720835141,69.41458572543925,69.57377827107814,69.77506454755147,69.96923616313933,70.16440613127084,70.42408850750644,70.76658301972027,71.16394923226066,71.57619610594179,72.0147591199597,72.48250799736702,72.97847934709077,73.42736584282167,73.8732358433093,74.3082668206286,74.64499095782595,75.01592099621415,75.37499128695354,75.6841394394673,75.94823838656953,76.15166403291349,76.32229840078516,76.43770789675274,76.49791788360315,76.50278780282079,76.45194785978299,76.35612625257849,76.2273560714687,76.09004531733812,75.97015958136849,75.88219193660946,75.85065458822962,75.9110161414957,76.04637361250278,76.24245218860682,76.48832564755776,76.75655187124876,77.02802677225588,77.27025040057605,77.47247826270322,77.61897196129115,77.68989676809086,77.69069741778945,77.61616500399072,77.47369393749811,77.27935410194164,77.00032776268495,76.74833456895088,76.4925716308337,76.20978614449106,75.94987353564247,75.71823367655995,75.52136131747713,75.3631397463088,75.24663292811233,75.17447454605373,75.14435009752077,75.15079206931685,75.19046784252102,75.20252019987012,75.21028476368723,75.20932495364009,75.19249909512587,75.15749089708007,75.1022865282843,74.98751798123021,74.86454683516602,74.70687919227007,74.47139288067228,74.15979776326019,73.78107975993784,73.40213577617155,72.9683137487334,72.53967620025846,72.12910764288245,71.88579557166241,71.67052482207018,71.55715242237136,71.53724832310378,71.58988931132527,71.7055328865345,71.8532707438127,72.03206168835027,72.2213627078101,72.4183492217828,72.6289146692182,72.83973300400896,73.02660152667079,73.17111456096816,73.25939701810631,73.3021100517944,73.29057523029756,73.22138664630208,73.14359975146606,72.99980171917258,72.88192361010331,72.81251625928492,72.82546208451109,72.93787738625697,73.12325556325415,73.3861750684051,73.72575921982238,74.02847774617577,74.29844155395267,74.49535991657349,74.65824035801455,74.73833122752194,74.73611854798588,74.65630174008061,74.49192216604021,74.24672952791829,73.94950162834725,73.64053149663137,73.30518940087937,73.00797252588211,72.74789041296967,72.52397898877389,72.34646446031482,72.22302156060577,72.13680225139663,72.09809440305388,72.04876555145748,72.00436547839972,72.01273681510416,71.97890416010542,71.93845709454997,71.86638305139353,71.79487687850828,71.69817773226363,71.56311617049701,71.40439828269966,71.17457083162557,70.97126221582243,70.74688469478494,70.50845414976368,70.2314849266538,69.97978694729683,69.7378364411854,69.51602910377365,69.33115199223948,69.18572160179244,69.0783948506459,69.00054984393132,68.96381019527078,68.94587356321051,68.98692123649471,68.9844568292555,68.9403390872632,68.80027599878031,68.62025734612831,68.36242114857565,68.02822958565972,67.63841615613329,67.2071383028342,66.79212376822296,66.38409113043095,66.05204992923744,65.77314643652038,65.56736410587943,65.44225722139707,65.38988511548385,65.39891156502352,65.45756456955557,65.55676038426716,65.68754126770362,65.84655017188055,66.02410622095096,66.21163305023421,66.41143731576204,66.65107590337205,66.87493289785877,67.08067298382898,67.34100415691523,67.53675629311742,67.73778378014202,67.91697145805595,68.07357979341904,68.18353222746579,68.31438385031579,68.4386755796653,68.54245564211253,68.6346453942747,68.69339497008482,68.7661300560045,68.84043477394397,68.93017052598026,69.03566758455841,69.16185518741555,69.31260060732872,69.48014055556288,69.6628625651647,69.84676519347745,70.03883595810706,70.23563149569678,70.45904489519157,70.66662545881086,70.85421849712132,71.02169722404527,71.20374454911544,71.37499805951943,71.53453354980898,71.68163394740856,71.815726098913,71.93039604989652,72.03607878578418,72.12539451890707,72.19830912387935,72.26225290686756,72.30170359984307,72.36596572305265,72.4280689221009,72.49459002186502,72.57593409906131,72.68644554691123,72.82755420302135,73.02188709731867,73.28011516296382,73.60810766581649,73.95324422105023,74.42572127673444,74.81445767313731,75.20863338873042,75.56189297704964,75.8765422954682,76.02788566922709,76.2582569212552,76.43654849777292,76.55853355067462,76.626776789094,76.6423148104235,76.60459028579777,76.52153259015574,76.39040434727062,76.23724289748145,76.07353558228488,75.94354735020401,75.87165309347326,75.89561389128313,76.0097135471286,76.18406772482146,76.39709139338783,76.65022096854345,76.83703304184098,77.01879485006125,77.1449892956772,77.20480278454322,77.20964831874149,77.14740878396175,77.02508755077262,76.83998264054001,76.5827012098991,76.27294128997474,75.9244917328165,75.59107207685689,75.25391594827055,74.88388560272055,74.5396785192843,74.22394732606317,73.9476293951349,73.71479478493912,73.5204725073282,73.36257902256105,73.22877319784588,73.12145885308213,73.03507241567432,72.992150265053,72.91338338640958,72.80647136699248,72.72289526282522,72.63338643817484,72.5412286391689,72.4413871779413,72.31117323269514,72.1315861173906,71.88437017860623,71.53453673221392,71.07130121265602,70.49879306716383,69.85566079370706,69.21449612210843,68.64336191665244,68.16490897755229,67.79096704856951,67.50974716441193,67.33860628781703,67.28159451883424,67.34952934990609,67.53045279001218,67.773029805882,68.04669020635006,68.34886399367242,68.68145556423245,69.05405291879869,69.40145470595114,69.75953328795306,70.07092311725607,70.37169410461546
52.65760665037417,52.65238650177736,52.60813709765572,52.58582713530296,52.55127207446671,52.4875093085275,52.436248383203434,52.39099419455574,52.34636293035991,52.295257533513464,52.24179304137703,52.19125666571251,52.157268048616864,52.147089174347,52.163782448580086,52.202983495802826,52.25707951913481,52.32662394214311,52.39959038647084,52.48531396637286,52.58006984245809,52.67852583484279,52.78249223049559,52.89107832155021,53.120666895332796,53.1453785248543,53.260540826081176,53.38045418077951,53.5040779669769,53.6217533409231,53.71095016057794,53.82706421658297,53.936597626839344,54.03809678308605,54.13107455120724,54.213403123338786,54.286148588677634,54.348846969765766,54.39558549336225,54.434927168464775,54.4637410243602,54.47144010954063,54.45866721089903,54.401990117303534,54.37157270576011,54.347963491880606,54.31141781486865,54.241274923836116,54.18016284224889,54.11253927484787,54.0407224984358,53.97743770562281,53.9238531175085,53.88712814686989,53.87481660482766,53.895184165590024,53.95091315033568,54.04600263780583,54.17821186557169,54.37440295545837,54.65551807472766,54.82290295698504,54.949671761812645,55.026454215351755,54.97437911831546,54.95566966885915,54.93849362104545,54.88519004325406,54.77371677602185,54.58916645678313,54.3678829814799,54.12634731156401,53.922978093015836,53.70686343096096,53.53982890141959,53.42300671224084,53.369421062552384,53.371848617420575,53.41806770380776,53.50187167246033,53.62228432603827,53.778179786616946,53.969071172485016,54.18705890701035,54.403906305718074,54.63412310241101,54.873241719008945,55.13456665827919,55.413310751216315,55.70122583203409,55.99570222654871,56.27500049574531,56.57404893917301,56.931610517863106,57.24898033433217,57.52649637736745,57.811400787787306,58.08891668129988,58.34219601122539,58.60360641329876,58.85562919980457,59.08007244320183,59.33181623552322,59.59898694421742,59.85649359957845,60.10623751489185,60.34427257235023,60.569153080629945,60.78718556744126,61.002500884898616,61.21928219510721,61.42865876579035,61.64824082342509,61.83716868172214,62.04591374365481,62.2563553740735,62.472148287256395,62.69281442838412,62.92142499011598,63.163401732679205,63.424971540929,63.704211113510546,63.98939251725863,64.2795800234883,64.54039722612364,64.78265821563029,65.02447974217722,65.26789181011033,65.55223790003753,65.8124130158919,66.08625982495619,66.35084764558778,66.6182239571929,66.85645330864098,67.08413866383134,67.33838078024421,67.5599204916618,67.78736086032654,68.02615951443065,68.25690960332034,68.46375878716934,68.67940540076012,68.88758994006493,69.09317617550417,69.28634750189737,69.44129002339757,69.64305931204325,69.83350913080851,70.023118159441,70.27570575601943,70.61017328759796,71.00216018268297,71.41021784813172,71.84687066989935,72.31604840519971,72.8136428715726,73.26705075373785,73.72040806258893,74.16357137589357,74.50875159406392,74.89256932830308,75.26700991125163,75.5930039270821,75.87316764760978,76.09662155880697,76.28226936173247,76.41220655464886,76.48504557070304,76.5005843213462,76.45892785256704,76.36818852974169,76.24078711461208,76.10024984730903,75.97176290189476,75.87197112750175,75.82642797126768,75.8704054584587,75.99271422566956,76.18044849918749,76.42388267887615,76.69555686279182,76.97362827217968,77.22633787919385,77.44155781161524,77.60328963966835,77.69024539814743,77.70728351073238,77.64831740827846,77.51883346091603,77.33258507229493,77.05642863702039,76.80974128014694,76.55597168182693,76.26599011778022,75.99860214492129,75.75763173027681,75.55076188875667,75.38288412992564,75.25797591074655,75.17938258018606,75.14550322799334,75.15139127238055,75.18680241743488,75.19792894212092,75.2072406626842,75.21844891405789,75.20876242502892,75.18211908177112,75.13649391077801,75.0371879294465,74.92469820961553,74.7765101020518,74.54945244609395,74.24447981726419,73.8654885476701,73.48918712459161,73.05252509593319,72.61138782616337,72.18469292907706,71.92134682738019,71.68414556566768,71.55094056810893,71.51431774884087,71.55417295711472,71.65965813214022,71.80161724538968,71.97667795015738,72.1655284871126,72.36490952709104,72.58116804311983,72.80012735590807,72.99659243671775,73.15124447071747,73.25106423301217,73.30281411328195,73.29836587880993,73.23028005168013,73.15696694446375,73.00761603644114,72.88004189375654,72.79701728696847,72.79392607620503,72.89001382248753,73.06484967368547,73.32360193205092,73.66727046404112,73.97681274474131,74.25763504410865,74.46703760670802,74.64623159750406,74.74372048845468,74.75866550689994,74.69392459081394,74.54150094812493,74.30590336744247,74.01240905069362,73.70651808313896,73.36387605511858,73.05985325901639,72.79021758893607,72.5553749886924,72.3675688650985,72.23612962471555,72.14487717285348,72.10682320891345,72.05401025841924,72.00918660769398,72.01768114313853,71.98697075874067,71.95128735253077,71.89675095891675,71.8332253680909,71.74457717484998,71.61842397166396,71.46459273333018,71.23486381966163,71.03677757402743,70.81531799580671,70.57747830032088,70.29118760775857,70.033025601942,69.78303384298306,69.55203357987271,69.35787582074751,69.2037461481562,69.0887446178589,69.00597807131018,68.96532461753358,68.94854909514598,68.98757679097923,68.995750436383,68.96437200455904,68.84449678790895,68.68034320603918,68.43543492533448,68.1095678359902,67.72301565909784,67.28894773006472,66.86973853165367,66.4464369361781,66.09824999250115,65.80006416405976,65.57411210373748,65.4300407918845,65.36034215886134,65.3540635608885,65.39989116801513,65.48907592213352,65.61252105924846,65.76725744326316,65.93954953819569,66.12547216221516,66.32509042068838,66.56182143243672,66.7847775793631,67.00144269136044,67.26231067182225,67.46729308491496,67.67354003544489,67.85796212990994,68.02064224362933,68.12730641522322,68.2630782937939,68.39114697193833,68.49745073876565,68.5907628083947,68.64445468492934,68.71287468050417,68.78282631862753,68.86664577074157,68.96599411938482,69.0862410736886,69.23167667957608,69.39499976160941,69.57400502245221,69.75654677470392,69.9479025713758,70.14486211314689,70.37167915104116,70.57430406008592,70.77247625064977,70.94130219722194,71.12752574536954,71.30325810803535,71.46735320383232,71.61896230761116,71.75736167597407,71.8771812112954,71.98630344568383,72.0786006607247,72.1540001499054,72.2190582043035,72.25616724143546,72.32242063744205,72.38192330096149,72.44306843684868,72.51662273622802,72.6156749604732,72.74314376090706,72.92242782613994,73.1684772000315,73.48860143856291,73.83143681493551,74.30420145432043,74.69894417423309,75.10145058915755,75.46392777296724,75.79005018530415,75.95852178296117,76.2030600521963,76.39631893692466,76.53293211797589,76.61495862329902,76.64304223689341,76.61614704033195,76.53992000865223,76.41384733802121,76.25930020763583,76.08805576010347,75.94507347115308,75.85706576471912,75.8640012333985,75.9669909198404,76.13519292733692,76.34873642465371,76.60865187957953,76.80148412155967,76.99563319426343,77.1357267142134,77.2115273343769,77.23110798155548,77.18368756144221,77.07466857624672,76.90116357884774,76.65324554723902,76.35027124780558,76.00536254828964,75.67547925674866,75.33897651740628,74.96160489846287,74.60964232857536,74.28410214902917,73.99757607991077,73.75545605065204,73.55326645513239,73.389429772546,73.25238892538009,73.14365681225094,73.05715607277352,73.01047040167697,72.93108339557568,72.83573983081929,72.75643498670793,72.67228681895773,72.58690211066691,72.49539189198421,72.37569569478048,72.2069239795917,71.97069104723084,71.63199239463118,71.17840252568519,70.61272357964351,69.97168872378639,69.32517736848547,68.74029845373992,68.24137196636285,67.84125893883014,67.53210660881297,67.3319192133955,67.24816850323222,67.29397784427896,67.45836589556599,67.68820515532497,67.95273073233454,68.2487223101547,68.57955538344194,68.94832873414111,69.29855350787747,69.66204255483072,69.98441148364779,70.29166153915052
52.64382575344509,52.643418949791624,52.59979967690686,52.5826574108812,52.552374342322786,52.48764880839598,52.43558917363604,52.38822733821375,52.33998268342309,52.28423790114632,52.22508529139115,52.16818849548921,52.12726814089624,52.11008864811912,52.119590459318154,52.15096821588487,52.19863457572087,52.262433937585904,52.33189021977864,52.41384703489585,52.505284102264866,52.60176129527153,52.70442854910077,52.812228904510285,53.03851742434759,53.061774122734626,53.17834891584054,53.308419367851926,53.4351663047242,53.555663554338295,53.64686496609711,53.76699623544383,53.88093455360083,53.98721017750397,54.08521962609631,54.17243600129874,54.24966203047669,54.316751355866955,54.369366235170915,54.413759315380226,54.44821167080884,54.46082454560188,54.452146567050804,54.39404867444661,54.36857359930211,54.34899119964011,54.3162961489264,54.24582573982196,54.183449685482856,54.1134915457819,54.038739484520995,53.96936221150333,53.90781105333368,53.861406405602374,53.83854807149918,53.84783113575418,53.89328481559491,53.97995770324773,54.107263221937416,54.295382184871414,54.58280091933137,54.758143549332125,54.89675684374972,54.98743407573573,54.94799328494885,54.94976046436618,54.945968695023296,54.90420202592565,54.80170083728397,54.62213407326583,54.401852957401125,54.15282925943834,53.9445084146339,53.713351533953556,53.529415075864215,53.39367640319241,53.32027643567472,53.30418970298429,53.33405055787884,53.403627071126444,53.5116172745009,53.656758686050104,53.838496949772704,54.04904602315337,54.260310131208776,54.48597638847208,54.72183813249096,54.98102437752898,55.258425485851184,55.545659147747706,55.8398736935027,56.11491112216524,56.41392686414865,56.771231022557274,57.089779238853744,57.368545894658105,57.654203274785054,57.93284014381495,58.19497833358975,58.45819766848833,58.712069331561516,58.93364820395508,59.18769433677333,59.4567720574855,59.71610651796429,59.967250575806936,60.20654230206626,60.43266054546942,60.65169332891859,60.8676947656704,61.084681201168834,61.29401042169361,61.5126243894175,61.69633169548517,61.90219608891593,62.11009741224317,62.32294572246928,62.5407002435121,62.7665458125835,63.00596853328328,63.26523050657464,63.54212805521252,63.82605440357102,64.11552405411724,64.37419910754244,64.61480624537731,64.85559432315037,65.09883537430656,65.38239755284084,65.6492541011331,65.92469629788656,66.19101444127095,66.45581057051537,66.69498168382543,66.92400194286579,67.17937970572568,67.40340721813953,67.63712628345061,67.87886182844498,68.112658152355,68.32256155039141,68.5423274014127,68.75426807270995,68.96227956392026,69.157104873283,69.30833864565679,69.51078357482572,69.69783527235289,69.8822631250021,70.12801572985083,70.45446608638605,70.8408279347246,71.24426283902676,71.67847404776725,72.14852081254337,72.64681100273674,73.10407588617367,73.56349404108066,74.0139006391685,74.36911157696713,74.76550541772875,75.15504484690986,75.49770433211593,75.79379535825778,76.03727821050195,76.23804952870944,76.38279792185035,76.46872561293907,76.49554771781733,76.46382177273425,76.37901677889522,76.25389411742297,76.11100734779777,75.97466919471738,75.86362096689345,75.8043436128283,75.83174296401776,75.94046212807777,76.11908433156398,76.35916852663352,76.63337089218915,76.91718995632313,77.17973431159132,77.40748035138478,77.58418453928934,77.68712416338191,77.72055103999743,77.67751964758013,77.56154618782041,77.38403911361057,77.11177368885363,76.87098799678677,76.61975013813345,76.32329108327237,76.04891898356664,75.79893498522985,75.58218770118079,75.40456511852389,75.27099124079646,75.18556411766113,75.14744431458443,75.15219327449348,75.18263902587044,75.19240284073794,75.20286457813825,75.22586351986166,75.22307173817138,75.20466677593284,75.16859551206223,75.08499157453399,74.98318182055094,74.84477739301259,74.62663920604037,74.3289586224761,73.95067402289872,73.57774873219165,73.13901945657467,72.6863407138997,72.24599832506398,71.96119421671708,71.70213063344448,71.54883619638338,71.49497511423749,71.52136366342319,71.6158657998265,71.75125522630715,71.92181647849806,72.10958423828635,72.31085157677524,72.5323273710726,72.75900445984408,72.96477371547427,73.12946932832136,73.24095221780861,73.30200334216761,73.30505914452247,73.23875602497559,73.17038794876512,73.01639849810347,72.87982604548687,72.78361769421227,72.76449939339514,72.8438239809874,73.00743700596153,73.26111254801921,73.60749982913019,73.9229640490961,74.21394190675731,74.43559072623817,74.63078109937383,74.74564524948073,74.77797230448365,74.72875006755416,74.58893853783312,74.36376418130025,74.07489305952268,73.77271614401322,73.4235838623354,73.11325665770178,72.83438913664473,72.58872009414628,72.39047694030748,72.25072982646108,72.15403565117482,72.1159959220249,72.05934923315358,72.01381298205594,72.0217822939797,71.99391508863579,71.96277159202755,71.9256869225509,71.87007684503658,71.78952626260305,71.67248316970492,71.52382550190407,71.29492147793583,71.10238397565047,70.88420842888603,70.64733634381906,70.35242977140682,70.08819939536613,69.83043998775773,69.59035452093039,69.38684597591926,69.22379634629091,69.10077337575278,69.01266764911794,68.9675370321966,68.95132810922357,68.98741974319859,69.00562805187258,68.98661318822703,68.88703503632577,68.73892937002618,68.50742917752504,68.19067277679159,67.8083781313036,67.3726561701351,66.95010785257723,66.5125486391588,66.14884485493586,65.83175960677372,65.58574220019253,65.42254642430943,65.33516575799243,65.31310249289119,65.34556372637546,65.42418339562437,65.53975210946005,65.68966810049433,65.85621205295003,66.0401139898575,66.23917058996562,66.47243931723037,66.69419687867304,66.92168913250701,67.18266827977898,67.3969117962603,67.60831335003026,67.7979950656315,67.96687907934711,68.07074696060921,68.21161618863708,68.34365951787122,68.45272574416342,68.54738371098732,68.59650072742832,68.66093444271746,68.7268238145881,68.80490609078805,68.89816874327401,69.01242372905222,69.15239033246189,69.31126191826453,69.486245797787,69.66712750279409,69.8574418404535,70.05423297903005,70.28384973951381,70.48127695264454,70.68973892120667,70.85998500556879,71.0502257102793,71.2303244817889,71.39891095417705,71.55500536732407,71.69773545648087,71.82280428994908,71.93549231611333,72.03095538612888,72.1090835925891,72.17554043661511,72.21080374540647,72.27931186121991,72.33657444743963,72.39272972871824,72.45885573623062,72.5467191451768,72.66068359334353,72.82480201680983,73.05826672775777,73.36981484910368,73.70958864198064,74.17949194912958,74.5793365374406,74.98858952426595,75.35951083297861,75.6967212395947,75.88543891129504,76.1439560048214,76.35215277188486,76.50352091713471,76.59961580836838,76.64069219528005,76.62523935427834,76.55658817862518,76.43641279404767,76.28136048545666,76.10346188429457,75.94815852570969,75.84438705944706,75.83413320868148,75.925440861004,76.08669468106089,76.29983622779098,76.5653490016305,76.76370722121467,76.96961209357671,77.123184735037,77.2147737108436,77.24906099879865,77.21663288329253,77.12124545071468,76.95980121719836,76.7218490113761,76.42634256851527,76.08578244021845,75.7599792598784,75.42458791602259,75.04055712747831,74.68124366865904,74.34614083603526,74.04948726968912,73.7979978560056,73.58771856759303,73.41764242589366,73.27700007873504,73.16643049517178,73.07937873729317,73.0282418896161,72.947878506319,72.86394601375459,72.78864861029251,72.70964934598717,72.63084897937412,72.54752248185433,72.43830110673095,72.28042211919585,72.05542552073886,71.72833002948443,71.28508507149323,70.7271681972774,70.08934995062118,69.43865678929214,68.84107967587042,68.32253029186444,67.896780946132,67.55999521463275,67.33069726086805,67.21984835844354,67.24290749373122,67.3899584910731,67.60623511887738,67.8608701803491,68.14997762419969,68.478456842508,68.84264698870203,69.19527863856551,69.5638643629124,69.89722810318112,70.2108861200834
52.62822862666981,52.63298792942425,52.59067180970874,52.578985090980915,52.55330380896699,52.48821543441303,52.43580395257903,52.386722890216724,52.335228655672424,52.27520711618695,52.210694773513566,52.14770965081984,52.100022750047344,52.07588027282343,52.07810228692058,52.101473814593035,52.14247022350151,52.20023351073761,52.265896350335154,52.34377020151693,52.431555241269244,52.52572829086109,52.62676894760933,52.73345699702398,52.952818969612366,52.97743513733141,53.09513094727115,53.234899483185686,53.36448690531876,53.48760304580246,53.580955729959925,53.70493664938061,53.82313240803987,53.93405072876238,54.03699581839979,54.12906061485926,54.210758604330515,54.282262150627574,54.34082335248799,54.39037888380923,54.43063814326423,54.44838818033618,54.444114254142384,54.38524914370369,54.364996566947696,54.3496843681572,54.32115728812594,54.250958451199274,54.18780049932245,54.11599778436577,54.03878908450263,53.96374719568681,53.89458189639694,53.838733995205,53.80541415682052,53.80351872863527,53.83842144069253,53.91620961358684,54.037969184963956,54.217021802253264,54.50593145122071,54.68810090083008,54.83814135162526,54.94291736183431,54.91972634984278,54.94213509068804,54.95178125723978,54.92176620626291,54.82877520491106,54.6551473587395,54.43695554330011,54.181646912771974,53.96913517162288,53.723924189702174,53.52376495132915,53.369558873594166,53.27652049278611,53.2418699587644,53.25516873187113,53.31021389548749,53.40540037525586,53.53935147936215,53.71146941627206,53.91411144030776,54.11937108567616,54.34011144056741,54.57236902575026,54.829083003704596,55.104824021251964,55.391077864364235,55.684744461238864,55.95544917036009,56.254232817009886,56.610810698614536,56.930410723822256,57.2103289571288,57.49664786579658,57.77634376919561,58.04734943965545,58.31236986368353,58.56811054481578,58.78709804483563,59.043493331187804,59.31453332647493,59.57576097046564,59.82835222870964,60.06896605740239,60.29640569546909,60.516512986706005,60.733279357940795,60.9505578528328,61.15995019408537,61.37766429650979,61.55647140222828,61.75956399598666,61.96501192324374,62.17495726202811,62.38979479182463,62.6128261620055,62.84960528917565,63.106431426743,63.38082001362729,63.66331396233385,63.951837739295236,64.20827856288142,64.44712405618195,64.68674239263017,64.92969202414552,65.21211745626292,65.48552079714597,65.76242133862849,66.03035833169697,66.29239751177337,66.53242977760718,66.76270989161482,67.01912276682486,67.24559992071377,67.48558244786567,67.73019611868834,67.96698871270874,68.17991018293466,68.40377613932019,68.61950398536942,68.83005018516997,69.02674032564951,69.17486686478668,69.37817698420412,69.5621929582615,69.74187280174397,69.98111468533334,70.29962425313964,70.68014261116522,71.07853710382402,71.50977678924231,71.98011449176508,72.47815170855793,72.93860920786406,73.40272260366405,73.85959312745035,74.2262035349651,74.63482365891389,75.0391417643955,75.39822273377185,75.71005036303428,75.97346442582474,76.18943287598185,76.34924564538917,76.4487081182722,76.4874266900974,76.46637815132817,76.38838589283138,76.26649263456561,76.12219074740918,75.97883505937331,75.85718676510707,75.78453030910403,75.7952462506298,75.8898792738404,76.05862700019675,76.29441706128979,76.57016280699823,76.85882006374231,77.1304822340401,77.37022629461588,77.56157779272968,77.68040106252259,77.7303226096933,77.70356084435342,77.60159712464598,77.43349453491543,77.16619468543885,76.93190003286588,76.68373643745487,76.38160566390837,76.10080497657225,75.84219009220715,75.61574268666173,75.42832818392041,75.28584739297388,75.1931925956278,75.15033244024102,75.15332150629635,75.17813659831663,75.18610570471212,75.19731443151021,75.23160590111392,75.23542271114565,75.22508512794974,75.19849552633573,75.13072536021704,75.03976080362312,74.91142166474599,74.70268181514022,74.41296073018214,74.0364205635765,73.6675933832787,73.22757353182429,72.76438926656378,72.3128218700002,72.00536978552691,71.72460686280537,71.55103313425336,71.4794531125139,71.49169964596558,71.57439034483927,71.7023847079163,71.8676468876216,72.05366072351175,72.2562662064755,72.48243347735706,72.71635141953526,72.93108200213632,73.10568385829492,73.22890466361066,73.29950077328999,73.31047393201283,73.24668586082643,73.18372206435218,73.02607842661087,72.8812865891103,72.7724176307854,72.73736005550286,72.79955567291734,72.95128001929876,73.19894143739688,73.54658284988848,73.8670002742921,74.16736599016399,74.40098929017987,74.61179556317788,74.7439582218049,74.79385007643391,74.76056524919308,74.63401846929627,74.42009573430933,74.13677421264438,73.83895138959565,73.48423260842897,73.16816095534618,72.88045050023479,72.62412182775978,72.41533798249478,72.26699108231955,72.16444050827923,72.1257196450073,72.06489969821959,72.01835475767608,72.02516753546068,71.99984947018739,71.97300233557772,71.95311242490938,71.90531453068833,71.83287543304642,71.72510362906247,71.58191345245099,71.35461679584598,71.16793959716102,70.95340854653999,70.71788376885816,70.41517044467858,70.14531855969584,69.88011671023597,69.63110121514644,69.41820997135699,69.24604816654214,69.11467585399038,69.02080544081421,68.97063067895428,68.95435182232214,68.98663262296965,69.01417926194918,69.0070646308777,68.92773508079678,68.79577680698445,68.57811081559203,68.27122993792567,67.89420003337584,67.45800157939259,67.03297109948511,66.58225799968073,66.2037427774626,65.86822070533327,65.60231507184272,65.41989662432212,65.31452078330624,65.27621722281266,65.29477936961075,65.36227504117136,65.46941185723595,65.61393042181018,65.77424419570075,65.95568283696883,66.15377402364662,66.38305487008661,66.60332454949993,66.84141202768193,67.1021008865872,67.32554602272297,67.5420116586052,67.736956375547,67.91214520319764,68.0137867462633,68.15991036726368,68.29611290613222,68.40817157377234,68.50439772832847,68.54948455510835,68.61030347375966,68.67245282527168,68.74501798519735,68.8322932609414,68.94053176192512,69.07488697333376,69.22907898861082,69.39974293912874,69.57864809447615,69.76757601663539,69.96384441401395,70.19558984878304,70.38765811185864,70.60597279452243,70.77772337202792,70.97179329577048,71.15611871027383,71.32910345868783,71.48963753760087,71.636702885018,71.76709128807083,71.88346205060526,71.98227040869277,72.06337062222971,72.1315237312906,72.1654850303118,72.23649960800154,72.29191472098996,72.34351738907507,72.40263683394613,72.47966218602592,72.58034025804261,72.72926161023962,72.94978276623264,73.25205342596158,73.58797001726506,74.05161255139468,74.45559767881025,74.86998101730889,75.24880367463942,75.59690377040997,75.80857545670133,76.08083723471327,76.30389931904098,76.47011367235328,76.58053494734811,76.63503374578112,76.63162715196121,76.57131529676494,76.45788769314225,76.30326095823447,76.1196736639587,75.95282388956683,75.83374478885845,75.80623547301832,75.88532556283845,76.03883410079516,76.25060470754555,76.52043505600322,76.72380373182354,76.94076233707186,77.10733448418692,77.2144487814697,77.26337619536189,77.24607895649874,77.1646310498298,77.01569735761338,76.7883145959335,76.5009684391442,76.16558769326943,75.84440823608037,75.51059637903084,75.12066665430038,74.75446337125814,74.41010673290839,74.10346429272914,73.84256601594404,73.62400349835241,73.4474045589722,73.30278092157675,73.18992954648589,73.10186143210717,73.04562447153965,72.96392859768166,72.89110494804638,72.81951709219088,72.74542281364326,72.6729851614682,72.59766246347868,72.4988316421499,72.35189425109556,72.13836644612357,71.823320671013,71.39109441100776,70.84183633220549,70.20831713712256,69.55459243715428,68.94538773753129,68.40812437412679,67.95737526022069,67.59335757030354,67.33499874198762,67.19678103582541,67.19651280550876,67.32543153368492,67.52731298495695,67.7712864066489,68.05279155020918,68.37828276446866,68.73716087757096,69.09174080888202,69.46505679185675,69.80931852454783,70.12927741819253
52.61062102985978,52.62090066203049,52.580613479995,52.574655808799974,52.55389477970605,52.48908745549418,52.43679865566261,52.386417201624205,52.332074219369936,52.26817559685885,52.19867205913116,52.12991106876819,52.075659709390095,52.044621664869176,52.03949903060284,52.05471276899525,52.08881228279786,52.14025627985724,52.201827995964756,52.275299401666445,52.359097531606864,52.45062921872456,52.54970191622145,52.65493682792555,52.86386313002663,52.892571069332504,53.011070673446945,53.1599265687688,53.29203847671053,53.41754905400192,53.5132112389347,53.64085093615576,53.76313350121206,53.8785369608533,53.98629938264222,54.08315575116531,54.16930301647428,54.245231265194086,54.30978168634508,54.364598568890436,54.4108200625671,54.433923910088986,54.43436417952632,54.375451311775386,54.3606851232555,54.34987963912893,54.32582904183396,54.25653706046684,54.1931161528285,54.11999685058771,54.04084132436978,53.96061709044045,53.88424858693279,53.8192538610747,53.77561366409116,53.76249997048701,53.78661680837149,53.8550715189388,53.970626963146195,54.13967484041692,54.42496120607854,54.6128095115389,54.77399756612391,54.89323548279301,54.88951158783967,54.93256153705684,54.95562687507862,54.937522979665495,54.854551471209746,54.68782479318665,54.47282723583891,54.21251871380133,53.99658347705804,53.738406314443324,53.522795087726124,53.35065803253135,53.2382345753068,53.18503273191499,53.181616318463774,53.22186159311156,53.30388386657019,53.42621582563177,53.58824134216455,53.78249347640097,53.98131121854401,54.19673231865578,54.42501823815433,54.67890217823829,54.95264050959868,55.23759036244936,55.53039933816068,55.79673022476218,56.09507104200432,56.45046367586841,56.77097285206579,57.051930689821965,57.33881068682115,57.61949490415483,57.89927071427371,58.16607471778792,58.42369587762394,58.640414741775274,58.89919472562662,59.172243094561296,59.435421723259886,59.689503597720176,59.93150120058683,60.16034155317875,60.38159514071979,60.599203653709594,60.81686046870339,61.026425258603815,61.243312358693714,61.41759452933613,61.618046913184905,61.82114272219712,62.02824314694465,62.24017168934063,62.46034951865131,62.69440169865909,62.94866628928504,63.22038210617827,63.50125760900555,63.78859532452504,64.04271670284274,64.27969696688183,64.51801028974269,64.76054312729879,65.04149241504633,65.32122587833567,65.59943550939389,65.8688698663962,66.12802262954203,66.36883514819684,66.60029606320441,66.8576452553717,67.08651679526233,67.33268993957522,67.5801108101867,67.81983724095524,68.03573087009677,68.26365565224354,68.48318502762592,68.69637085082353,68.89513634505023,69.04081740771808,69.24517918848365,69.42656055902324,69.60197896345639,69.8350988787997,70.14581062491399,70.52029433478458,70.91324666772053,71.34098643000351,71.81101871523188,72.30788896523663,72.77089357796173,73.23843783649413,73.70102496948637,74.08016009648736,74.50061844628131,74.91934633417569,75.2945412112528,75.62186150645998,75.90501064260168,76.1362133778156,76.31131337229732,76.42474319466349,76.47596993604968,76.4663455193923,76.39607076434253,76.27839822070422,76.13367297474801,75.98421709539957,75.85271383246514,75.76711685628744,75.7611329107517,75.84122761707052,75.99934381954613,76.22986215330499,76.50610145477663,76.79862683349334,77.0786241828118,77.32977605391262,77.53539053256485,77.66994409429775,77.73642082392855,77.72623012105619,77.63875127782742,77.48072964523631,77.21952339403026,76.99230270237976,76.74776001749272,76.44085048262906,76.15424104893201,75.88744370199679,75.65153077711172,75.45431879793202,75.30271284199057,75.2024414512349,75.15432668790997,75.15489939842983,75.17345406526229,75.17920134303445,75.19074814426092,75.23571318787712,75.24581102054402,75.2433252862064,75.2260981477974,75.17418573022013,75.09419829448304,74.97618351684557,74.77730892802224,74.49621269166863,74.12251254765641,73.75849386215977,73.31796402284839,72.84538788725196,72.38485444425167,72.05390557966355,71.75170109115535,71.55772520877765,71.46798443689022,71.46541912045677,71.53546622242467,71.6552057115682,71.81433879177727,71.9978887049692,72.20124425183195,72.43152718625392,72.67215533869971,72.89545393589987,73.0797827851533,73.21476526153339,73.29512944148779,73.31442914585855,73.25394085387046,73.19682859120681,73.03658514441453,72.88443404844288,72.76351724645687,72.71268608194958,72.7574567094381,72.8966411729137,73.1373231212708,73.48465506111502,73.8089900353812,74.117911142594,74.36320331354896,74.58918168847008,74.73851211663215,74.80610995844755,74.78915721462242,74.6765242766459,74.47468179128735,74.19787306786871,73.90504953022773,73.54574207929831,73.22454438535752,72.92844712384537,72.66168771215717,72.4423012882135,72.2850823087681,72.17625456608532,72.13610148047967,72.0707788761763,72.02292209074493,72.0279641354145,72.00488622379204,71.98207210571869,71.97894894860568,71.93882164638923,71.8744751237037,71.77609521417922,71.6386734490005,71.41382276278979,71.23330261502845,71.02277090128585,70.78897606403802,70.47936865465384,70.20439332705763,69.93212584514437,69.67438295072071,69.45211532066295,69.2706775792554,69.13064678223435,69.03057830985863,68.97478879750118,68.95776145132058,68.98539796010931,69.0214936528378,69.02572832512152,68.96644125808801,68.85064648580904,68.64718674998008,68.3509248492542,67.98017782593989,67.5447219141844,67.11806764086873,66.65539677805155,66.26285202100235,65.90943540040955,65.62389139528621,65.4222138975729,65.298572105232,65.24359661243406,65.24773522269517,65.30354309520611,65.40167774147369,65.54019268544674,65.69379639693456,65.87230300735673,66.06899692178413,66.29379340333905,66.51229434555513,66.76061109729837,67.0206323980486,67.25312935987259,67.4745428958769,67.6747321699827,67.8562955178063,67.956358654825,68.10787366209202,68.24840682538967,68.3636791430589,68.46169448669399,68.503357625496,68.56097590474602,68.61973891412408,68.6870479530471,68.76846947710233,68.87069378072604,68.99931200953935,69.1486029357309,69.3146544944371,69.49124926647829,69.67842735121665,69.8737967387662,70.10693266702235,70.29356151310016,70.5211441563275,70.69449501954159,70.89217735376889,71.08056232298408,71.25782737520916,71.42273322949498,71.57411940617008,71.7098682078739,71.83002930269225,71.93235744198945,72.01667240912658,72.08683221581805,72.1200830147072,72.19384409140227,72.24783648106713,72.29537490952052,72.34796976425157,72.41458816802457,72.50228031271601,72.63605854734062,72.84332433554627,73.13562269765941,73.46685125586815,73.92078532657274,74.32798889023867,74.74608023625835,75.13231323314969,75.49103442353339,75.72786982165267,76.0135961974548,76.25140789478067,76.43252410783386,76.55750264328418,76.62583594859422,76.6350703577049,76.58387955976191,76.47805901309718,76.32483885325982,76.13661080819632,75.95909093841746,75.82526676415459,75.78053368229526,75.84690721756283,75.99187230134157,76.20125576866339,76.47403276400469,76.68187504440377,76.90911471381968,77.08814708770201,77.21045941378156,77.2739223961361,77.27185998804686,77.20463824924532,77.06865380211427,76.85244529453438,76.57396204673273,76.24461459210906,75.92860233518878,75.59684814134243,75.2018578434627,74.82928226809557,74.47604318547553,74.15960847729004,73.8893063454117,73.66229590105273,73.47890374814969,73.32990571757115,73.21430361083439,73.12472518008951,73.06277789011696,72.97939354870574,72.91723166594274,72.84902139101489,72.7795560163062,72.71322657312695,72.64569535278426,72.55712947464058,72.42115409018335,72.21930667037807,71.91673535345612,71.49617610515628,70.95643739656771,70.32826294620148,69.67264236469761,69.05290479320996,68.49789463321953,68.02288407084177,67.63213826425756,67.34488196850727,67.17911348673518,67.15498828685735,67.26498598055286,67.45163204198141,67.68415726748907,67.95732570258487,68.27915597236199,68.63202359583748,68.98805072969381,69.36567792132253,69.72062829643981,70.04674500425627
52.5908087228264,52.60696436896554,52.56948467169936,52.56951519753622,52.553981559846655,52.490143140554984,52.438479218517095,52.38724662349572,52.330492746777715,52.26315376138562,52.18906771963076,52.11488368639806,52.05430685224443,52.016470440665586,52.00396178958042,52.010897556159506,52.03788657393104,52.082735863203794,52.13990437449176,52.20865057077477,52.28812524541338,52.376666475975014,52.473415945137276,52.576842626049356,52.77227687322364,52.80739141942575,52.92635184744178,53.08353266658931,53.2178197268495,53.34547881762297,53.443620279789826,53.574704573531655,53.70088014417298,53.82058739776884,53.9330265733481,54.034600197361776,54.12515997314315,54.20551061071297,54.27606607777383,54.33623106576257,54.38855704955815,54.4172246312058,54.42269025055524,54.364514965362275,54.35548278278417,54.349413654252345,54.330139219417106,54.26242557012336,54.199297515061815,54.12542760443598,54.0448662301115,53.95999632803147,53.876894065175755,53.803108948608404,53.7493453966106,53.72502788756313,53.73816470137476,53.79685656941931,53.905533764979026,54.063694332175416,54.340631810059776,54.53301353590843,54.70498880624617,54.83886790494095,54.857282273781856,54.920807792704615,54.95720111592352,54.951112741532995,54.87864122848666,54.7197848565897,54.509104531679654,54.24516310476281,54.026578444014675,53.7566228244135,53.52642204496682,53.33697778908921,53.205500024656985,53.13382136959007,53.11358741033589,53.138799611566824,53.207317986710954,53.317609383937636,53.46906549763166,53.654430449360525,53.846352579236154,54.05604308269603,54.27996960907065,54.530641542562336,54.8020091030714,55.085305022568804,55.37692313267162,55.638869869803884,55.93654578337958,56.29030408415228,56.61156368641251,56.8934362177801,57.18076786385813,57.46236089540563,57.75070354229573,58.01926394970509,58.278768368042655,58.493591070705904,58.754780026949845,59.02987370512019,59.295053542524364,59.55066580695876,59.79410509384779,60.02442114114835,60.24689039087622,60.46541664497655,60.683537367384886,60.8933827908872,61.109520389961105,61.279707804193265,61.477674288828624,61.67853362422541,61.88286361823071,62.09190455207889,62.3091993627904,62.5404474600364,62.7920270820517,63.06090945028884,63.33997175904446,63.62587105530943,63.87759463812853,64.11261029631454,64.34948435361416,64.59147005143792,64.8706172339336,65.15638211910743,65.43573937239488,65.70653959489891,65.96272377239642,66.20423535380506,66.43679401076058,66.69498246319601,66.92617603766298,67.17840934458276,67.42855432796598,67.67113969366815,67.8899497971754,68.12186997794372,68.34519854906205,68.56112437245122,68.76217541753843,68.90613300138186,69.11172983596957,69.29091644512714,69.46261338392915,69.6900645665826,69.99318803876425,70.3614732283624,70.74859755591338,71.1723105057298,71.64142275531087,72.13626381779717,72.60117963330508,73.07098502713443,73.53857229402382,73.93111388996334,74.36298417425381,74.79570422671767,75.18664184376183,75.52915763305559,75.83174729865907,76.07818500847651,76.2687647496068,76.39658095007388,76.46092615353746,76.46347240797022,76.40184628622086,76.28942643050303,76.14532695841909,75.99077190233315,75.85024747929023,75.75223205057115,75.72962053684034,75.79476911188121,75.94150210407258,76.16573767313908,76.44135568308184,76.73671850463226,77.02420269417804,77.28611004187908,77.50554389137038,77.65562125743573,77.73866828681179,77.7453166001462,77.67277365379938,77.52552275360001,77.27159158188198,77.05202131932383,76.81165031594864,76.50094216237531,76.20920812563966,75.93474246538686,75.68965590444287,75.48268243237561,75.32175606255831,75.21348412163125,75.15958614053837,75.15705038153467,75.16875035719639,75.1718535646959,75.1833236378512,75.23822251021379,75.25423234295886,75.25933839908733,75.2513075706461,75.2151691282677,75.14625742878155,75.0388035489048,74.85024919931503,74.5784410582218,74.20873435309129,73.85022295314184,73.4099676308134,72.92919097906059,72.46178677512826,72.10683364498088,71.78354015589926,71.56910624701491,71.46080178058675,71.44276030261175,71.49932788782868,71.60991825861396,71.7620618052143,71.94239894483914,72.1458765484848,72.37964932204375,72.62640332105575,72.85782615596092,73.05166083341156,73.19837770269189,73.28871238159968,73.31674369063731,73.26039229874561,73.20956682931099,73.04784797396579,72.88927894730071,72.7570166909958,72.69065549215672,72.71777490171044,72.84378292602291,73.07649212072775,73.42185199760873,73.74900194741535,74.06558121231254,74.32220281136138,74.56284617480443,74.72915964516739,74.81456308622147,74.81431304273406,74.71623949401348,74.5273061170521,74.25801018300562,73.97083627625095,73.60803206084253,73.28238518114371,72.97842445161567,72.70152526996273,72.4715161540167,72.30517242228379,72.18964064651158,72.14724853106107,72.0771039895828,72.02762513745299,72.03029936167418,72.0091376698464,71.99007342498784,72.00311797625326,71.97048141348237,71.91417577209856,71.82526778949773,71.69392235558229,71.47241236816501,71.29833120572223,71.09214804564074,70.86046871795851,70.54498342841268,70.2654339295782,69.98652922720962,69.72030901585293,69.48870953743948,69.29786055477634,69.14888089014752,69.04217311971078,68.98019462753176,68.96169821309783,68.98389828443449,69.02766081076342,69.0426062635691,69.00299790496551,68.90329937539505,68.71436389113384,68.42944304063899,68.066007969621,67.63255513085784,67.20513684521953,66.73179673457892,66.32608084647617,65.95539163267352,65.65053184712114,65.429620749712,65.28748459419894,65.21542952353647,65.20462841060296,65.24817979416025,65.33672720107076,65.46860316964005,65.61501908713818,65.79009880482876,65.98493548443093,66.20478022932132,66.42124002054996,66.67928606176962,66.93828671996499,67.1795954032788,67.40581499655248,67.61120855926497,67.79918492579843,67.89839556893382,68.05541890554039,68.20044096431175,68.31913936748961,68.41916361235987,68.45807139611783,68.51294586679185,68.56870764459133,68.63106249341494,68.70679919647222,68.80303839387376,68.92581084842634,69.06998572270733,69.23113851167165,69.40507173552864,69.59011809549253,69.78419027395445,70.01791138240526,70.19910113174112,70.43521929235227,70.61027767105202,70.81132673620029,71.00357684941342,71.18497936158569,71.35416685405997,71.50984046452169,71.65096105157153,71.77501072590684,71.88102819959201,71.96880012357903,72.04129001768575,72.07446961714845,72.15120552503733,72.20423208712577,72.24824578165584,72.29485826202396,72.3515811761767,72.42667031507553,72.54544476902409,72.7391904557887,73.02082819272005,73.34650267286932,73.78758810287113,74.19703121524637,74.61747035912002,75.01055745008715,75.37954984474848,75.64326040862161,75.94212534862886,76.19452781549143,76.39056594777868,76.53030549922266,76.61286786391703,76.6353288958337,76.59405916430647,76.49671373170469,76.34593139782325,76.15419302610793,75.96698104795462,75.81908079653682,75.75725349239853,75.81044801739625,75.94607039750193,76.15200331589043,76.42626484694175,76.6380225499729,76.87470001289095,77.06559367162113,77.20271247530553,77.28056842601215,77.29381018492292,77.2410799246146,77.11847235272262,76.91404410080182,76.64513657832126,76.32269942140381,76.01239770703792,75.6831894378687,75.28405505949885,74.90568119089414,74.54399353956367,74.21802115163098,73.93836465935291,73.70277042933625,73.51232756979438,73.35854873038426,73.23970233285853,73.1480910041142,73.07986188801722,72.99443323843336,72.94234119969163,72.87714246537642,72.81199774835613,72.75148913052804,72.69150466569809,72.61303677780623,72.48801535135176,72.29803904049564,72.00834511105316,71.60007571486636,71.070680802504,70.44886004076895,69.7924646245479,69.16331299739383,68.59158148921237,68.0931495677408,67.67628188492708,67.36040525217994,67.16699266253009,67.11852844502285,67.20882278882833,67.37938557836847,67.59966061912475,67.86374169572858,68.181199289226,68.52738833859117,68.8843191118676,69.26578583096845,69.6311029675488,69.96319844905301
52.56859746538114,52.59098627158467,52.55714536875544,52.56340889038751,52.55339845469552,52.49126075851102,52.440751576772726,52.389147506890815,52.33045761015777,52.260152027990756,52.18193232639928,52.10271844077326,52.03609201193029,51.99158421662185,51.97167166306881,51.970240653153766,51.98991891722217,52.0279058790363,52.080344703740536,52.14403964427222,52.21885265482444,52.30404245972558,52.39809952455701,52.49934862022966,52.678697466586975,52.72210568829901,52.841158222329526,53.00574981863524,53.141829363685694,53.27136957535191,53.37217163929358,53.50646303927068,53.63631464797827,53.760120563501026,53.87707364504198,53.98327274059364,54.07819418057228,54.16295209833074,54.23950136780586,54.305089069564204,54.36364872507809,54.39808324003209,54.40888637458174,54.352299891164925,54.34923306009236,54.34812305522451,54.33391563024207,54.268487982667594,54.206245455083135,54.13222890589887,54.05083382771686,53.96190934072707,53.87260127136036,53.79044220320307,53.726808157678306,53.691355506117276,53.693358902445354,53.74187791514408,53.84298679895737,53.989433310341745,54.25381076634869,54.449545194202486,54.63179644945451,54.780294094607285,54.82297168251171,54.90664184686351,54.95619954715815,54.962175887265026,54.900656069048445,54.75064602893108,54.54542392748444,54.27929852789282,54.05884518556804,53.77839863584927,53.534562382962925,53.328522052353016,53.178398182256856,53.08837921894372,53.05127610016661,53.06125739842136,53.11595297394516,53.213789813358446,53.354194652854794,53.53016067711391,53.714717217176364,53.918247792646895,54.13740697786674,54.38446073810906,54.65306395385014,54.934330225288214,55.22440065317516,55.48198368991749,55.77876128538328,56.1304460532996,56.45228128969046,56.73493066604557,57.02259552290684,57.305009089661,57.60160930857273,57.87188927833852,58.13327105412853,58.34661980755933,58.61023074201746,58.88739750152727,59.15462119443638,59.411799980545595,59.6567350994135,59.8885974819277,60.112349337091544,60.33186732374146,60.55053686748155,60.760769966573754,60.97624020430372,61.14281795418433,61.33847557123573,61.53722844445052,61.73887891689804,61.9450669960583,62.15945917469208,62.387832271610364,62.63660579289396,62.90249716338239,63.17954282790899,63.4637391771512,63.712993479440996,63.9459493633177,64.1812509233707,64.42255416423446,64.69958671766722,64.99100229386646,65.2713334898434,65.54335806673552,65.79653878891165,66.03866795264254,66.2722372874093,66.53116968212778,66.76459584379353,67.02270124889182,67.27547509705222,67.52083202742122,67.7424931494682,67.9783231541817,68.20543189926043,68.42419356162331,68.62774002916743,68.7707563727088,68.97776857496716,69.1552389870621,69.32380783695208,69.54610800501479,69.8419193317456,70.20386941467838,70.58479579359967,71.00395655210012,71.47151588436908,71.9635173153726,72.42971801073242,72.90070946314837,73.37261122980992,73.77919754382265,74.22201523725415,74.66826111248862,75.07450671050195,75.43186758734184,75.75350483182326,76.01514174223048,76.22136342434959,76.36397149246439,76.44204404042391,76.4575073481055,76.40548735125878,76.29939281862633,76.15702562702721,75.99845607971109,75.84983301590479,75.74000468814768,75.70092672135264,75.75076571238544,75.88536916823645,76.10227749125207,76.37609433947138,76.67320331621518,76.9672603044105,77.23920867111923,77.47195900172177,77.63730055066482,77.7368876024516,77.76060940408124,77.70342925899656,77.56765216903342,77.32223101624828,77.11088119769362,76.87523677052417,76.56179732608793,76.265687131689,75.98413303316535,75.73022200056752,75.51356455906803,75.34314552938889,75.2264940439657,75.16626988107315,75.15989788625153,75.16418440460785,75.16422617868743,75.17519883374183,75.23917099818642,75.26068235498246,75.27307561497709,75.27402798908066,75.25347199808421,75.19570134216958,75.09902236051724,74.92123128364733,74.65937238112797,74.294870357834,73.94255344053194,73.50336105688568,73.01565294508603,72.5433095899399,72.16418602733275,71.82025089444201,71.58537007602382,71.45813783682361,71.42396140814539,71.4662097962974,71.56672237040472,71.71098554218192,71.8873222053019,72.09025393207408,72.32684070900719,72.57908247032148,72.81813530151545,73.02121272758482,73.17958567820115,73.28007262846434,73.3172364709266,73.26591149008975,73.22179607864659,73.0597962377158,72.89583180949975,72.75301611417122,72.67144630554566,72.68075806089517,72.79296773784283,73.01668295685468,73.3583091941686,73.68710462544645,74.01038004758499,74.27795779863297,74.53269572173483,74.71575351861549,74.81902059545257,74.83581981241973,74.75294765553053,74.57775247642128,74.31700611586508,74.03613733800677,73.67102233896073,73.34166157611271,73.0304279276848,72.74374202380075,72.50313187645737,72.32743033934379,72.20476157147664,72.15926789937055,72.08399226099809,72.03257405399071,72.03230048207276,72.01271612874706,71.99709881592254,72.02554099046563,72.00017705331084,71.95182781575456,71.87243121946058,71.74747703622594,71.53025860136937,71.36288354571178,71.16139253212182,70.93221721921957,70.61197379303506,70.32845059938411,70.04338869115823,69.76898869874292,69.5281401352888,69.32777306345045,69.16957290739258,69.05577673383031,68.98703140874052,68.96630332453273,68.98231612576203,69.03277032195108,69.05770043883092,69.03724935819528,68.95349644463755,68.77934914949805,68.50647004194184,68.15138692504443,67.72123918576007,67.29391808102895,66.81128962957054,66.39333751480507,66.0060773427963,65.68229710394566,65.44223968638973,65.28142312063628,65.19190481790105,65.16565605830829,65.19637737446543,65.27473767492476,65.39931015262616,65.53806269679835,65.70919453319249,65.90168591163983,66.11614066036702,66.33029532819573,66.59743664150888,66.85508775813807,67.10487774851123,67.33573589533908,67.54627165372011,67.7406683297993,67.83983037122933,68.00245893002712,68.15211501156682,68.27444316253089,68.37669473160197,68.41357732450041,68.46620749101245,68.51938458011934,68.57712810537845,68.64738422376637,68.73769420978694,68.85452889734229,68.99337931262268,69.14935303879211,69.32025621835548,69.50277050075825,69.69512534024638,69.92855918310525,70.1043909431534,70.34816448832717,70.52504904950146,70.72919029499049,70.92508381905564,71.1104560756619,71.28381282234936,71.44372150465745,71.59019582137695,71.71822297378165,71.82809439507359,71.91956493588634,71.99472126438182,72.0285167561912,72.10844412252213,72.16099389862053,72.20207349708237,72.24330606214025,72.29072529548627,72.35367682283294,72.45767221620127,72.63768014705008,72.90797543966632,73.22719458334797,73.65263484288333,74.06325437382525,74.4847345638995,74.88405426702955,75.26288667983867,75.55468562008078,75.86631714381826,76.1331083975608,76.34405291638993,76.49873011820955,76.59589855194723,76.63216269067186,76.60163230708895,76.51363882675705,76.36637581921532,76.17234002679403,75.97651559387123,75.81531469720643,75.7366205592144,75.7762101545578,75.90168950407806,76.10306125397257,76.37725402612132,76.59234763954849,76.8375490233566,77.03964536198318,77.19111483356794,77.283183109881,77.31176375411296,77.27376895159091,77.1649548114599,76.97291400835903,76.71430522095012,76.39967846582019,76.09563050146198,75.76946650352102,75.36718266694237,74.9836409713767,74.61400114099975,74.27880364401112,73.98988677271191,73.74560173684529,73.54786360027433,73.38888422368203,73.26627535719945,73.17207992705515,73.09703620790974,73.00920754590659,72.96644858154117,72.90386127388729,72.84269680417316,72.78768874984921,72.73497391814715,72.66639572525017,72.55229174949328,72.37435640346942,72.09792097804339,71.70253880106557,71.18427596215427,70.56978108373598,69.9137172693309,69.2762945045703,68.68892536217497,68.16801394066341,67.72573302074433,67.38162690475868,67.16056551456745,67.08732778725108,67.15714291566279,67.31076688253586,67.51797431781107,67.77220114404201,68.08453553809872,68.4234083009216,68.78065666627022,69.16543860045324,69.54068808656663,69.8785473233612
52.54379301733539,52.57277359124307,52.54345555509694,52.55618252055169,52.551979769559345,52.49231857827786,52.44352166605975,52.39205620286902,52.331942181772185,52.259180814897825,52.177316450823525,52.09350626895757,52.02114302176763,51.970120609147195,51.94280975028346,51.93295453704598,51.94513513299232,51.97599994561372,52.023368201535455,52.08168255758919,52.15149403197567,52.232959567089324,52.32394114468077,52.42262903930076,52.58376217750023,52.63692337664012,52.75567355118406,52.92661006689463,53.06406609516907,53.19519856587501,53.29885410421433,53.436091811135235,53.56937932368355,53.697054982041934,53.81833685224838,53.9290521680058,54.02827034499689,54.117407639193864,54.199912397472794,54.270985275434064,54.33589470996766,54.376292632913376,54.392746458958364,54.338665875883926,54.341779469738704,54.34584448374249,54.33698608367551,54.274588300598296,54.21386084195327,54.140339614964624,54.05871414317495,53.966380560794434,53.87145314572108,53.78139657025562,53.70820075059379,53.66173585240319,53.65249319432624,53.690448706228786,53.783283273576096,53.9172448077289,54.165365578129574,54.36323670668483,54.55510187321148,54.71799351812115,54.786513088871615,54.889831688765575,54.95231773616625,54.97035281226124,54.92020758520169,54.780026790193276,54.58142191991536,54.31464342542781,54.09310881479343,53.80355866498715,53.547132661626144,53.32529473140801,53.157010389526626,53.04884962712999,52.994876480635064,52.98946440124332,53.030039066539906,53.11501477297288,53.24388157801545,53.40992247758865,53.58662718178849,53.783550508467194,53.99751418391009,54.24051940631074,54.50593921411496,54.78477435117334,55.072916708074736,55.32618726953537,55.62182179226302,55.9710037131438,56.293223724727795,56.5764991596609,56.864369789966574,57.147506833633926,57.45194939795591,57.723902422591806,57.987146973938145,58.199493728267406,58.46552837768953,58.74478682715811,59.01408944517332,59.27286724260089,59.51934857951224,59.752823598066655,59.97792257928207,60.19850468200406,60.41780728759763,60.62853396130173,60.84342361571343,61.006931706693926,61.20048020872419,61.39727099799452,61.59634928395845,61.79973263729775,62.011212434625804,62.23664583168377,62.482494409662785,62.745240362882356,63.02005723105754,63.302273935553046,63.548994337482256,63.779799486728905,64.0133963381384,64.25387683335988,64.52849567098973,64.82509917701792,65.1062184239515,65.37931583143624,65.62950552766287,65.87217050291986,66.10665944627655,66.36624220399683,66.60179440953179,66.86552623850594,67.12082154247132,67.3688501987881,67.5932871122728,67.83291921871843,68.06377242780361,68.28546122991003,68.4917126659905,68.63463024862979,68.84323505378164,69.01950655531716,69.18559409631497,69.40332545042894,69.69216734091326,70.04767301651226,70.42204740597646,70.8361321047934,71.30148737477361,71.7898905070961,72.25675934708214,72.72795643209946,73.20351790559195,73.62454368649469,74.0778060297052,74.53706266195579,74.95811789067612,75.32992021383942,75.67011367992058,75.9468775533433,76.16887304355768,76.32666492979601,76.41907229457232,76.4481988708416,76.40676885224856,76.30811293973822,76.16864190917713,76.00722622707033,75.85151575263144,75.73056356520962,75.67526905674552,75.70947937269635,75.83121232649816,76.03971547810393,76.3104862715028,76.6081895072981,76.90783954978082,77.18905235423718,77.43455699619452,77.61484997271326,77.7309013749566,77.77189765531904,77.73048309985366,77.60689620056336,77.37127346438331,77.16870765148452,76.9383488189209,76.62333259670785,76.3236589920739,76.03566205612042,75.77333299739774,75.54711064982611,75.3670497171941,75.24164465538702,75.17453699246123,75.16356534322117,75.1599151379856,75.15648299399999,75.16653165339369,75.23859578185753,75.2651567332072,75.28448808226024,75.29416359729993,75.28889078339404,75.24229317029801,75.15658055127643,74.9899838356478,74.73873321167339,74.38070493983746,74.03525810863708,73.59792100223162,73.10462818842461,72.62911361599642,72.22599477257296,71.86196014418849,71.60671052286314,71.46022529882107,71.4092606527726,71.43634640307683,71.5258180682916,71.6612796169294,71.8327892485379,72.03446723824001,72.27314217142484,72.53017989021518,72.7763180117594,72.98833319218821,73.15823287917634,73.26903321692048,73.3157263913041,73.27036972254078,73.23337563919561,73.07235925811594,72.90410315885612,72.7516156657522,72.65523654153782,72.64665399815303,72.74445806758997,72.95813015073836,73.29416218559359,73.62336668452642,73.95231149667659,74.23043829037965,74.49863702881527,74.69814644818135,74.8192936218377,74.85346460257122,74.7864322953286,74.62580463421251,74.37468142425705,74.1007784258367,73.73463269955195,73.40235180367235,73.08450299619187,72.78844549629548,72.53729775208863,72.35202497642524,72.22178016289904,72.17226668802712,72.0915609129813,72.03787899654868,72.03409476444321,72.01573392089065,72.00324080106023,72.04613947385624,72.0277917872177,71.98728169219534,71.91739536851036,71.79915435496106,71.58723445180058,71.42681781146652,71.2303569132463,71.00407705642101,70.680298775601,70.39345356860198,70.10276607171686,69.82053128759043,69.57055462781315,69.36059107562336,69.1929175636323,69.07157601567683,68.995482380822,68.97171800250419,68.98083401390889,69.03691177262569,69.07101284351748,69.06903995454334,69.00099866243168,68.84184943551733,68.58169138302449,68.23601115283549,67.8105120352384,67.38415071678841,66.89370722333409,66.46453028691003,66.06148047144893,65.71924784235793,65.46019321325633,65.28055255497321,65.17321135730889,65.13101529078536,65.1483280725533,65.21588660193318,65.33246191264116,65.4630776564018,65.62971449625554,65.81934440346362,66.02800000880977,66.2395940222038,66.51506255692941,66.77105941836965,67.02890999113944,67.26421352694385,67.47980756367447,67.68060063243428,67.78059594435098,67.94890656797052,68.10332865582309,68.22948144364929,68.3341774706962,68.36982686817036,68.42075490852304,68.47179528415401,68.52531128801535,68.59032636370024,68.67478983688433,68.78561156363492,68.91893566855953,69.0694561237581,69.23694343168694,69.416506818309,69.60670225830953,69.83890925729582,70.00954492270897,70.25994602998259,70.43878687783213,70.64571688206526,70.84500476140457,71.03415417528252,71.21154554541658,71.3756179711619,71.52739851950338,71.65948269984929,71.77336774200724,71.86877801634782,71.94695008339446,71.9820963503912,72.0654200974719,72.11801427500605,72.15680154740144,72.19331689947752,72.23210461095726,72.28346639370001,72.37299282978356,72.53909242942039,72.797369967021,73.10919730238352,73.51653950920287,73.92718808596722,74.34845602860251,74.75332162555469,75.1414815745874,75.46208385850278,75.78606403860591,76.0669989573764,76.29279873786989,76.46256310329083,76.57469707288249,76.62533166654379,76.60637718479978,76.52862127604645,76.38600934472659,76.1909715193551,75.98771595186031,75.8140962773648,75.71886053862912,75.74445582126658,75.8589907358718,76.05464348765577,76.32712302285034,76.54495170414803,76.79769253428731,77.01027328482702,77.17557335609524,77.28163527263344,77.32555490260302,77.30251820582754,77.20790298034764,77.02885801082915,76.78128116165975,76.47538801002467,76.17813686829523,75.85552557321076,75.45116503032688,75.06314244126611,74.68610933561072,74.34205728268968,74.04401850043304,73.790964477222,73.58569941595769,73.42108646113043,73.29417232849839,73.19681297178639,73.11446059246376,73.02387635016753,72.98956884373935,72.92915877515938,72.87160197813745,72.82174134726817,72.77598662605848,72.71704849057569,72.61379699950047,72.44805160629261,72.18523398866613,71.80331092468147,71.29693228765849,70.69069873801365,70.03605835167241,69.39153146922679,68.78966667217699,68.24731937935516,67.78043626014153,67.40860523799641,67.15997899420458,67.06158082078787,67.11014731820762,67.2459692429013,67.43927621980322,67.68286566192693,67.9892875420182,68.32023667791832,68.67717410376842,69.06469430943558,69.44932920218513,69.79270119795919
52.51620113850062,52.55213354929604,52.528275214657526,52.54768172122663,52.54955980974487,52.493194868771006,52.4466954220084,52.39590906248987,52.334919833882985,52.260250540330354,52.17527066429039,52.087338108014784,52.00958771507634,51.952237234650845,51.917557150439876,51.89925168490412,51.903761041562646,51.927251681195116,51.96919408570083,52.021795246156024,52.086263649002746,52.16362019517938,52.25112929570873,52.34685811209697,52.48810827334699,52.55205398513695,52.67008158707926,52.846145453355504,52.98452862924963,53.116943027878605,53.22365646132041,53.36355636688774,53.50001648234438,53.63130917738362,53.756712449491815,53.871817266743214,53.9752531726521,54.068729144448824,54.15712400780626,54.23373237851078,54.305094625067575,54.35164570619513,54.374064411037715,54.32347270621985,54.332965526281846,54.3424145815033,54.33917838908413,54.2805905264142,54.222044544733016,54.1496985916215,54.06847720247479,53.973434420500794,53.87353262849243,53.776114995163006,53.69372197865652,53.636421952674546,53.615861359760416,53.64288209278913,53.72672039733012,53.847481857149916,54.07616374858673,54.27492029361927,54.475586454979585,54.65244564181172,54.74783976770395,54.87014530764295,54.94525125033148,54.9752839119212,54.93690736925305,54.8075456203587,54.616735005634524,54.35091623960418,54.12909444476612,53.831927828063655,53.56404944086818,53.32729973533942,53.14141798788653,53.01537594130292,52.94458264442039,52.92365006760083,52.94982650276223,53.02154192185962,53.13837904329508,53.293954168712176,53.46230452249632,53.65215529011574,53.86047506656819,54.098977188599605,54.36076903604589,54.63674578078984,54.92255610577385,55.17159619308981,55.46583154826644,55.81209119351829,56.134489054352585,56.418226823668505,56.706166791036694,56.989921474037416,57.30168519529651,57.57525510136849,57.84033916552813,58.052205608761966,58.32065444082604,58.60201402538833,58.87342306091249,59.13382871724483,59.38190289637215,59.6170525121151,59.843560717364056,60.06527771176416,60.285296946337404,60.496621950709326,60.71102243818195,60.872055789106696,61.06371764961191,61.258705099979316,61.45533496042371,61.655975091816074,61.864542622860924,62.086977838559406,62.32978492020913,62.58923416621213,62.861601383948525,63.14154957601784,63.38567832295443,63.614245985385736,63.84600693704347,64.08551942648579,64.35743889864361,64.65868554296705,64.94039473693114,65.21440343853149,65.46166183722512,65.70478056284772,65.94009404048835,66.20023532063313,66.43778993075556,66.70684489942852,66.96454208924928,67.21513016434241,67.4422578708869,67.68556220931492,67.92010748427423,68.14481018888169,68.35397581406093,68.49769735607569,68.70806892071826,68.88369752038125,69.04800393580761,69.26181315915784,69.54409490332236,69.89307415664375,70.26055841824082,70.66904469948865,71.13152649889153,71.61562444210078,72.08255427919262,72.55307122155119,73.03166845011714,73.46728494640908,73.93045094602962,74.40215454558636,74.83745746348744,75.22324435706902,75.58140428077738,75.87318641608083,76.11105725426307,76.28441137002973,76.39175961384598,76.43529550722214,76.40546568198252,76.31540234850304,76.18004873347363,76.01703894394792,75.85534099979267,75.72403747794955,75.65286513547584,75.67117204692694,75.77929889331807,75.97828550415463,76.24470032673355,76.54178531693717,76.84598296656058,77.13562150383694,77.39325900736414,77.58813752230944,77.72053220843546,77.77897047631744,77.75370018280535,77.64303315721664,77.41855069354123,77.22532599469207,77.00081589884043,76.6854645971759,76.3831046317881,76.0893761850401,75.81909282684586,75.58346617646669,75.39363710068574,75.25910939304411,75.18454655764965,75.16817618308426,75.15610148781852,75.14878781962453,75.15748001826755,75.23653399128956,75.26765115422543,75.29352694932126,75.31161858950273,75.3212219279217,75.28579604881774,75.21121872077588,75.05623550994517,74.81625010114438,74.46602247705452,74.12810974176435,73.69342416801763,73.1959711121727,72.71888958060778,72.29229192655541,71.90879474254356,71.63332141459155,71.46729685979928,71.39889625220832,71.40997216341302,71.48740537362569,71.61311364370604,71.77893083672757,71.97860730262269,72.21859453357732,72.47968268445501,72.7323109258888,72.95291695173677,73.13416299673246,73.25541718180669,73.31203235634739,73.27363829073656,73.24416481093998,73.08546635761738,72.91410351918582,72.75291549550774,72.64220421955463,72.61571052464478,72.69851637448087,72.90106822346569,73.22954650668267,73.55785673970718,73.89137940785263,74.17961430161735,74.46057679559966,74.67619114506988,74.8151933010737,74.86703449208036,74.81647694753912,74.6712463552436,74.43085666599148,74.1645852500822,73.79878292851527,73.46443409723055,73.14069510127608,72.83574321007121,72.57416307746355,72.3791252500052,72.24085924269737,72.18635199964989,72.09992716809143,72.04365012131736,72.03580947661861,72.01830336667375,72.00859190293826,72.0648349090386,72.053208836546,72.0203878389445,71.95997010108967,71.84877117581732,71.64321290885644,71.48999217945591,71.2988937415313,71.07590371816276,70.74991740319055,70.46045306935838,70.16472320361208,69.87504607059527,69.61610052861491,69.39649056164056,69.21910958852943,69.08975782870992,69.0057307834706,68.9780834638911,68.9796344786919,69.04017474901228,69.08254547023934,69.09821403077575,69.04556699767251,68.90157165963636,68.65479259374877,68.31957711361946,67.90011163564006,67.47557412098938,66.97888127617723,66.53956742371216,66.12158895930249,65.76144473895607,65.48360383596214,65.28503776763893,65.15953800354109,65.1009032330084,65.10422412485545,65.16035142099354,65.26820672792108,65.39021439643523,65.55178299782548,65.73800715995506,65.9404835869832,66.14926985628553,66.43216352844442,66.68622560646139,66.9516257267331,67.19115582607392,67.4117023994543,67.61883673632867,67.72062517093836,67.89467465178897,68.05398158574889,68.18414512631128,68.2915014559185,68.32677148465423,68.37658225043896,68.42596532014129,68.47567854040321,68.53572742098912,68.61445388358467,68.71920425465181,68.84680675360048,68.99160581452928,69.1552740922512,69.33144929944004,69.5190213488116,69.74899479315052,69.91467704577977,70.17053020304898,70.3514688789862,70.56085534935033,70.76326120595407,70.95597031829202,71.13723943431519,71.30538530861965,71.46239514816409,71.59860655764233,71.71665995396609,71.8162505352628,71.89780060221183,71.9350803183042,72.02199366350197,72.07518557573697,72.11237342421437,72.14489450891276,72.17580320759363,72.21620558538855,72.29165855068214,72.44372632298976,72.68931730330695,72.99278114505539,73.37991606442321,73.78936207166413,74.20921793123468,74.61887746724028,75.01577117477812,75.36539352636017,75.70125848857462,75.99604881132572,76.23661713642075,76.42159105751259,76.54903248692045,76.61459574777366,76.60807199412925,76.54144805736516,76.40466920164762,76.21000721289167,76.00060349761486,75.81555334821326,75.70419908652889,75.71544720974165,75.81823520768495,76.00696392168597,76.27599455843573,76.49593613478905,76.75516133475394,76.97744856619153,77.15599491041367,77.27579373916048,77.33501783737911,77.32714056297782,77.24711866140738,77.08167910183536,76.84587758749046,76.54966433868374,76.25975295737189,75.94121288184925,75.53592651418596,75.14416643228523,74.76036146922358,74.40788339592581,74.10090565746057,73.83903330410872,73.62602259321262,73.45532970639545,73.32354289139646,73.22241116118184,73.13229478434855,73.03859953025831,73.01171701853424,72.95301592780457,72.89866206462912,72.85356283896267,72.81442630535909,72.76483724738597,72.67234481626585,72.51891749595842,72.27005517716066,71.90213764664163,71.40835919115662,70.81128566651292,70.15914592419817,69.5087060458507,68.89354583928812,68.33090807356163,67.84033619155096,67.44139856364619,67.16538005279874,67.04148205287909,67.0680369536143,67.18518594788249,67.36374418135628,67.59589686378509,67.89557812402252,68.2180266646709,68.57398213522904,68.96361103757421,69.35697186309605,69.70556964362544
52.48562758868822,52.52887336709875,52.51146433137088,52.5377521256102,52.54597288055876,52.49376789890608,52.450178780248955,52.40064243681291,52.33936393875225,52.26337162251191,52.175845538186735,52.084304895008714,52.0015539251764,51.93809170954201,51.896094962753516,51.86934457379615,51.86602246325422,51.881894704039475,51.91804157406102,51.9645936454031,52.023375778041284,52.096226741108765,52.17985246784105,52.272210067452576,52.39237302151085,52.46770701447733,52.58456608308901,52.76438802000589,52.90321567387735,53.036580200048995,53.146567497380175,53.288822184290545,53.428168435016396,53.56280167351813,53.6920966912968,53.81144682395077,53.919007369773084,54.01676852524216,54.110961039837896,54.193143073933015,54.271048091218525,54.323935356222826,54.352634138172384,54.30658016887328,54.32263474428043,54.33766999020402,54.34032035583457,54.28635866261406,54.230697432483154,54.16024469585775,54.08009303160548,53.98309535211333,53.878922659908945,53.774740423322164,53.68357064516599,53.61566683318506,53.583757181490824,53.59949122494077,53.67359537871432,53.780497491417776,53.98707278090446,54.185428175269536,54.393931572221334,54.58412993200812,54.70688499385107,54.84735069272768,54.934695657037565,54.976609581644574,54.950367013509165,54.83282099940981,54.65099968130401,54.38783541265835,54.16652718856139,53.86333104131533,53.58522928060068,53.33454097323256,53.13170231875674,52.988101508616566,52.900588684201736,52.86404384506202,52.875565520879164,52.93362891909735,53.037939818875124,53.18249406841202,53.341971288723656,53.52426619755133,53.72647346520853,53.95999372640801,54.21768757182298,54.490352894703385,54.77340365467593,55.01832604501316,55.31089479764113,55.653822624256534,55.97617534139293,56.260198783110816,56.54806265211647,56.832320357584464,57.15077808544571,57.42589903357212,57.69279066695512,57.904748224974874,58.17559043828704,58.459051439593516,58.73258680783124,58.99464552859767,59.24435541222151,59.481237246622904,59.70921435125377,59.93213540502152,60.15295416230518,60.364981110434805,60.57898848570113,60.73819692880717,60.92821734221684,61.121574565526956,61.31589618730561,61.51386797563214,61.719533219666836,61.93891799054007,62.17856931238398,62.434573690795055,62.70426170204029,62.98164034404826,63.22312654655975,63.449374178125815,63.67916905921202,63.91756331128373,64.18651120537143,64.491774166119,64.77386299099435,65.04861143755157,65.29304556617357,65.53653569063671,65.77257462317066,66.03318432386645,66.2726006033426,66.54661781766316,66.80658516241203,67.05960788065792,67.28933161060816,67.53615616373212,67.77432441825489,68.00212325010853,68.21441195943207,68.35990042197729,68.57220982408221,68.74779025274334,68.9110691292198,69.12166738753413,69.3978648560281,69.74026295785256,70.10053485558984,70.50290187186474,70.96182252908987,71.44096016951976,71.90735344390227,72.37639911906703,72.85743899213276,73.30755395199526,73.78004438065028,74.26358243384749,74.71250750813886,75.1117688615514,75.48720707221992,75.79386230470895,76.04767970349772,76.23696092112654,76.35985469610812,76.41854578829064,76.40135273325296,76.32107659958493,76.1911190285215,76.02785082988082,75.86135406771105,75.72055522256005,75.63393255000057,75.63610568919026,75.7298961831566,75.91822143986415,76.17890535272126,76.4740989841884,76.7817330910215,77.0788965325226,77.34798616780614,77.55703119818162,77.70560270699667,77.7816169895342,77.77284551428629,77.67584134802009,77.46389447097627,77.28056154131171,77.06246744798433,76.74810995043295,76.44400497582544,76.14532207071245,75.86760542082402,75.62277661080667,75.42307615457558,75.2790616940858,75.19645765958533,75.17385383648148,75.15290238459556,75.14130446455208,75.14820184982428,75.2330227565451,75.26816129462945,75.30014336454477,75.32629715988799,75.35026187539158,75.32597311337972,75.26267746860913,75.11971496116807,74.89164960082715,74.55060734743806,74.22088112422064,73.78964725541007,73.28953611942664,72.81232821108388,72.36310953513393,71.9608815269122,71.66539657826776,71.47958521297846,71.39310642216743,71.38732153255202,71.45168430775816,71.56665723676105,71.72587773205127,71.92276496086222,72.16323861974531,72.42757795675924,72.68605068309957,72.91485873074565,73.10721972198458,73.23904755796171,73.30597327063398,73.275588489315,73.25402289386159,73.09904685867141,72.92584341430488,72.75701575320699,72.63252735901744,72.5881754515312,72.65540511773199,72.84573169612351,73.1645976922348,73.49064340604066,73.82758762937843,74.12545584736188,74.418421721642,74.64974032048598,74.80653076885753,74.87631655983893,74.84286514629363,74.71386140433219,74.48535239887838,74.22738352108475,73.86339281174978,73.52788669019527,73.19904968707655,72.88574268775223,72.61387714913512,72.40890007656083,72.26216163279018,72.20163093685787,72.10920824888754,72.04999758448723,72.03757188643195,72.020536786493,72.01324464409406,72.08154877862614,72.07631142263888,72.05099669352569,71.99996528164105,71.8961443628243,71.69806696193464,71.55226482614933,71.36685556949404,71.14755269304466,70.8207887028837,70.52945933377991,70.22932192157049,69.9326423359572,69.66492535129623,69.43564749184769,69.24834371174673,69.11050903638923,69.01795985638091,68.98554092557232,68.97890004992799,69.04264883733588,69.09230031160699,69.12461592365852,69.08696241925512,68.95822273229979,68.7254592039764,68.4017812680216,67.9897759433123,67.56792766212327,67.06664354840764,66.61835718613241,66.18639074702799,65.80894847033822,65.51259406015741,65.29504362906266,65.15107361837882,65.07551700995162,65.06425776780357,65.10830957100342,65.206692876702,65.31962334738539,65.47552434170984,65.65777038116696,65.85371670722093,66.0594565841522,66.34873927646716,66.60061022821509,66.87295855086181,67.11647072743645,67.341842271386,67.55523154410784,67.65985093363096,67.8396760139007,68.00397349001241,68.13832512598331,68.24855631354471,68.2843626314786,68.33368364787546,68.38192025152708,68.42829636161967,68.48368920034844,68.55681495830669,68.65545237774063,68.77714453082808,68.91596015906528,69.07538891677648,69.24772019544658,69.43218293242022,69.65884897884276,69.81990128773775,70.07988329325674,70.26307277590597,70.47455454877156,70.6797746821979,70.87580116253498,71.06076890009867,71.23287896161533,71.39501170957232,71.53541120069339,71.65778274452317,71.76179366293056,71.84709694832209,71.88734057848593,71.97802503422766,72.03240016026788,72.06873261912249,72.09804262532293,72.12190517039937,72.15206095561031,72.21392131980835,72.35188084784828,72.58412297704699,72.87821642644299,73.24337847113793,73.65030605090786,74.06760344980165,74.48123973366411,74.88619212619435,75.26455302612558,75.6117929493073,75.92010727579638,76.17532183624475,76.37560058392079,76.51867385425875,76.59971485868589,76.60649493176783,76.55190614850541,76.42219261726892,76.22936681650418,76.01519960682785,75.81981372095306,75.69286185879999,75.68944651220212,75.77968403431935,75.96023646080906,76.22399135418436,76.44540232248909,76.70998621382726,76.94114233211559,77.13228636404969,77.26552733435294,77.33998676542731,77.34744889869499,77.28240365666058,77.13118027500076,76.90790768548267,76.62234373646388,76.34031491852619,76.02637466434791,75.62139148305313,75.22669377615688,74.83680088766526,74.47638331197872,74.16069405873886,73.88998287114765,73.6690207084073,73.4917882231431,73.35453669053487,73.2489955181155,73.15069852623338,73.05353696522101,73.03290813817385,72.9754136904347,72.92382585802835,72.88306914111045,72.85017647197596,72.80960416928443,72.72774891468194,72.58674691946001,72.35215557776631,71.99876452787362,71.51826608478859,70.93121453214482,70.2826380395339,69.62750038892945,69.00030328357808,68.41862221302843,67.90537740340486,67.48006519346097,67.17691564170724,67.02722599077049,67.0310127790342,67.12861028589717,67.29155605872542,67.51145636401824,67.80353010714965,68.1169314562689,68.47119147151878,68.86224686452783,69.26356161799127,69.61706223113829
52.451878127709634,52.50280026600645,52.492882889170666,52.52623936690024,52.54105328730774,52.49391593759862,52.45387767641164,52.406192676897675,52.345247868642,52.268554479666,52.17909164389941,52.08449756700315,51.997169485387715,51.927841650229894,51.8786042864399,51.84344568079001,51.8321452183882,51.840162632405814,51.87012988444037,51.91029369076074,51.96304469122695,52.030981601990646,52.11029915127792,52.198859134201875,52.297193689375405,52.384091965349114,52.499310792287176,52.68136980883383,52.8201259370022,52.95408732107245,53.067575999161946,53.21185474110609,53.353777492755235,53.49145099443755,53.62438583218787,53.74781962677342,53.85939764259504,53.9613776927203,54.06124833459932,54.14903005683943,54.23355472926123,54.292954479341965,54.32824954771496,54.287848050544795,54.310630638293105,54.33144735154169,54.34023979329352,54.291756711696614,54.23972037426447,54.17191678766165,54.09353165655606,53.99538778789925,53.8877061802051,53.77741580013002,53.67794555342169,53.599723520188405,53.5564744422605,53.56058925279944,53.62420542622359,53.716644743345476,53.89896017826706,54.09559257189943,54.31081860239926,54.51352585503946,54.66358204215532,54.821215833251884,54.920346523668194,54.97397021683098,54.96019811027663,54.85547140732907,54.683852443585906,54.42511938682672,54.20513215925452,53.89759322097866,53.61058874073539,53.347022354172644,53.127944723557476,52.967169676224984,52.8630886926582,52.81087518119501,52.80750635915776,52.851533423764764,52.942816674937056,53.075780494615664,53.2258495298943,53.40008729073272,53.59569321919859,53.82372866116818,54.07682897362625,54.345704073479716,54.62554416318446,54.86649240973773,55.15711578463473,55.49631213519196,55.818380648676985,56.102500163030285,56.39013349920527,56.67477083098805,56.99918945325473,57.275785938106225,57.5444445162757,57.75711435283795,58.03031787693253,58.31587141314934,58.59154545210692,58.85527880077957,59.10666348928855,59.345330824139914,59.57483408086751,59.79902675377592,60.02072725410515,60.233558616116355,60.44727357226277,60.60536185317999,60.794008734856895,60.98592320975942,61.17809320561595,61.37348490476477,61.57626770531295,61.792555985928544,62.02893957403829,62.281354054054574,62.54812460079127,62.822620485147105,63.06142011900033,63.28526938378674,63.51296904377017,63.7500898554252,64.01580739591569,64.32437782087901,64.60662374835313,64.88193037802681,65.12369456308323,65.36747344449748,65.60413474744948,65.8651245055268,66.10624462317077,66.38480557921334,66.64689918698555,66.90221930430826,67.13443451673419,67.384605119731,67.62631057932818,67.85728322516078,68.07290358815717,68.22118217326548,68.43559741217884,68.61176312289238,68.77482145034134,68.9829843918906,69.25364003608567,69.58942954291844,69.94218274322061,70.33791115760067,70.7925647377357,71.26613873848615,71.73140747804935,72.19828541221041,72.68120566038601,73.14548333168275,73.62668072798996,74.12139199720644,74.58325010383342,74.99542257180725,75.38735249207461,75.70869919349347,75.97850403829366,76.18406369104746,76.32310623922196,76.39769824509064,76.39420489885217,76.32495124764817,76.20172572292556,76.03961848440605,75.8696002667091,75.72024559523366,75.61868889277655,75.60454225359936,75.68327151047416,75.85975715569256,76.11327019702335,76.40523874810792,76.71513245943513,77.01885785289817,77.29865961009605,77.52139899905804,77.68593547474893,77.7796263174271,77.78768410073124,77.70509908200056,77.50713656394262,77.33423960533894,77.12313290405423,76.81118527941982,76.50634094917966,76.20354636392557,75.91897471124443,75.66518742466286,75.4555353535754,75.30167499566087,75.21042938121528,75.1807217340536,75.15047675880564,75.13419673777354,75.13885506952465,75.22809920768661,75.26668283101162,75.30428847631525,75.33810350265448,75.37580706952814,75.3625874996348,75.3106973943697,75.18015084394521,74.96465826200806,74.634243928941,74.31334504031307,73.88636696557538,73.3851776132828,72.90912023473456,72.43847964416237,72.0183473346992,71.70312984095051,71.49732305157887,71.3921293783649,71.36862896573989,71.41885489204005,71.52208001034367,71.67376069668941,71.8670310485988,72.10711525420939,72.37385281084597,72.63747392258774,72.87405325372993,73.07724674604776,73.21974738022418,73.29736803874158,73.27609161291399,73.26280918794241,73.11303008372931,72.93933336802938,72.7640165886189,72.62638397934775,72.56429658997303,72.61538675655987,72.7923550897987,73.09945127704896,73.42179529857879,73.76094000951923,74.06793294262917,74.37207850649617,74.61864668563453,74.79311716088601,74.8810978847387,74.86538042572364,74.753433546296,74.53798918072768,74.28899894918587,73.92838213515458,73.5926878159744,73.25961219773244,72.93855145196282,72.65658926365644,72.44151837256923,72.28585015509607,72.2182106022701,72.11952137792872,72.05703154224884,72.03950926171628,72.022546500745,72.01729154706499,72.09620256523239,72.09698276683935,72.07895869346251,72.03719077460713,71.94109078001163,71.7516696004329,71.61349392801624,71.43409494965164,71.21887946966665,70.89287170176047,70.60048259399319,70.29662406031869,69.99342937187602,69.71717660945947,69.47823783659027,69.28081466294692,69.13401650217438,69.03235283924737,68.99423160442679,68.97881325743404,69.04442362382136,69.10027936023099,69.14808996995765,69.1249458960746,69.01150956395232,68.79337674356924,68.4823200766672,68.07924291460235,67.66095070868153,67.156825800333,66.70080783509182,66.25587377529651,65.86181971310258,65.5472863914924,65.31073500967365,65.14800706360317,65.05505374658921,65.02862123782924,65.05993849086029,65.14806863721994,65.25145493973899,65.40106283171623,65.57873026715211,65.76782468185655,65.97028795951518,66.26478952141086,66.5142371894325,66.79284205909514,67.04006616573857,67.27011328979584,67.48963995839706,67.59820611506828,67.78382348672407,67.95320405728198,68.09191235813188,68.20523166985082,68.24255176617002,68.29205323194782,68.33968564175731,68.38323125074238,68.43431350649355,68.50200166946911,68.594501340249,68.71010096332495,68.84267720532576,68.99742862199093,69.16544175762382,69.34628732980305,69.56850500254615,69.72533162395489,69.98797158633629,70.1735762915336,70.38676333225467,70.59446671962995,70.79354336585605,70.98200835382052,71.15795437473348,71.32507420594128,71.46971328253504,71.59654782725164,71.70521856965041,71.79466324921343,71.83874904949211,71.93337442326424,71.98955038805349,72.0258226237271,72.0527649835851,72.07049458437838,72.09119906207705,72.14003307807347,72.26385502408601,72.48209251676396,72.76577346162566,73.10754069194044,73.51054974369032,73.92419576230908,74.34092636640393,74.75318107461946,75.1595007602716,75.51755987638677,75.8390236671759,76.10872656154412,76.32437828556145,76.4833902350951,76.58044892360469,76.6014241944058,76.55978252725949,76.43841681888111,76.24897003929316,76.03152565519225,75.82700520678561,75.68507451132865,75.66671592086709,75.74359833057679,75.91467500977102,76.17123613140318,76.39345165826566,76.66219796057814,76.90132570863803,77.10435458452962,77.25070488310176,77.3402958937336,77.36325608863238,77.31355976812884,77.1771645239485,76.96718464267673,76.69326248803154,76.41965890159237,76.11085715561806,75.70748430146205,75.31070530460397,74.91547093676274,74.54765835910759,74.22352951921216,73.94398783198106,73.7148813379098,73.5306362750393,73.38730337055482,73.27668706546133,73.16983156078754,73.06884853409771,73.05315723490622,72.99633302166163,72.94704215271523,72.9101761698892,72.88312064183613,72.85119142987423,72.77982300964126,72.65133272379062,72.43130622472236,72.09293712930499,71.62636238069432,71.05015799782036,70.40619275030542,69.74759665295046,69.10967942511645,68.51030398750108,67.97550448413546,67.52466343919377,67.19473271228735,67.01900714170793,66.99927575161875,67.07643554536305,67.2228897081658,67.42970577702813,67.71326631443766,68.01710424780191,68.3689128235045,68.76065986995519,69.16904401556256,69.52708853127618
52.4147585153763,52.473721467374396,52.472390871990555,52.5129890782946,52.53463533529853,52.49351725376415,52.45769804612675,52.4124961338037,52.3525449958143,52.27580953001622,52.18505955281528,52.08800706106188,51.99656222903024,51.92164467312374,51.86526622071446,51.821767482953675,51.802355127285665,51.80228908455313,51.825678234663236,51.85911131765931,51.905484660695386,51.96808717493807,52.04265783621946,52.126979541179175,52.20320754432424,52.30141833844016,52.41449946774764,52.59712286182732,52.735258126574195,52.86944162963528,52.98667075343408,53.13261951509676,53.27678596661645,53.41717566413393,53.553476126689546,53.680814462356125,53.79628869735311,53.90240855802977,54.00781073312217,54.10120602236868,54.192414160036414,54.258495971898036,54.300704547018015,54.26713613793496,54.29679672287852,54.32358330721336,54.33876451082765,54.29664867616059,54.24901423913775,54.18465372702144,54.10876310331562,54.01033616012576,53.899966129615436,53.78428407098353,53.6770455067231,53.58884503993831,53.53430692481239,53.526489326480785,53.578847748352835,53.65627664574606,53.812693443858834,54.00624570377272,54.22692892297586,54.44111287723495,54.617864187459126,54.79150871844761,54.901899417607055,54.96700621287998,54.96601225186208,54.875115324098914,54.714929789142346,54.46248660434572,54.24463446992077,53.93453928329023,53.64004438118397,53.36474778724491,53.13022654370894,52.95272379128221,52.83227676246894,52.76437352356792,52.74589925586508,52.77551309494054,52.85326238166234,52.9740517652506,53.11416129543206,53.27982262961871,53.468318167905906,53.69034163431242,53.938327393635774,54.202907697684495,54.479062439702886,54.716210871695864,55.00459875349484,55.339673856157994,55.661203039032834,55.945216088469365,56.23245545830239,56.517340240961225,56.84688068357478,57.12486753387435,57.3952437515465,57.60929676828303,57.88481826362255,58.17244628943134,58.45026375991685,58.71568965791078,58.96878448980147,59.20928626721599,59.44037050612152,59.66590075002713,59.88856454034164,60.10230164339226,60.31582951185866,60.47355728960978,60.66112127585002,60.851794847798686,61.0419862563665,61.23489949523287,61.43482956006865,61.64798152302763,61.88098769302305,62.12967037341404,62.39327649565985,62.66456424481717,62.90064015097834,63.1220169212061,63.3474932298441,63.58318042658176,63.8454222750189,64.15650928165222,64.43867757121949,64.71435080948751,64.95364667652932,65.19763138264071,65.4348079664508,65.696091157444,65.9387401861178,66.22136877008253,66.48543258799582,66.74290039186711,66.97749277456268,67.23081311507254,67.47595331707669,67.71017292560873,67.9293331862896,68.08148533687104,68.29817133331332,68.47559450131735,68.63929267296203,68.84586042855992,69.1115832805502,69.4407640346211,69.78570810633015,70.17428009237537,70.62394239719612,71.09140119813311,71.55496701847233,72.01907538854489,72.5033445836242,72.98120571390105,73.47045438247142,73.9756289061304,74.44966732977412,74.87413433235726,75.28167097816774,75.61749105670027,75.90329390568289,76.12546978775343,76.28126294105076,76.37250140866566,76.38379707157249,76.32684184735696,76.21174174529058,76.05229850706064,75.8801249071093,75.72323739216297,75.6073517562607,75.5767436942673,75.6396921897311,75.80312652209975,76.04796370719738,76.33531284775175,76.64622360807313,76.95548587756772,77.24520046680935,77.4811089236671,77.66135311580082,77.77278758245393,77.7979809485748,77.73058466818489,77.54810873969444,77.3861855007692,77.18264170475163,76.87460720707737,76.57009347684466,76.26409571546748,75.97330463001933,75.7108440898521,75.49118317239697,75.32712273491822,75.22662080548646,75.1889033064413,75.14898354093769,75.1276284482799,75.12959759882955,75.22180047477654,75.2632114399643,75.30591343301731,75.34694181200106,75.39765395405581,75.39540234323391,75.35501909765112,75.23727181290526,75.03500263597334,74.71671659951619,74.40527427434859,73.98335999967989,73.48274999683753,73.00895637886975,72.51843429949461,72.08131900330955,71.74671502969846,71.52074306882064,71.3962033365156,71.35412891822263,71.38911714782252,71.4795515787032,71.6227104928224,71.81149640147252,72.05026526125017,72.31849435043351,72.58651728354926,72.83039524520468,73.0440877600371,73.1973396834328,73.28603556524776,73.2750189561714,73.27038299316438,73.12734535524231,72.95458390417534,72.77401815151262,72.62395209996689,72.54432175113104,72.57872375018101,72.7411729255781,73.03424279592413,73.3513810323735,73.69144039654041,74.00701560243509,74.32145384971612,74.58276295172047,74.77476361285599,74.88116554567144,74.88380631996064,74.78974654595277,74.58858756934936,74.349257244727,73.99367068462874,73.65881570797586,73.32242807738288,72.99427702532725,72.70244871758057,72.47714905450758,72.31208763153357,72.23619809850564,72.13098377777402,72.06486215079264,72.04174887030457,72.02444482982635,72.02082513438847,72.10871775147076,72.1151060904905,72.10412427627857,72.07145644443047,71.98342729140896,71.80389381374903,71.67353766152605,71.50046443452129,71.28973953662855,70.96612542690089,70.67353308212482,70.36669145458333,70.0575164665515,69.77300181670687,69.52443756621389,69.31671717179275,69.16046708952497,69.04909297176447,69.00429671733335,68.97955663102697,69.04558869469382,69.10648460872183,69.16848050643921,69.15927839702609,69.06113906503859,68.85823074238903,68.56089000018152,68.16825050585744,67.75438262915559,67.24925979226097,66.7868276315114,66.33002598477911,65.9201191438472,65.58780333561745,65.33227677990106,65.15052720099526,65.03971056789538,64.99750677136414,65.01541561946175,65.09248228771096,65.18585960398278,65.32852277165225,65.50098301796329,65.68293282322367,65.88189773608579,66.18031398368872,66.42713039591534,66.71120984700276,66.96185007568741,67.19640156501016,67.4219168818217,67.53562359788988,67.72702990267742,67.90157297622586,68.04479773822352,68.16141715111264,68.2012903462551,68.25168513377135,68.29928705427795,68.34054970684898,68.38770214413982,68.45014262549066,68.5364965495246,68.64582801417365,68.77191500127036,68.92153392462276,69.08473623726701,69.26143486162766,69.47799605243412,69.63108202980311,69.89476136801805,70.08295714881139,70.29743055172553,70.50725884774398,70.70909358609977,70.90083220653429,71.0804669925587,71.25240863948422,71.40132945669987,71.53276691572461,71.64633642572166,71.74032363237406,71.78917764987843,71.88790204422702,71.9465286185484,71.9835869296295,72.00906531857623,72.02165553453469,72.03378646250059,72.07024576638878,72.17994787179308,72.38353145098067,72.6557225656829,72.97301668942433,73.37062287000339,73.77957804676267,74.19845530703749,74.61717466583693,75.05017513127083,75.41845172539588,75.75264730185184,76.0366450365211,76.26771076548062,76.44295068962712,76.55655786685445,76.59263797873355,76.56486417141957,76.45317903377467,76.26873659035907,76.04960301840107,75.83725561691217,75.6810627000011,75.64751762795562,75.71023921125911,75.87049347331778,76.11785161139909,76.34018553313632,76.61182736407731,76.85796982179777,77.07210643937984,77.23119521029781,77.33577942928405,77.3743750084433,77.34038879783363,77.21943484230178,77.02352164611301,76.76225687805326,76.49762105640471,76.19450659057108,75.79412933394626,75.3961818493493,74.99641496234302,74.62180986557158,74.28955785382479,74.00122284025122,73.76379205808831,73.57204812575007,73.42199257609747,73.30560682609334,73.18985363068026,73.0846941159305,73.07247934097941,73.01575488009725,72.96825974306995,72.93479984147667,72.9131423308666,72.88944120275872,72.82838081603633,72.71246775594342,72.50727815226813,72.18440101186329,71.73235749101374,71.16778872645062,70.52946810913849,69.86867699240112,69.221414683973,68.60579558672522,68.05066202217499,67.57525161259755,67.2189782158964,67.01702001293728,66.97302682851938,67.02885501469787,67.15792298593252,67.35080671721653,67.62490956892461,67.91869823435945,68.26725690205289,68.65890813351496,69.07336460450176,69.4355581148175
52.37407451149966,52.44144419255781,52.449848263764224,52.49784689299115,52.526553329837846,52.49245011631828,52.4615458250245,52.41948915859053,52.3612286925312,52.28514719178605,52.1937998363212,52.09492431424872,51.99985998942392,51.91965839463275,51.856261864792714,51.804522457355134,51.776878010267744,51.76850767874043,51.78490584255395,51.81126246152919,51.85090995858224,51.907745857064164,51.97711701286585,52.05674551721878,52.111051853740975,52.2198956344383,52.33031586254425,52.51167922097444,52.6486109505433,52.782620364423785,52.9038405469649,53.05108198402494,53.197136167655685,53.33989420659932,53.479263829326364,53.61031011784377,53.72954524028249,53.83971303231705,53.950473076438044,54.04948366565942,54.14742600438478,54.22035273023653,54.26979304343412,54.244304217744386,54.280976512595295,54.31391449891612,54.335722317803636,54.300898558504755,54.25847989616381,54.198394373925396,54.1257573978732,54.02796490106006,53.91578544837446,53.79548818127963,53.6810693083697,53.58328441868846,53.517548411889486,53.49750459610054,53.53781955359695,53.59974623143251,53.72914008086402,53.918219791153206,54.142943911413674,54.36737046492368,54.569664704604826,54.75799733754701,54.87904990623786,54.955357965191254,54.96742103057215,54.891371229701775,54.74386821463542,54.499655507451756,54.28475923363543,53.97399414448653,53.67351276185813,53.38772118153464,53.138629120631364,52.94490720094232,52.80834698631307,52.72476831974888,52.69099444926817,52.70582559170339,52.76952970923242,52.87754619824433,53.007128634760775,53.16367627416812,53.34453215069791,53.55999228727302,53.80231698403155,54.06207214788342,54.334043292634696,54.56759701531992,54.853447948469075,55.18402191698808,55.50474057528855,55.7884316844705,56.07510465540716,56.36009593421695,56.693813161257104,56.97309553978009,57.24513141082413,57.461288247241974,57.73907310521713,58.02874841181519,58.3087064974384,58.57583922411147,58.83067577598853,59.07305659840102,59.30577422693208,59.53270638577491,59.75641433961892,59.97115736790075,60.18460811848061,60.342789965481124,60.529584413514165,60.71923329476678,60.90763558056904,61.09818536305529,61.29530226420331,61.5052843001401,61.734805657189185,61.97961776629689,62.23980380210441,62.507545868561195,62.7408677531959,62.959702109221496,63.18282795655992,63.41691639242497,63.67545064742357,63.98818132284389,64.27002502180542,64.54586328146405,64.78293975508686,65.02704706327704,65.26462783330061,65.526119571448,65.77010548806149,66.05626797627428,66.3221337904688,66.58158709990816,66.81843256939129,67.07468418751769,67.32313998108306,67.56067516302264,67.7835832398826,67.94075263972488,68.15987123579092,68.3392627585072,68.50451457087166,68.71039175387482,68.97185742647697,69.29445655574023,69.63131697011559,70.01221621186775,70.45614477983816,70.91698859759373,71.37828270200954,71.83911433563391,72.32423189059456,72.8148537270797,73.31145973851751,73.82633883108655,74.31174126516396,74.74783298772218,75.16999296832563,75.5200318685952,75.82181295269734,76.06092931920547,76.23407349945778,76.34270381005929,76.3699041442062,76.32656395337553,76.22104002422132,76.06584749738153,75.89297329923424,75.72965940954059,75.60013873290994,75.55297196530711,75.59942553538785,75.74856340954571,75.98315473080089,76.26442952217602,76.57504907320715,76.8887610191353,77.18752987052154,77.43602897073701,77.63167823426092,77.76088990707245,77.80350106425169,77.75207641559989,77.58664276548593,77.43622454159795,77.24082328777817,76.93829235634652,76.63524348381415,76.3270167761263,76.03069910906088,75.75989207819129,75.53018808575213,75.35557834900663,75.24519101534582,75.19852198428526,75.1485816614806,75.12176340506213,75.1205873591997,75.21416368787752,75.25774279807979,75.30496938303541,75.35271628212661,75.41559897269906,75.42418077982796,75.39538317804694,75.29080652267696,75.10240927400923,74.7978097371165,74.49644161063424,74.08040305889004,73.58210767318717,73.11152737079938,72.60300554698448,72.14992337014807,71.79634597157032,71.55007795792397,71.40556651233446,71.3440558452463,71.3626710964567,71.43924155608885,71.57285788263061,71.75625185512355,71.9927294651483,72.26148967924001,72.53311740518012,72.7837794296851,73.00758645506762,73.17164750242621,73.27179475473007,73.2722418137251,73.27660360950942,73.14192199566166,72.97160554655879,72.78712059165714,72.62540974029628,72.528498746166,72.54567855781191,72.69241972454857,72.96910778365924,73.27946922247665,73.61909263870716,73.94267384179558,74.26645445085586,74.54194182994867,74.75128126046444,74.876306621529,74.89792636313614,74.82258416812019,74.63696812255334,74.40798411804963,74.05917824607133,73.72624859960752,73.387542770167,73.05302693046981,72.75160480746055,72.51596103885291,72.3410368840213,72.25570052818352,72.1437126709825,72.07359956630917,72.04441798002988,72.02634409413368,72.02393792860191,72.11901581995481,72.13056461493542,72.12634387949751,72.10257215555364,72.02297076104583,71.8546125912807,71.73225420314819,71.5658165766202,71.35998838253026,71.04050890538494,70.74862103030141,70.43958593909097,70.12501290818346,69.83254848664073,69.5744226510641,69.35624596794699,69.1900476619006,69.06836349362673,69.0158774811709,68.98131270052366,69.0462336361782,69.11091804969006,69.18563186986921,69.18972089100461,69.10681814600326,68.91970673029755,68.63718749918984,68.25653667342488,67.84796279203688,67.34377728449925,66.87632483631221,66.40883531614686,65.9839074391703,65.63426739818279,65.35983381017414,65.15882289233618,65.0296845988443,64.97110660483989,64.97491839570529,65.04008210641116,65.12298777060346,65.25802846532542,65.42462483365331,65.59916644365595,65.79441966757537,66.095312383714,66.33931375346538,66.62799551015426,66.88173039199015,67.1205932073553,67.35191721700707,67.47203626473525,67.66920809417898,67.84897993551232,67.99687218172465,68.11700238360613,68.1605298292604,68.21257348446129,68.2607500525349,68.30031822901707,68.34395691800262,68.40136643479008,68.48158341291501,68.58447764645673,68.70383159485874,68.84784554140016,69.00572588567134,69.17772584856172,69.38735531668021,69.53726648065438,69.80021892403242,69.99119307068149,70.20650505910982,70.41807259603384,70.6223484811107,70.81711486929343,71.00027225967563,71.17684101241439,71.33007637672051,71.46625172351513,71.58495840144363,71.68390222529212,71.73849829820068,71.84146811073131,71.90322721120725,71.94196902843106,71.96694736517341,71.97547210587223,71.97998971459266,72.00481132566556,72.10045841105948,72.28874530821997,72.54833405369403,72.84042042618306,73.23105514983892,73.63433348116803,74.05434449714254,74.47860954563023,74.93651454159588,75.31436095191752,75.66082749621177,75.95889098537789,76.2053846267243,76.39712427805249,76.52780161275938,76.57991448144149,76.56693805877791,76.46631648924017,76.28858617880243,76.06945307214728,75.85069276253411,75.68105208070362,75.63211382568687,75.67986779116815,75.82790575619522,76.06396051547902,76.28570533811856,76.55890521339565,76.81104579763364,77.03544879612669,77.20686714083197,77.32627157906471,77.38061853378099,77.36269254779647,77.25779422368367,77.0767318828319,76.82916319119553,76.57403753279743,76.27716920411831,75.88125094503931,75.48310424211573,75.079676310233,74.6989391596299,74.35892487752106,74.06186254960035,73.81594044531097,73.61619803894135,73.458753951804,73.33587582288546,73.21092447858084,73.10123358976152,73.09088948864144,73.0336602243534,72.98742742347262,72.9568560720506,72.94012505499438,72.92419566154112,72.8732360487597,72.76994486291159,72.5798423946429,72.27290173647611,71.83596082788685,71.28377938094651,70.65212216865883,69.99042356176884,69.33524948021734,68.70493920044643,68.13079460595571,67.63188802542534,67.24979910389162,67.02145911170436,66.95246696688754,66.98606198231933,67.09683374828074,67.27492079898516,67.53858269364852,67.82186661103117,68.16633441803081,68.5570497348659,68.97646893350067,69.34238055254066
52.329631875891096,52.40577566291191,52.42511504842534,52.480658444187746,52.51664157623236,52.49059279417652,52.46532694873517,52.42710810231767,52.37127233105474,52.2965778831991,52.205363065804065,52.105340263627475,52.007190599888645,51.922040431166124,51.85177231789012,51.79192308106231,51.75593968765553,51.73905203322672,51.748031925936864,51.76696305780072,51.79953485702315,51.85016004548202,51.913865171417264,51.98833129115497,52.02136388500917,52.13973335403143,52.24694372975094,52.4250709282632,52.56018311685955,52.693600764124255,52.81907416652276,52.967207625653025,53.114770406928535,53.25952514582577,53.401645194622816,53.536185380381305,53.659031977618326,53.773143026728626,53.88906020557862,53.99367568185033,54.09838988314706,54.1783176507029,54.235308944315896,54.21921207667362,54.26301352200212,54.302277568346966,54.33094102358814,54.30437036122783,54.268018214403426,54.21307758836177,54.14448456621788,54.04829844296937,53.93524707671669,53.81117107641525,53.69021576166099,53.583294682692554,53.50649268623479,53.47394821177437,53.501418050450816,53.54740653321782,53.649167592466995,53.83234705430464,54.05954494517521,54.29277808443483,54.5189168684348,54.72044967978214,54.85149355694431,54.938665869164396,54.96403603871348,54.903857604120134,54.7703042167272,54.53634453838125,54.32523156347379,54.01578272080409,53.710910442669544,53.41594644612708,53.15323379574491,52.94386325235934,52.79149345686975,52.69228901730603,52.64304217763407,52.642728573131926,52.69187142782877,52.78650211152435,52.90497359730422,53.051852284339745,53.22451900694215,53.43284026148224,53.66893189699367,53.9233058046422,54.19057153038336,54.42076642504218,54.703767613805056,55.02947044751564,55.34909132027227,55.63223207607614,55.91815721651891,56.20310525746822,56.53994827115287,56.820421674726965,57.0940505321652,57.313081565646634,57.59306390857627,57.88475012367645,58.16683843084888,58.43568862350186,58.69229471007791,58.936594840244844,59.17099584321551,59.399392653019056,59.62422497054123,59.84007296528003,60.05356120612043,60.21306660817861,60.399427596167236,60.58828236578567,60.77510141923536,60.96341612425092,61.15776929798632,61.36455401556876,61.59048545438768,61.831291350126506,62.08779293558336,62.35163960188198,62.5821840363552,62.79841026667056,63.01905956304379,63.25137912062633,63.505987317872254,63.81940671885917,64.10066666232295,64.37645834348673,64.61161164733102,64.85575804461708,65.09362790112488,65.35524503936867,65.60035872487971,65.88946378379207,66.15695121943044,66.41821538500511,66.65718008651766,66.91612237482745,67.16775792092983,67.40867274897276,67.63553623498946,67.79892680875784,68.02063676791686,68.20274626495096,68.37051891786004,68.57667462416802,68.83462531092111,69.15069722905557,69.479215359774,69.85192705175685,70.28936115802892,70.74314198600119,71.20160516549937,71.65874754104092,72.14424371004435,72.64655999964816,73.14979119055093,73.67356744254211,74.16945398920599,74.6164473824227,75.05214890037465,75.41611560344407,75.73382482636903,75.99019239336461,76.1812866123063,76.30805398031504,76.3523010095456,76.32393312036808,76.22949348832262,76.08022205490576,75.90819075340644,75.73964044355901,75.59726741518115,75.53348902083182,75.5627388619048,75.69630168849048,75.91901211539137,76.19269701043675,76.50165139110882,76.81866369020493,77.1255689538082,77.38602713899613,77.59673343423786,77.74372241374049,77.80400945419659,77.7693526332724,77.62257040857129,77.48418204182069,77.29750709083542,77.00215735016805,76.70177189508198,76.39235619669009,76.09126208028133,75.81247686149726,75.5727185683526,75.38721527507496,75.26629909374033,75.20970119822623,75.1494300509233,75.11676541711118,75.11198227209601,75.20522597705191,75.25027258195045,75.30140747475416,75.35533110722996,75.42943856918228,75.44868594506784,75.43153023515069,75.34048362788893,75.16660472740209,74.8773077196948,74.58661983347703,74.17727284437218,73.68310504542805,73.21652393783332,72.69222543248581,72.22428727261968,71.85221649362482,71.58556041210916,71.42045712153637,71.33864420205703,71.33971675929367,71.40131955674988,71.52433362829449,71.70138824519199,71.93454869018441,72.2028259009837,72.47721092667626,72.7341005316862,72.9675865222544,73.14249387204312,73.2544645117661,73.267631480213,73.28133033695948,73.15668932743866,72.99040881899585,72.80342405882159,72.63093491975735,72.5170753862387,72.51651363866908,72.64633000779698,72.90418177505327,73.20612848394022,73.54390058428484,73.87487767572652,74.20698700946929,74.49603603152406,74.72248123940813,74.86630819120312,74.90752408938161,74.8517301776159,74.68295139814967,74.46500527949529,74.1248246053814,73.79496472427732,73.45500172022398,73.11490869001476,72.80420682984943,72.55812324208243,72.3728607344778,72.27682499392284,72.15782528011317,72.08335394498894,72.04764385872525,72.02835661406358,72.02672245224264,72.12701825329796,72.14324156151717,72.14546794064294,72.13034777241927,72.05953805295194,71.90369892242569,71.78950172935211,71.63000392846547,71.42948149597169,71.11598116429268,70.82575667064951,70.51536934856823,70.19602798497164,69.89596413286327,69.62836906148648,69.39959578107238,69.22294508276094,69.09034764452865,69.02911511281833,68.98426399574097,69.04644803449948,69.11358167574616,69.19938839701366,69.2160343469053,69.14825371729104,68.97749023715662,68.71090903431745,68.34383937365183,67.94143056581689,67.44021003735553,66.96920771041522,66.49228971007082,66.05324527566997,65.68680108483872,65.39357097092207,65.17308299940709,65.02517296441019,64.94961297468812,64.93862425848846,64.99101637155655,65.06298987008776,65.18970421654338,65.34975191427493,65.51665085548697,65.7079875076953,66.00978444189997,66.25081116788432,66.54313264411927,66.79961504935386,67.04257432715754,67.2794958665785,67.40737699824393,67.61027089364717,67.79532462380963,67.94802660410183,68.07187699360719,68.12022167271252,68.17471241513296,68.22410019997409,68.26260331632433,68.30317963279735,68.35580170578609,68.42990733776796,68.52620182325686,68.63858503405054,68.77650418905131,68.92853295413207,69.09526061127289,69.29661598345793,69.44399895188063,69.70431054010987,69.89826178008617,70.11393570633338,70.32682949399334,70.53320470873346,70.73073075315143,70.9172256206688,71.09819732694503,71.25577069612955,71.3968139641963,71.5208956671156,71.6252231554558,71.68658291301458,71.79393283639244,71.8595385254847,71.90091241173303,71.92641485825358,71.93202838339498,71.92997537606509,71.94398169681513,72.02568566197537,72.19803961700464,72.44387824073854,72.71036586481017,73.09237630318887,73.48904524353087,73.90911187829683,74.33792235978282,74.8184573937193,75.20518001153452,75.56341356664323,75.87527813231672,76.13718647233851,76.34568006056885,76.49394008564381,76.56303189921995,76.56579116712679,76.47766641256818,76.30843851372371,76.0910971921239,75.86744445485274,75.68526830932241,75.62076670627984,75.65274518510569,75.78712576314933,76.00968556494986,76.23011246422988,76.50346229760393,76.76052476218455,76.99428852229653,77.17758949959519,77.31160655006153,77.38179954029879,77.38027282003887,77.29204566171741,77.12662853987376,76.89381771212477,76.64874448060473,76.35869123117118,75.96877349927483,75.57145331462614,75.16529832625966,74.77914756954169,74.43177640524522,74.12608161367073,73.87151407594591,73.66326027827914,73.49773714231564,73.36761507871164,73.23320384715849,73.11862683463283,73.10840271014037,73.05003001304193,73.00449398830341,72.97626077778867,72.96395233014647,72.95529697982474,72.9142024227039,72.82355689168836,72.648769986086,72.35818486407098,71.93688180345353,71.39780262421915,70.77381298149226,70.11251851554098,69.45092423391915,68.80757701841027,68.21584682390986,67.69463098943011,67.28734232763037,67.03251894525494,66.93779712387462,66.94824973664512,67.0397998514656,67.2022096367358,67.45440851164743,67.72676257290658,68.066256082305,68.45514275366668,68.87830255125107,69.24746541522404
52.28123636836208,52.36652309979195,52.39805120990759,52.461269365082245,52.5047343797888,52.48782355625448,52.46894735288898,52.43528931604471,52.38264928364696,52.310112022478854,52.2197998126507,52.1193458462619,52.0186818937444,51.92894839913311,51.85197867922217,51.78418183114317,51.73976597977014,51.71415576627103,51.71527570263637,51.72642904190426,51.751573628153785,51.79553213730471,51.85309080207383,51.92191109182206,51.93478090551244,52.06114099790733,52.16456682244155,52.337330025681624,52.469973333472865,52.60236006742302,52.732360398876004,52.880961917743434,53.029630995490606,53.17598700580537,53.32051647710345,53.45831903711366,53.58461361559578,53.702550452411,53.82339696157547,53.93359476608006,54.04510541716395,54.13218362964268,54.19704615701591,54.191719501423265,54.24275126565758,54.28850915720299,54.32424843754786,54.30692808682859,54.27753006291736,54.22864223031882,54.16491463433873,54.071361218120856,53.9584339548766,53.831475701787326,53.70468366989645,53.5891288582043,53.50143353059126,53.456133323617976,53.46994044740935,53.499610583915015,53.57364348185202,53.7494597134908,53.97741340172298,54.21781520209753,54.46555395379142,54.6786337343851,54.81892593711008,54.916570320199,54.95546886859264,54.91219292733643,54.793874292079806,54.57227213937062,54.365776572511116,54.05972992847945,53.75215398352992,53.44942749010745,53.174121910469815,52.94973529268735,52.78191026681809,52.667165063807474,52.602292679229855,52.58647969830493,52.62054030763285,52.701157823018136,52.8079182324862,52.94455472009237,53.10846257600608,53.30904519837239,53.538306284702124,53.78671704852652,54.04873196135233,54.27583468529499,54.55566199375039,54.87613357757411,55.19435333681211,55.47670238832869,55.76168926763694,56.04643555742801,56.38524739811329,56.66679765761853,56.94194415362633,57.16466949942883,57.44677218056001,57.740423768390755,58.024624326325636,58.29519898020216,58.55359865429789,58.79985401529733,59.03598595488802,59.26590854375932,59.49194475171286,59.70899561116835,59.92264058876987,60.08439394508687,60.27068027212721,60.45898587597734,60.64444401337726,60.830665394838555,61.02231414168709,61.22588036761638,61.44811907246952,61.68478624232629,61.9373303115551,62.19691969028225,62.4246701111584,62.63822671239086,62.85627438842183,63.086649978857444,63.337127091107455,63.650198244103315,63.93060305498406,64.2061265450859,64.43970020183683,64.6838018848715,64.92184172304964,65.18350285303586,65.42951809245018,65.7209167786394,65.98983329990672,66.2527212037316,66.49366151123945,66.75503171476275,67.00969448619968,67.25404849502937,67.48507465766355,67.6559505709007,67.88040757799641,68.06602339113752,68.23733748771697,68.44480529577227,68.70004977093777,69.0096761773468,69.32960930050244,69.69362014772157,70.12378080413544,70.57010241248858,71.02518504578016,71.47832029232949,71.96375617072079,72.47645716003596,72.98554313299456,73.51736041096429,74.02278758110319,74.47990636097951,74.92796921214106,75.30553623551275,75.63909317372998,75.91300911819178,76.12265097745954,76.26830045047647,76.33076256038304,76.3187649029989,76.23697506619922,76.09537877917033,75.92582257994842,75.75330929041088,75.59895539553125,75.51855681495454,75.52989948374231,75.64657522939402,75.85570470852639,76.12022355159006,76.42607309804978,76.7451743033807,77.05923884924478,77.33097142717274,77.55634131984026,77.72107422491575,77.79927112484421,77.78219163022928,77.65572343620465,77.52988331543287,77.35252255162497,77.06611881148287,76.76965963564193,76.4601606279469,76.15509747559285,75.86874391158683,75.61894309491021,75.42220695027204,75.29010412361696,75.22256437890486,75.15168763975473,75.11279829341804,75.10394025897928,75.19502447236229,75.24079646816861,75.2951788565581,75.35469048150996,75.43896918722994,75.46868097460445,75.46320086855586,75.38603178316988,75.22731554743814,74.95499492520399,74.67558172718397,74.27374605729273,73.78559651665654,73.32363680728142,72.78612600185248,72.30453754812926,71.91452042292067,71.62742312459629,71.4411133798363,71.33812844390071,71.32045415768455,71.36595519493557,71.47726849199438,71.64699640731801,71.87576376063907,72.14249011938276,72.41873448723372,72.6812532757231,72.92393165271253,73.10970182712218,73.23386374093353,73.26105925027298,73.2844224754965,73.17157667302452,73.01100424530246,72.82302870277495,72.64070565777152,72.51029948250985,72.491491451969,72.60313829641018,72.83960030490518,73.13142743181608,73.46586808153869,73.80359711924373,74.14295822511035,74.4448982676515,74.688174685384,74.85095733358563,74.91238303282859,74.87696833925773,74.72635795394827,74.5201464394054,74.19052954845812,73.86494231539315,73.52485037169292,73.18002982658639,72.86040408130029,72.60380458067321,72.40772200482162,72.2996785983426,72.17343882772514,72.09423544302243,72.05155377422365,72.0305947100127,72.0292712278481,72.13264653411369,72.15302015157883,72.16134689723847,72.15459315946988,72.09294603115688,71.95102579658175,71.84513841660723,71.6928790425743,71.49807436555267,71.19250123070407,70.90495023529576,70.59410351774169,70.27067098511584,69.96339626897681,69.68645276782655,69.44696134083166,69.25934621556556,69.11522866416468,69.04415082915456,68.98859304649585,69.04632147588268,69.1144774795007,69.2095944246386,69.23797973362322,69.18515268934658,69.03126679282798,68.78175106618963,68.42989656288563,68.034525318987,67.5383898111374,67.06538451474147,66.58037710722202,66.12819332994438,65.74552690123552,65.43365313257407,65.19349638398907,65.02637278956728,64.93321811734045,64.90671064670877,64.94543336138322,65.00601633292241,65.12367432911365,65.27646045988095,65.43551137105037,65.62273501015684,65.92372987865978,66.16164654497396,66.45655484446736,66.71541198248575,66.96223103474321,67.20450773316131,67.34157868105544,67.55013113350026,67.74050672978608,67.89815192082145,68.02593060739174,68.08031733413799,68.1380960569016,68.18936306004146,68.22747146784835,68.26547209323934,68.31357704689742,68.38161373143099,68.47115250765656,68.57633336680543,68.70765058430439,68.8532796939444,69.0141394704288,69.20581124094075,69.35139341885382,69.60700250198076,69.80414099996766,70.01967134532198,70.23345107111629,70.44155892681262,70.64155426916187,70.83118252012285,71.01630358528938,71.17822906845953,71.32426535134125,71.45395939303691,71.56411055035323,71.63330341287579,71.7451564348257,71.81535492083536,71.86036057113682,71.88747153269375,71.89140845210689,71.8839100046296,71.88800882074872,71.9559286446308,72.11171990585754,72.34262544189579,72.5834669678991,72.95511605004505,73.3442965118568,73.76327539207811,74.19554975407813,74.69594209011376,75.09080135982977,75.4602548295338,75.78562020153986,76.06290290536924,76.28838709737391,76.45473320983209,76.54176842875934,76.56121047425837,76.48706603104928,76.32821330422347,76.11455675402385,75.8876385050694,75.69393704174371,75.6137384619537,75.62913250787356,75.748367398926,75.95514948111853,76.17350830248787,76.44552940577297,76.70637784148934,76.94853248541573,77.14323111147831,77.29161854926062,77.37773090364999,77.39293141658239,77.32199215002605,77.17302480427894,76.95605672550752,76.72157804966086,76.43891890664099,76.05662136118639,75.66120989860336,75.25332435625,74.8625364235662,74.50825825194165,74.1940546861046,73.93070052636129,73.71340910742944,73.53909179227354,73.40094561644592,73.25685147908254,73.13703372958656,73.12503403772422,73.0648452047747,73.01940823194244,72.99292987486865,72.98450767224989,72.98258733121283,72.95109365276139,72.8730966892669,72.71383196083671,72.4399959555755,72.03482982985378,71.5095311191795,70.89419860026447,70.23464400820504,69.56817936514814,68.9135512303623,68.30576326446969,67.76353881636487,67.33175483846989,67.05039402083491,66.92921825663204,66.91561156609305,66.98699915174224,67.13283484487019,67.37250984595939,67.63353931507523,67.96713260574228,68.35324526957605,68.77881100644481,69.15072227364608
52.228693748724034,52.323493724553146,52.368516732144634,52.43952528887249,52.49066604581388,52.4840191191879,52.47231168023652,52.44396855682348,52.39533276217929,52.32576002684871,52.23716064824797,52.137031999215836,52.03446170431109,51.94053991494291,51.85706204800432,51.7815111846657,51.72858270693272,51.69405249613234,51.68685639047674,51.689876349270165,51.70724054410975,51.74406452964533,51.79498239503575,51.85765914805433,51.85194018263435,51.98432806675391,52.08336889368996,52.24848855521776,52.37798030833327,52.508875513006366,52.643688030792944,52.792310338058556,52.941660244397525,53.08919831053016,53.23577393129279,53.37658987518577,53.50615486045007,53.62778722051063,53.75330818546028,53.86905361348726,53.98737222727618,54.08174356340133,54.15479858888674,54.16168627869388,54.22003325812038,54.272445907181236,54.31547236904943,54.30843488751991,54.28691467593758,54.24502541580389,54.187016533764016,54.09717741451291,53.98542902308872,53.856545002792814,53.724671836375585,53.60103997147738,53.502664727701884,53.44437308174704,53.44368395296743,53.45671141633709,53.50343525220335,53.670389988975465,53.897230658519504,54.142961284240926,54.409509235517056,54.63231749058797,54.7810426141189,54.88871171369475,54.94133111251632,54.91599583756354,54.814215164634724,54.60715675265627,54.40611937382269,54.1056606837491,53.797159944350966,53.48816822256107,53.201374806226276,52.962666669080384,52.77979150883722,52.649625906821385,52.568996192322544,52.53733662630102,52.55578911882609,52.621751650653195,52.71618458973056,52.841987641384776,52.99654669725723,53.18876673937573,53.410574299336986,53.65241426010206,53.90860939394507,54.13291738051068,54.409235332552704,54.72412543699695,55.04062468773616,55.32192774627067,55.60577693476058,55.890154180809354,56.229671926989624,56.512175207358354,56.78875531326413,57.01604482452041,57.300179428028386,57.59574168933372,57.88202895004603,58.15433141833259,58.41454497087667,58.662787146108336,58.900695161865926,59.13220304999549,59.35952200173806,59.57787248120393,59.79179808042081,59.95677870359054,60.143371889711986,60.33138764046379,60.51572360400651,60.70000679083708,60.889020275575,61.08935305458575,61.30779849928564,61.540197560319626,61.788502345477994,62.04346037926481,62.26840708830761,62.47923676522002,62.694558771820226,62.92281033478978,63.16896477187168,63.48056867298145,63.759834762000764,64.03485843579185,64.26724326717944,64.51121614225096,64.74930285220084,65.01092830427955,65.25760178665075,65.55058754681981,65.82072845692358,66.08504051266135,66.3278030288543,66.5913162450846,66.84883702647515,67.09668521276271,67.3320809939581,67.5117666530844,67.73912331433479,67.92907163209098,68.1049997320077,68.31487988120686,68.56829364358217,68.87158352339372,69.18270481749799,69.53750303544082,69.95959299052477,70.39811092618902,70.84927297969031,71.29817787706298,71.78314540137116,72.30467783667261,72.8188099602711,73.35776340682027,73.87172412005859,74.33813876791338,74.79728496369547,75.18809490254215,75.53740028131276,75.82915612506014,76.057941535933,76.22321260836728,76.3050733805188,76.31087485593217,76.24335636911647,76.1112741104627,75.94591408918275,75.77079474628876,75.60542026641711,75.50843730178828,75.50117471536082,75.59961790271629,75.79340135776341,76.04711738469199,76.34835673030166,76.66827327126663,76.98846068940679,77.27072983399512,77.51032449517668,77.69273446305611,77.7890510826292,77.7903720995232,77.68593361564031,77.57315367642998,77.40569910784842,77.13009335457531,76.83888763048783,76.53047672068482,76.22230922690773,75.92883870027687,75.66903014013673,75.46072681174668,75.3167651879227,75.2372349569619,75.15551335846378,75.11002584297366,75.09661924131032,75.18359630387116,75.22931013332663,75.28623467683171,75.35069859916545,75.44398727056651,75.4839290040887,75.49013567785602,75.42717964314849,75.28426830019879,75.03065573159698,74.7631000760621,74.36959939881807,73.88943648996903,73.43255670645364,72.88473930093835,72.39080103408175,71.98345158651657,71.67589878860566,71.4677735029491,71.34274302602348,71.30508331298051,71.33331808489517,71.43179323591069,71.59316717714174,71.81641550079294,72.08046943815542,72.35762472604841,72.62513238631092,72.87646553755701,73.07309440250205,73.20981134680986,73.25239641854294,73.28573932510237,73.1865133547951,73.03340234929473,72.8460346732863,72.65489997376014,72.50841884614027,72.47087445692823,72.56307911147499,72.77549890801397,73.05543468115623,73.38499897873403,73.7288021873632,74.07427479733298,74.38838124953591,74.6481727340889,74.83004112756828,74.9122871015172,74.89808370041683,74.7670083477591,74.57323330812146,74.25621279226061,73.93615960636298,73.59713416871303,73.24849786280896,72.92034585836618,72.65317397110242,72.44578351697137,72.32436844406183,72.19067053637745,72.10635421660015,72.05627499435818,72.03317070237759,72.0316767779557,72.13582214501548,72.15978360646349,72.17383118680773,72.17511818114811,72.1230115596903,71.99646620314654,71.89902244138297,71.75429447146388,71.56562247987311,71.27002813169919,70.98621195636676,70.67585028133797,70.34905119681585,70.03499240858356,69.74884974042996,69.4985373768876,69.2994379237741,69.14318979222938,69.06112584705843,68.99448238260516,69.04594354655276,69.11360745356416,69.21609428951007,69.25531802005352,69.21722197261452,69.08072192717344,68.84941005746504,68.51444619747346,68.12698642003865,67.63814836453153,67.16476351021197,66.67308544827155,66.2088122785917,65.81056735302349,65.48024516555937,65.2202519078633,65.03348119928974,64.92211426922856,64.87935499926378,64.9034813541272,64.95221758959414,65.06006310684384,65.20484667052418,65.35587330267974,65.53879592867139,65.8371484144067,66.07184379053602,66.36819570676822,66.6290291260929,66.87944944043865,67.1268077193808,67.2745741958093,67.48870164615656,67.68442594210988,67.84713904735007,67.97905285123566,68.04076827106341,68.10271854088258,68.1565641961829,68.19498918266679,68.230936104044,68.27482106654281,68.33684800125181,68.4194816627384,68.51723464108302,68.64142544388758,68.78008835640354,68.93446274669706,69.11497427730218,69.25956385694589,69.50826109537554,69.70880845326816,69.9236608280014,70.13785885689651,70.34730779319274,70.54945982837825,70.74199840262234,70.93098578966061,71.09726814724311,71.24841759852306,71.38396074950685,71.50038853747269,71.57853171634012,71.69499911964637,71.7705687567139,71.82025699824364,71.85012112337097,71.85369639701196,71.84196015799799,71.83714463837765,71.89148637911588,72.03009170330151,72.24484597224523,72.46033769804342,72.81980411039937,73.20067046415151,73.61735298006421,74.05192837429964,74.5689070332518,74.97111745238608,75.351200601271,75.68973091724949,75.98232052886257,76.22501486237421,76.40994469576131,76.51590663730232,76.55298487324141,76.49435186620843,76.34782890007402,76.13985309648179,75.91140272438543,75.7072839338538,75.6112912849275,75.60929087427364,75.71184456827122,75.90047498529192,76.11599424391007,76.38513732697356,76.6485761615869,76.89808755301064,77.10366080137224,77.266141783648,77.36822549948789,77.4004701394485,77.34743672837605,77.21573402102061,77.01571651601022,76.79237438980009,76.51769846543912,76.1447188953075,75.75235482577024,75.34379774603097,74.94920704996258,74.58851623255461,74.26595642054421,73.99368737292521,73.7668187900582,73.58296754631887,73.43598845896219,73.2820271170222,73.15661415366479,73.14079850364102,73.07808675816361,73.03211894876986,73.00677927946826,73.00167459723164,73.0059088893087,72.98372345382474,72.91835710264041,72.77479935313437,72.51808057191717,72.1295143192275,71.61863752873857,71.01293707760134,70.35648219424839,69.68675529397396,69.02270402604816,68.40048851606743,67.8386698179826,67.38318358776752,67.07527884569008,66.92693132231126,66.88834075908075,66.93860950536579,67.0669580377901,67.2930095196224,67.54235003262671,67.86907469920936,68.25141536225271,68.67793984777369,69.05206069858517
52.171830185755724,52.27652059571024,52.336371599070134,52.41527184875636,52.474270879614316,52.478989657213646,52.47523473027143,52.452983788585755,52.40919653786657,52.343445044376296,52.25743700579685,52.158449944894954,52.05464109159164,51.956968656631176,51.867203514491514,51.78412361869785,51.72261568946434,51.678975841069686,51.66299320728237,51.657520915328796,51.66674987702672,51.695959619616985,51.73972844050317,51.79574968868609,51.77347898375853,51.90950406125901,52.003533696570045,52.1585785588596,52.28420274939075,52.413124339560575,52.55304584904194,52.70121836436077,52.85080046470489,52.99907758399222,53.14731381171533,53.29087668174256,53.423520418416274,53.54870524217406,53.67861910207914,53.79986969261904,53.92500128575351,54.02681796607323,54.10839414619466,54.12897219518606,54.19470301394912,54.25392445997874,54.30444062745955,54.30869844407306,54.29597086619462,54.26202891494589,54.210611483758996,54.12562531530408,54.016207827801736,53.886470586062764,53.750367537901475,53.61928089411137,53.51048006030965,53.43898063627724,53.42294577561996,53.419062063297055,53.439410406705335,53.59597010102241,53.819678093027306,54.06869579719416,54.35071598845408,54.58126893762286,54.73753915535444,54.85473449086311,54.92128227328916,54.91499377334284,54.831040961661856,54.64071682047464,54.44598508048377,54.15338192461034,53.84583449210392,53.532170877051136,53.23507382443451,52.98280072869249,52.78533127560628,52.63990099391583,52.5434029551792,52.49555701619889,52.49787063159,52.548521912357,52.62999471846107,52.74435510817577,52.888955210063074,53.07216452592454,53.28587009307828,53.52050581993452,53.77028863656504,53.9921300951216,54.26459187445961,54.57356015561754,54.88800343587251,55.16799327494446,55.45049634388916,55.73432847432525,56.07318324263304,56.356506042849944,56.634427049135226,56.86720031685323,57.15326715784139,57.45067622988093,57.73901706818736,58.013047062013335,58.27509102204247,58.52534725522774,58.76507406406549,58.998225163727355,59.22690503922113,59.44665075102502,59.660985495064985,59.83022592440471,60.01753011630777,60.20553014080895,60.38899976346734,60.57151379939674,60.7579711798842,60.95506177477969,61.16961572268703,61.3976204215299,61.641395452810464,61.89133591433245,62.11347607850506,62.321525743995636,62.53399905236507,62.75994155609494,63.001595164907464,63.310530779898826,63.58836234558507,63.86264456513492,64.09427869193392,64.33803837496606,64.5760448417045,64.83755668492954,65.0846280033592,65.37843670422376,65.64958521227008,65.91510953442659,66.15953226673548,66.42488494415257,66.68508472056509,66.93648925888786,67.17647707217156,67.36631778223968,67.59672362523727,67.79182296353252,67.97342623329159,68.18689189470136,68.4394888206908,68.7366091402307,69.03870793595773,69.3837832505936,69.796986989564,70.22740857623562,70.67411960406818,71.11866558280498,71.6027875307427,72.13135465798764,72.6496860668034,73.19482210979122,73.71625194129257,74.19111946441842,74.66008563273272,75.0638433070152,75.42882765017872,75.73869931640674,75.98717398303849,76.17274371038313,76.2751120213249,76.3000785338321,76.24844341287567,76.1277747056044,75.96844144360212,75.79219964871608,75.61687867305174,75.50339243544607,75.47683187122071,75.5556635789173,75.73227091065999,75.97348674879863,76.26854482413611,76.58794100646678,76.91315560686976,77.2051703581916,77.45851026360573,77.65851657673994,77.77317899596598,77.79374797110103,77.71303271413232,77.61381843880748,77.4568661972073,77.19395066051541,76.90939126793386,76.60332295997269,76.29299189419089,75.99290605461294,75.72314817874393,75.50294829664774,75.34644136960448,75.25383636303803,75.1610661375394,75.10861187476898,75.09017714054997,75.17097860164098,75.21580925401688,75.27452608395961,75.34325965439527,75.44428929525539,75.49419803912541,75.51209654526136,75.46370036561045,75.33724380793058,75.10407451682661,74.84894766441838,74.46460957011458,73.99444909280646,73.54297355767527,72.98809050426988,72.4832045599258,72.05920381147119,71.73122009735744,71.50067570658975,71.35272240367136,71.2938042465326,71.3035778408779,71.38803862222385,71.53999139030326,71.75654473492666,72.01675096101987,72.29381828231637,72.56563258796474,72.82503186790295,73.03249683936265,73.1821372515606,73.24151427966075,73.28514018575908,73.20138442065601,73.05754643101199,72.8724896684377,72.67369009179687,72.51168128829072,72.45492511276322,72.52638697407833,72.71201311917856,72.97821884701251,73.30129712413616,73.65046289510076,74.00084342569117,74.3263376883822,74.60229387843452,74.80339538181798,74.9070980962023,74.91492463068951,74.80472313739213,74.62409159598498,74.32173575176346,74.00854663009174,73.67186609393767,73.32041040826711,72.98418137808514,72.70640032984714,72.4872080928456,72.35100163369961,72.20963762862915,72.1198204219126,72.06193478696179,72.03619691155491,72.03403162510278,72.13646656861684,72.16341514751423,72.18277124687432,72.19173306597372,72.1495552330844,72.03989313151789,71.95101198014875,71.81410276765135,71.63198132753291,71.34847616857587,71.06950655998973,70.7606408539013,70.43126763781177,70.11089936612689,69.81573594964219,69.55451861890292,69.34340707084611,69.17441426841718,69.08018138340888,69.00211453388577,69.0454038327347,69.1109735905471,69.21873232839407,69.26781017509123,69.2441693225214,69.1255637631547,68.9136243732339,68.59722623376256,68.2185532374633,67.73927137604997,67.26721873629435,66.77039449544183,66.29516276830445,65.88204494585288,65.53351194030715,65.25353843281081,65.04669531855178,64.91649366678406,64.85673475505102,64.86530862802455,64.90174407058967,64.99899485354156,65.13500674625735,65.27786196270873,65.45630401695024,65.750039769554,65.98142681037227,66.2779888265914,66.54037441488249,66.79411565457016,67.04625072786237,67.20629642514501,67.42589526403437,67.62698194944936,67.79487889915413,67.93113335141486,68.001508323572,68.06854764314686,68.12570344674202,68.16520389006986,68.19966450113925,68.23966074004846,68.29575555448004,68.37134125158498,68.46144690484299,68.57796948452909,68.70908119280472,68.85633076074532,69.02413828071576,69.16862424152883,69.40805260602461,69.61224186292992,69.82585300629742,70.03997438082787,70.25034796571845,70.45432184185398,70.6495287127519,70.84206994227208,71.01270458601283,71.16908271112597,71.31071326408711,71.43388688830429,71.52213974196327,71.64332110446978,71.7250591908497,71.78051143176519,71.8143226858246,71.81894317646528,71.80428336311257,71.79164106867574,71.83265788552065,71.95346053785931,72.1508101468662,72.3415920178366,72.68697020424372,73.05875027842063,73.47186258383277,73.90749486623078,74.43729062560605,74.84602074478636,75.23610075634166,75.58744586139224,75.89528987241707,76.15545253023755,76.3594865777438,76.4853323329259,76.54095490035873,76.49933228777799,76.36709998419624,76.16690205094106,75.93881892075768,75.72553247860473,75.61368736742035,75.59348139910765,75.67777117593083,75.845784798777,76.05767167951393,76.3223168502765,76.5870908485161,76.84286059260764,77.05874789356884,77.23502416322162,77.35313175869535,77.40273747055723,77.36823168270816,77.25460483462318,77.07263336829939,76.86096965085666,76.59487614247692,76.2329637855015,75.84484772620804,75.43675100374232,75.03925778969474,74.67269607767487,74.34196147063182,74.06066219200586,73.82366358983138,73.62951404909283,73.47286462913452,73.30889050364678,73.17752798590959,73.15571114013883,73.08973563182049,73.04257493316577,73.0177249077652,73.01533662101872,73.02510382771558,73.01190638816483,72.95913921158635,72.83146566578509,72.59221791793313,72.22067931564187,71.724819574072,71.12969756608392,70.47771706090667,69.80639245175168,69.13487759521338,68.49996716713535,67.92008230603629,67.44177552688049,67.10736792706629,66.93113727806366,66.866630604026,66.89480876859142,67.00474082989723,67.21603035567455,67.45334792065059,67.77219307357309,68.14971111135537,68.5756346239295,68.95139026081966
52.110676249792654,52.225599912909,52.301475794617794,52.3883546779317,52.455383186496796,52.47245513693254,52.477384490327196,52.46196720922107,52.42384557157393,52.36276447112265,52.28025291274592,52.183269950032944,52.07899465181159,51.978139946379144,51.882461258429196,51.7921728470675,51.72207133539144,51.66915603704362,51.64390523151626,51.629578675510515,51.63031589904033,51.651419804332775,51.687517428676216,51.736356942551645,51.70003457626853,51.836878482110414,51.92524498415569,52.067632078595224,52.18863936459529,52.315083785771954,52.46042264039133,52.60765147441248,52.75699399174152,52.905543775290006,53.05503526727102,53.20107225510856,53.33661114464207,53.46522567133887,53.599283315596075,53.72604530928913,53.85801346407638,53.967450141552575,54.0578482429438,54.093437037600374,54.166604047702464,54.23278145729256,54.290981022144905,54.307437792533264,54.30434043730981,54.27922484318307,54.23522521356188,54.1561909093432,54.050270233262815,53.920861488703906,53.7815870768536,53.64391133799307,53.525115270840054,53.440262360070136,53.40802312345557,53.38701555760792,53.38243644854225,53.527032269895415,53.74543708270889,53.99549820728639,54.28910748744484,54.5252611581507,54.688188104242826,54.814549030496785,54.89537657041515,54.90921259849333,54.844255710446,54.672670785062095,54.48509880556968,54.20254142654742,53.8978671635786,53.5812533993172,53.275201215115246,53.010243512711874,52.79871374425471,52.6382187222312,52.52576320606688,52.46139852707725,52.44703761610599,52.481706926057065,52.54957066810152,52.651861180424156,52.7858719537911,52.95939819945112,53.16432781810606,53.3911001085896,53.63385449761571,53.85358841356006,54.121835863718715,54.42455186326935,54.73658764404929,55.014984099392535,55.29592362102198,55.57902578468869,55.91574371433455,56.199745495103734,56.47891155677965,56.718128752359114,57.00601687685908,57.30519973340803,57.59555344692702,57.8713070353646,58.13519417002352,58.387487365205395,58.62907326140298,58.86392387695464,59.0940421827663,59.31527759626986,59.530154646694236,59.704667167418314,59.89309201072664,60.081362659648875,60.2642438926627,60.44518839189438,60.62920148506717,60.82306843819678,61.03365031334363,61.257145962263806,61.49609552935172,61.74062054098786,61.95995819245283,62.165178967555256,62.37468156918253,62.59812501044442,62.83511307495731,63.14009733926061,63.416186367948974,63.6894754974143,63.92084452613242,64.1643070763669,64.40210359226144,64.66342633882468,64.9106255488518,65.2044686246115,65.47640621134207,65.74293152739602,65.98887041072587,66.25578202264435,66.5185078273174,66.77355073352633,67.01835275367132,67.21954668529744,67.45314815900907,67.6541425657361,67.84238434135884,68.06055201408275,68.31344606728737,68.60481755961382,68.89781205618297,69.23266822408529,69.63615207362022,70.05823641176156,70.49997555575212,70.94012869711891,71.42305853635922,71.95662075109699,72.47827250886641,73.0286251135718,73.55651318869579,74.0390900710952,74.5167281448391,74.9331433567141,75.31369796920171,75.64188255053809,75.9104934103984,76.11694268565259,76.24080982220568,76.28619149136294,76.25194759871158,76.14450786553611,75.99302167529574,75.81726585341123,75.63334485662364,75.50364493880166,75.45713663014465,75.51494612845704,75.67248221477362,75.89943988296605,76.18667991582473,76.50415938517466,76.83326227658435,77.13424795528093,77.4009329466575,77.61849916159426,77.75174553369818,77.79233810194684,77.73685249893497,77.65170291656082,77.50585325740323,77.25740365770918,76.98086358901236,76.67843373276573,76.36698928221595,76.06093794574095,75.78140656902801,75.54903067738155,75.37929024168497,75.27249202777399,75.16850490747046,75.108720197795,75.08477187815902,75.15720849576171,75.20029023643741,75.26001223637687,75.3323086118326,75.43978434043017,75.49946002700818,75.52909673535036,75.49560331387087,75.38619934679863,75.17503565884576,74.93289727655987,74.55855327234866,74.10031014986242,73.65456967685607,73.0959676964107,72.58174696183372,72.14193925396289,71.7936176741124,71.54005820647312,71.36830103209041,71.28681697969198,71.27690407713304,71.34613541311423,71.48755988244278,71.69619228732083,71.95132183152134,72.22725411093363,72.50266704518828,72.76954594125486,72.98787446213169,73.15081999995179,73.22828412826428,73.28248435744854,73.2159041261789,73.08307323096571,72.90204895002984,72.69698016135445,72.52027074529332,72.44390124445395,72.49329640530702,72.64927847319797,72.8998485444369,73.21476636601032,73.56854929430553,73.92257979620734,74.25869745249314,74.55058647605325,74.77112365277054,74.89685093568636,74.92743052348192,74.83932288065732,74.67254701333742,74.38679548370614,74.0817964021707,73.74877498187143,73.39561710533926,73.05194694847405,72.76361720979598,72.53215200770252,72.37968526987498,72.23045732703932,72.13474421515032,72.06866041986751,72.03978565794127,72.03642829182681,72.13451289371099,72.16382830430051,72.18807989458033,72.20436455618864,72.17253282598234,72.08117957109347,72.00096520937403,71.8721564836539,71.69700639713191,71.42754819245683,71.15451878206773,70.84819720853233,70.51715457935552,70.19110403433106,69.8872240243221,69.61508376034574,69.39143889141938,69.20908532536257,69.10145865508476,69.01167203015463,69.04479192065351,69.10657788306001,69.21735382019924,69.27525344857608,69.2658718346624,69.16574874218539,68.97428202249131,68.67797462810022,68.30896513975239,67.84137799314203,67.37237202335996,66.87205115562396,66.38718804746048,65.9600467562413,65.5936163895871,65.2935448206128,65.06621227232762,64.91654854643856,64.839027352968,64.83106346131135,64.85474620639573,64.94059387301432,65.06703688713333,65.20160266347091,65.37539302870474,65.66240368605715,65.89041991189208,66.18587120095634,66.449366586735,66.706142119574,66.96275062966721,67.13667825170214,67.36162481955208,67.56807444047281,67.74126239170013,67.88206173420524,67.96233881003157,68.03534674504564,68.09653925268434,68.13790181294941,68.17151444493439,68.20805736301,68.25840186821308,68.32685336987639,68.40911878275782,68.51742153609497,68.64038026210505,68.77984384387396,68.93333644687698,69.07868854797454,69.30634331965841,69.51441895189512,69.7261967569297,69.93971967288773,70.15057900734232,70.3560243323153,70.55365163663308,70.7494281850521,70.92442972808763,71.08617880588984,71.23415801045276,71.36454935304059,71.46399940830094,71.58998260291122,71.67862975902786,71.74085983483272,71.77977135419269,71.78686815234526,71.77074374938347,71.7516023911746,71.77971769111078,71.88213184306052,72.06078828083814,72.22784388987216,72.55714405156995,72.91911913266985,73.32732214496161,73.76268587565501,74.30103386622548,74.7154390022967,75.11496688821745,75.47891047495114,75.80200184777237,76.0798740871134,76.30346422943003,76.45003609758037,76.52501734194217,76.50177867612193,76.38566636207506,76.195282902817,75.96956109615354,75.74866981516,75.621149713085,75.5819641353949,75.64636112665083,75.79120164288062,75.998642000317,76.25709876475263,76.52189449351125,76.7827916260139,77.00850244258639,77.1983532405589,77.33254571540138,77.39978897155942,77.38437211390944,77.28956555956925,77.12664356704153,76.92719998266476,76.67029817266581,76.3211086589488,75.93845093113212,75.53200341850321,75.13260356871866,74.7608279339464,74.4222007118511,74.13179547829905,73.88411523065055,73.67888090275244,73.51169514983678,73.3376013816255,73.19993510536308,73.16978697946567,73.09977285589981,73.05072617716058,73.02569002786298,73.02540383971935,73.04008488798978,73.035595064685,72.99543572892574,72.88383063289378,72.66238588877972,72.30827704247723,71.82798982798678,71.24432913928855,70.59813433408776,69.92686107294125,69.24990904696448,68.60413824223842,68.00783393700746,67.50767760716614,67.14685577220935,66.94203708104067,66.85067438934647,66.85577479767427,66.94634483559338,67.14169517715382,67.3666861742364,67.67659843970023,68.04819060155236,68.47184195184941,68.84862618321381
52.04538029327645,52.17079137457424,52.26368930272126,52.358619409596365,52.433837271768034,52.46412910182526,52.47841539248014,52.47052500404299,52.438839850074686,52.38323971154252,52.305091512535256,52.210950093054656,52.106985831812175,52.003567059303286,51.90246196915396,51.80541076946797,51.72685492232543,51.66463834269449,51.62972381156719,51.60622273039779,51.598130653688145,51.610637344274465,51.63853474849476,51.679656777465,51.632200489237206,51.76666082759178,51.84869063698404,51.97572266644301,52.09134517727578,52.21480527285292,52.365866744164656,52.511659399681704,52.66029913670278,52.80867196644834,52.95905195635762,53.10735545526386,53.24565451929299,53.377599939551445,53.51556835960829,53.64782245857751,53.78661451009184,53.9037910562717,54.003240584399855,54.0549405926374,54.13557987393907,54.20885354081978,54.27492136247212,54.30436402350332,54.31165152703242,54.29616304096723,54.260348269046546,54.18829492936238,54.08698444550014,53.95906227005878,53.817705244439885,53.674420818974674,53.54629835563417,53.44823534515836,53.39912732208729,53.36090458656803,53.333372841984215,53.46440734169256,53.675187648233475,53.9238438320614,54.22467458220571,54.46435442536442,54.633254583254796,54.76849183181006,54.86386238745454,54.898728888474544,54.85379202974131,54.70273708865512,54.52318566215563,54.25270386094952,53.95274262786318,53.63488533853981,53.32130786581735,53.04470602926936,52.8198211453935,52.644614933064176,52.51622724512846,52.43507543622752,52.403527097141684,52.42153955793469,52.47513122465584,52.564707084708516,52.687478890503805,52.850627117438506,53.046082472409104,53.264307152555055,53.49939436829089,53.71740792025836,53.98107154457766,54.277214689785836,54.586475375094594,54.86298534465734,55.142134892158396,55.424313458612644,55.757403979616804,56.041959247281724,56.32228730400069,56.56882290696992,56.85841009194145,57.159284543290596,57.4516028524423,57.729072462506615,57.994811777048064,58.249160498591166,58.49264335379469,58.729248181677164,58.96088175097788,59.18370019257665,59.39925734930031,59.57993369115509,59.769862810255425,59.95868188171858,60.14125209817031,60.32084233383066,60.50255565642987,60.69326558528575,60.8998524159452,61.118780145475306,61.3526534941663,61.59138850473388,61.807934540853104,62.01028175473657,62.216692661398724,62.437442065509785,62.669613306763736,62.969308443960074,63.243343489652396,63.51539051339104,63.74700682443714,63.99008933061416,64.22754679346347,64.48860289765601,64.73567240973277,65.0288190517191,65.30133821846783,65.56866490794083,65.81598785826999,66.08420013671311,66.34930533962857,66.60804605886035,66.857842752328,67.07139608918851,67.30833656395548,67.51589029112046,67.71162988477248,67.93552259572645,68.18978594261021,68.47594503573349,68.7599967639941,69.08429854426323,69.47726546302552,69.89082648812958,70.32708036757717,70.76287289710898,71.2442492547451,71.78063014897435,72.30474353125014,72.85940293091421,73.3928095366945,73.88238810050304,74.36762138797339,74.79637622173456,75.19234079206761,75.53895228539291,75.82804615226623,76.05585928432146,76.2020987089601,76.26902928318893,76.25357296146771,76.16106143767982,76.01915558770051,75.84547072785364,75.65438068570224,75.5090393429303,75.44220586183994,75.47767537444167,75.61421076721102,75.82510304932023,76.10286597548702,76.41708031366072,76.74901292453073,77.05828519291643,77.33791078135077,77.5729238541511,77.72490720824364,77.78618321664372,77.7572247373024,77.68663242368552,77.55248972613782,77.32013258796472,77.05291733115762,76.75537881178869,76.44387317008126,76.13257700084138,75.84359007938404,75.59892543597205,75.41538490837766,75.29332538181045,75.17798859874593,75.11051462104265,75.0805613755983,75.1423821174409,75.18286489575195,75.24284532324414,75.31804001729223,75.43074629995185,75.4999606264569,75.54131360105157,75.52297591563605,75.43112800336647,75.24332353560733,75.01472169679357,74.6512072066867,74.20665014867723,73.76702319361584,73.20786730237792,72.68597458330015,72.23141560622454,71.8631029517923,71.58608621524075,71.38969391606167,71.28431795873307,71.25346680110522,71.30621929351801,71.4359818456614,71.63544352451177,71.88425833938219,72.15804008360759,72.43640856459761,72.71023471659954,72.9394142731412,73.11594477413612,73.21257725899146,73.27763114015269,73.22974554950069,73.10953215101203,72.93418999855768,72.72429910018566,72.53395031491185,72.4378647010965,72.4640075431588,72.58746612571458,72.82042973092811,73.12548630718038,73.48315809369674,73.8396847119468,74.18579229215639,74.4933685439644,74.7334209732982,74.8816038591546,74.93554782479694,74.87062813536465,74.71842527052026,74.45106029062225,74.15552920657372,73.82744267440326,73.47370800123934,73.12334097571963,72.82468280094484,72.58062278131648,72.410526455207,72.25324685416699,72.15123575250374,72.0765791609084,72.04404926193322,72.03895930066511,72.13010969063033,72.16120831948481,72.18996321168532,72.21322199106648,72.19207022551086,72.12019851127107,72.0487403055282,71.92830817198872,71.76055317727004,71.50688462715735,71.24082695131601,70.93806196114365,70.60626465629697,70.27523057498749,69.96307386967669,69.68016075838922,69.44360022817986,69.2473454413797,69.12510024052762,69.02333740122863,69.04421598375663,69.10047308501105,69.21200640501496,69.27785175937383,69.2825797238859,69.2013869607888,69.03130440603206,68.75642933683365,68.39796149539734,67.94404975611202,67.4797324376905,66.97754151819262,66.48444767678126,66.04430674291366,65.66053750124773,65.34040892971606,65.09221649114171,64.92246637344587,64.8264080054268,64.80089413222362,64.81137451136064,64.8849865941781,65.00104017185495,65.12722663155374,65.29619671764624,65.57430834820474,65.798919716532,66.09194157867964,66.35613021380118,66.61567517468059,66.87647143714338,67.06565255812012,67.29580314512792,67.50760310384847,67.68618044045459,67.83172762588273,67.92300073294282,68.00278371535893,68.06869793435487,68.11267976700273,68.14608983267627,68.17966633968699,68.22454290720391,68.28589530808979,68.36023119700832,68.45983811512346,68.57408120426982,68.70510991932558,68.84270599511922,68.98988608519326,69.2032147338692,69.41538816227416,69.62473846195368,69.83715472792198,70.0480901573423,70.25469472176974,70.4545312727917,70.65325966464738,70.832648084169,70.99988741187924,71.15442616072781,71.29242550197488,71.40398263390891,71.53484382858603,71.63105711785174,71.70098240427338,71.74606570049983,71.75699969025375,71.7408546778711,71.71663325645233,71.73256704073076,71.81629840593513,71.97503317459427,72.11969391748312,72.4308519366631,72.78235036813835,73.18422828321943,73.61790382261884,74.16028842652895,74.5796651822834,74.98819548979236,75.364500228375,75.70276020703804,75.99849496493289,76.2419960124082,76.41001319039678,76.50507182307645,76.50145989691987,76.40315100531193,76.22450797974024,76.00309009405088,75.776237093629,75.63352750685974,75.57486916762582,75.6178153357888,75.73689813873291,75.93904756990302,76.189586920586,76.45313130404683,76.71815978227366,76.95326763050146,77.15642051909575,77.30666870944917,77.39173760712258,77.3958788643501,77.32055543298293,77.17758339690305,76.99090153505865,76.74381079091712,76.40885708251916,76.0328195060577,75.62917935025426,75.22887259140903,74.85259733323363,74.50648565274979,74.20701446459101,73.94822304418078,73.7311831923464,73.55260329849962,73.36831949362768,73.22399539106742,73.18308947055381,73.10827845828746,73.05667190163732,73.03081888219829,73.03207656852815,73.05109926746474,73.05503180947576,73.02743227525451,72.93200487563693,72.72863506002388,72.39233714565242,71.92817012716485,71.35682680857207,70.7176728781017,70.04802587784542,69.36759826018957,68.71282200033846,68.10185982294713,67.58097693301512,67.19392137237197,66.95982917559475,66.84066471443325,66.82168491240147,66.89193143242447,67.07013045261799,67.28251855078295,67.58241338741443,67.94694892294386,68.3666341026372,68.74386440505384
51.97609208576776,52.112154821838494,52.22287210731422,52.32591167694824,52.40946744073475,52.45372509537242,52.477981868806616,52.47826335836505,52.45373936014209,52.404392170090645,52.33143566010455,52.240946159108574,52.13806637770794,52.032728702887894,51.926737700578975,51.82342116047672,51.73663433848501,51.665191178280686,51.62034262384757,51.58743981023242,51.570250329945445,51.57372628739194,51.592938182392295,51.62584077536099,51.57013316557986,51.6990605704952,51.77410658326862,51.88339683267943,51.99292269209976,52.11291612094813,52.269779568698404,52.41366530782913,52.56115840197903,52.70892551104902,52.85983592012533,53.01017243267457,53.15105142357082,53.286177843660475,53.4277888614953,53.56545911213443,53.71101649321376,53.835992376169116,53.94465093317139,54.01334264699773,54.10147400721755,54.18197735225742,54.25608945780792,54.29918822758607,54.3175322731117,54.31239334875022,54.285471196086846,54.2213581080936,54.12571866587571,54.000414778021565,53.858071063888254,53.71019415153742,53.573494777999606,53.46252524123346,53.3961433138108,53.34081573609379,53.292659814438686,53.4086657164934,53.609430617217285,53.8540933727816,54.15776755630432,54.399043880057036,54.57319780280588,54.71693772581794,54.82698946069976,54.88361921874593,54.85958253830197,54.73063417349008,54.559970763316976,54.30343317725235,54.00993751589994,53.692497512459276,53.37282731531464,53.08566165367708,52.84818592500223,52.658709782853926,52.5145336084508,52.41646211897376,52.36733732415828,52.36810259743548,52.406793006637976,52.4830234097295,52.593918091647225,52.74600411301708,52.93129199009691,53.1402865824734,53.36707090476654,53.58370419964887,53.842403161284025,54.13166276500036,54.437764691836534,54.7120821357813,54.989206283297705,55.27025884281013,55.59837160557769,55.883341022527944,56.16472474240805,56.41927555661748,56.71042830994855,57.01290300290427,57.30713005091058,57.58630446755958,57.853901205344314,58.1103196779349,58.35573494115687,58.59414706989469,58.827372062460114,59.05186571558366,59.26824541687508,59.455849540030954,59.64763736376431,59.8372703653597,60.0197997690564,60.19825611822958,60.37783189162201,60.56548195069737,60.76809525473903,60.98244716760866,61.21106374836551,61.44371405107326,61.65748623440804,61.856919424377146,62.060118668139815,62.27797408896257,62.50519066506928,62.7983511475612,63.07002910529023,63.34058608592973,63.57288810041812,63.815485407789005,64.05246500395107,64.31316635640106,64.55986081156554,64.85164828014987,65.12455172320843,65.39248998132753,65.64106834547633,65.91033953294361,66.17767939512996,66.44015215688923,66.6950817824507,66.92180872084371,67.16222848838169,67.37692599210436,67.58091869209557,67.81146599600788,68.06812651797081,68.34967473689643,68.62506330147653,68.93863337026923,69.32042509577063,69.72531861423441,70.15557677170403,70.58700069509129,71.06642358962296,71.60356495528158,72.12931865198091,72.68741537174196,73.22545006058405,73.72135119081675,74.21317425009431,74.65392307217226,75.06508567246235,75.43015497890997,75.73997854289539,75.9895432565356,76.15891060738707,76.24840746397426,76.25302353598765,76.17702326945741,76.04634392515885,75.87628556671929,75.6794866984186,75.51920869917264,75.43189066472414,75.44394090883563,75.55769959149883,75.75079361355341,76.01751461500321,76.32718218896571,76.66088277576146,76.97770176616805,77.26978256605291,77.5220346696071,77.69282053202197,77.77532403977474,77.77398119648885,77.71843227417702,77.59660504111258,77.38181769309018,77.12516517968598,76.83372595513698,76.52320170199881,76.20741726450643,75.90937265583652,75.65242619634641,75.4546709535816,75.31645985578814,75.18967614185473,75.11415895350295,75.07770355432864,75.12682613962389,75.16388550166344,75.2233755834713,75.30077866096714,75.4175228161545,75.49596469990286,75.54892731702876,75.5459056479785,75.47202286419756,75.3087225250642,75.09419370942652,74.74234807429511,74.31309956538323,73.88001219405989,73.32326781492772,72.79533382234695,72.32711128199053,71.9392775260465,71.6385695397093,71.4169005784765,71.28642974098624,71.23344582963865,71.26850701696108,71.38551407779137,71.57460323164287,71.8159154466285,72.08656475914334,72.367221816009,72.64740992339412,72.88732288554061,73.07759908563501,73.19426496648012,73.27043983385346,73.24258176875837,73.13647258661585,72.96838941461164,72.75514783665143,72.55231280947277,72.43661320215837,72.43857821656275,72.52710098203404,72.74053933006927,73.03411993149614,73.39479596553744,73.75269596495644,74.10808438488588,74.43097347899591,74.69048245533665,74.86141510579223,74.93922298063762,74.89845945932407,74.761552077875,74.51419847504552,74.22936530798356,73.90744977796875,73.55426090301859,73.19799892591755,72.88932617383482,72.63248018086041,72.44363229231467,72.27812343257123,72.16940519016342,72.08581827791745,72.04910004392747,72.0417171741551,72.12359579137001,72.15588376841794,72.18871338468304,72.218556721404,72.20830415168497,72.15682294144837,72.0941954450807,71.98241038517291,71.82247715654711,71.58612588735791,71.32800919071298,71.02977552603703,70.69813685099321,70.36285313850698,70.04292333373213,69.74947888256956,69.49976143207,69.28920044432574,69.15125714600536,69.03729317692462,69.04396465406191,69.0930243960317,69.20319051439117,69.27606439831823,69.2945929698918,69.23259079757034,69.08461292465104,68.83232831631013,68.4852816728896,68.04686820526433,67.58880851956619,67.08633787908171,66.58642295781279,66.13435615654055,65.73392139507826,65.3939630660558,65.12469935975085,64.93431838259299,64.81898903776786,64.77494891899745,64.77178171430218,64.83233988790143,64.93720323623496,65.05490992703287,65.21884883748608,65.48604214825349,65.70717830225689,65.99652770792159,66.26097447822961,66.52298361713484,66.78764347798504,66.99315222703858,67.22834307318027,67.44546762824456,67.62952396088394,67.78002065272321,67.88323479003331,67.97052588209675,68.04180446366834,68.0891303246253,68.12298206958276,68.1541100491158,68.19385972921013,68.24822445439146,68.31462078802025,68.40516331607338,68.51022656392674,68.63225784172434,68.75274946533041,68.90240956753001,69.09925923212535,69.31548700449727,69.52184321624118,69.73266470875201,69.94327384899583,70.15071692451545,70.35252695195798,70.55390478898882,70.7376462308953,70.91043023571838,71.07166438270286,71.21756891485997,71.34196133734288,71.47776499510945,71.58211789163447,71.66055931109206,71.712804152703,71.72886386072601,71.7141088898505,71.6862327297648,71.69081630909906,71.75582238985814,71.893654995524,72.01742814511421,72.30849400974616,72.64880510818155,73.04287966331268,73.47340697298768,74.01556872818406,74.43920799044182,74.85623908266237,75.24459603842864,75.59786877589363,75.91153059562745,76.17520028826637,76.36525887050634,76.48101796884627,76.49814481585143,76.4191768855083,76.25408960934134,76.03886489908982,75.80772599769034,75.65046264096675,75.57207335514096,75.59226666817203,75.68339135171935,75.87924773111622,76.12020417301056,76.38127578369108,76.64944281462773,76.89343483753183,77.10952400868713,77.27570246730589,77.37869634403926,77.40277277640031,77.34751369198833,77.22528914255051,77.0519104578726,76.8152602321422,76.49591258437746,76.12760744578624,75.72789598844308,75.32766811190417,74.94762586662925,74.5944862805018,74.28606523279674,74.01586214331452,73.78643919490887,73.5957221699633,73.40120458232255,73.24986872206459,73.19594422378465,73.11562793570508,73.06080350141883,73.03351004725408,73.03573381457004,73.0584931487411,73.07049546376541,73.05532295890252,72.97610008155812,72.79101611550531,72.47288940064747,72.02538317143427,71.46718979510021,70.83628421192599,70.16977026756976,69.48772855104978,68.82572483334,68.20182929717453,67.66142305969922,67.24849093853025,66.98458299377268,66.83673007597284,66.7926853773832,66.84165594387854,67.00151001453456,67.20100342561653,67.4898237002824,67.84620706854727,68.26032547193829,68.63741526089598
51.902961396827166,52.04975009583437,52.17888419233031,52.29007711318512,52.382107998703646,52.44095666105476,52.47573835138297,52.484788457500834,52.468104088549424,52.42574325122175,52.35876821039353,52.27271393334313,52.171688035613506,52.06510358461722,51.95482050661733,51.84578722682273,51.75107103448907,51.67056026806821,51.6156154874096,51.57316597103559,51.54667980670634,51.54076429374385,51.550871033832024,51.57510926746276,51.51373761996471,51.63428716826371,51.70175978105199,51.791501726412065,51.89428260613846,52.01031299817483,52.172692145361765,52.314195793880344,52.46009373820869,52.60682709986971,52.757893266764015,52.90997958933053,53.05320433519424,53.19130919717698,53.33625944863661,53.47921324161003,53.63143148285607,53.764205767183405,53.882159051866914,53.96850298738192,54.06412996209655,54.15198953330253,54.234313117518965,54.291621495384355,54.32161081329692,54.327465606983914,54.310084540556666,54.25480117826896,54.165841095751404,54.04426086048643,53.90203355842659,53.75061615016253,53.60616779857337,53.482729900759274,53.39887851982049,53.32667214401829,53.260121672853785,53.35981118259583,53.54831041095765,53.78648111333599,54.08887513918431,54.32986089501982,54.50847744292931,54.66026154353539,54.78500752644327,54.863960164767015,54.86155985488215,54.756080481803416,54.59517922212893,54.354293324891536,54.068928458631234,53.75352073881597,53.42919309996199,53.13258050740433,52.88332098097106,52.68006928098098,52.520314798535445,52.40527271852889,52.33828109823452,52.32131360844663,52.344552658893825,52.40686692668751,52.50529348317246,52.64567549856283,52.82013936114847,53.01925519793619,53.23713206184243,53.452592836163916,53.70593495808544,53.988010218746425,54.29055365710321,54.56235959780689,54.83721392043922,55.11692928399417,55.43887031813008,55.72409171818695,56.006396406885436,56.26947947723363,56.562053037740355,56.866027455624646,57.16209980850917,57.44296417464368,57.71241981714049,57.97091792578649,58.218298623405815,58.45856953360695,58.69346143581725,58.9197213409291,59.137070663410306,59.332238758461756,59.5262105201235,59.71691066891382,59.89966229438714,60.077210238115114,60.254828388293184,60.439546152605196,60.63825103762607,60.84806792571585,61.071315551672235,61.29767142550877,61.508694383819794,61.705177295314556,61.90504592853195,62.11980244847432,62.34193995461644,62.62746170595595,62.89648222717814,63.165290332769025,63.39861765292409,63.64059743853821,63.876949285095044,64.13719683840567,64.3832829813699,64.67311660450704,64.94621721512485,65.21458705282262,65.4642956084534,65.73440045792059,66.00383213145281,66.27004594961207,66.53020455834854,66.77072730719395,67.01476358059296,67.23710952110656,67.45000659189111,67.6880445713024,67.94808586468076,68.22568983140944,68.49280745322427,68.79560137388071,69.16569687438927,69.56179845109722,69.98555759258525,70.41254964411715,70.88960804717917,71.42560924445814,71.95221806087173,72.51292224597873,73.05474383565985,73.55631698021107,74.05379561916061,74.50616507812293,74.9322621640718,75.31573708902799,75.64643691653936,75.91804435244083,76.11117744328557,76.22414158838319,76.25000335711496,76.19198120829077,76.07408743201333,75.90918166468423,75.70816343290387,75.53378374407355,75.4260146130188,75.41379482478011,75.50323104382811,75.67694401830137,75.93113354485409,76.23498040405651,76.56935437397195,76.8929173706821,77.19688709913125,77.466075623159,77.65564201745285,77.75980129592301,77.7869536437484,77.74692778203078,77.63802864002918,77.44213921489373,77.19721981991387,76.91304292090602,76.60453302218069,76.2850527813283,75.97842814919392,75.70932264120336,75.497083380391,75.34201888034774,75.20372646728576,75.11981700416682,75.07635633581089,75.1109235364737,75.14373437224621,75.20196227003069,75.28085031167087,75.40046153137217,75.48773710977754,75.5521180579457,75.56447998797076,75.50887701585535,75.37101700516922,75.1710860987657,74.83175257634024,74.41928887611277,73.9932147642935,73.4416477268163,72.90927107699582,72.42849914273069,72.02169804569532,71.697209990014,71.44978640808881,71.29320534998888,71.21703123434682,71.2332817646629,71.33648451323126,71.51404364245566,71.74670241936357,72.0132431895767,72.29547596334504,72.58138329283277,72.83180691247924,73.03587044596983,73.1732185453682,73.26076973853282,73.25408586208893,73.1634439332421,73.00412379878198,72.78902729911262,72.57495056113625,72.43992582038814,72.41702944181752,72.46891044563282,72.66107658540926,72.94160118636461,73.3040523784062,73.66217079908635,74.02603597653028,74.3637346779758,74.64250321082152,74.83634291478458,74.93840243700689,74.9226374103456,74.8017531457431,74.57587833950953,74.302924971083,73.98837689900351,73.63685361772824,73.2755562651634,72.95727565729997,72.68757762742624,72.47910988381712,72.3052042848111,72.18936268431986,72.09650503872773,72.05505032432058,72.04479443483419,72.11531656561812,72.14818451727297,72.18462261150528,72.22062009799798,72.22137132451962,72.1909258510232,72.13718880450098,72.03431567572372,71.88263382356305,71.66491238773895,71.41564362323687,71.12287831751422,70.7923101458011,70.45354587530028,70.1264101466511,69.82276195293099,69.55977433723949,69.33462755342893,69.18008359850576,69.05372188705951,69.04442804176556,69.08471579975354,69.19146804703696,69.27035460892277,69.30221155238004,69.25947263113551,69.13412897914304,68.90540952287687,68.57066504072058,68.14941488090331,67.6991088092672,67.19791253422508,66.69259519210112,66.22972383729224,65.81337914278352,65.45392625876835,65.16350205470243,64.95205585205446,64.81681262256329,64.75337609986885,64.73612292988656,64.78285687103022,64.87576838044227,64.98484915267474,65.14348314193555,65.39793767916481,65.61546789838049,65.89997469946218,66.16421510472219,66.42833731828057,66.6964970803555,66.91911014109698,67.15915743612744,67.38156770232943,67.57118386845468,67.72683044100259,67.84278167903055,67.93824057326908,68.01548381253956,68.06684605821262,68.1017825608716,68.13101087033262,68.16603339198942,68.21359737550773,68.27211949032981,68.3533331407586,68.44885252855023,68.56142004217283,68.6640495500898,68.8164680958768,68.99521075807198,69.21512683771753,69.41794112962498,69.62668159655453,69.83654970197081,70.04448708737878,70.24800177884329,70.45170452626343,70.63971074520782,70.81802898403147,70.98601934416853,71.14003317144882,71.27780743715857,71.41860631609684,71.53158870468914,71.61927072629368,71.67958513875935,71.70198673429748,71.68999912659666,71.65989987636779,71.65406818276915,71.70050561091077,71.81669443033877,71.92101395085048,72.19031074120751,72.5186397707472,72.90346752882706,73.32941564627696,73.86742504982793,74.2945789328084,74.71955018842348,75.11957882187691,75.4876313800189,75.81919641112826,76.10319541859268,76.31576839704022,76.4527554043363,76.49160229859623,76.43336697426565,76.28354011925096,76.0763444959106,75.8426282110226,75.671594799195,75.57342435039259,75.56982577918644,75.63134369061616,75.81967338221605,76.04946042013412,76.30683996844057,76.57712098859265,76.82939544389515,77.05796171918824,77.23984871543857,77.36077814910198,77.40507469243036,77.37037957370956,77.26959708865037,77.11006290094082,76.88449273125244,76.58197869268857,76.22246874511934,75.82777052251717,75.42859338434238,75.0455351252259,74.68587194871498,74.36868954479543,74.08689432908888,73.84465034290865,73.64118753060971,73.43641639037936,73.27771497739677,73.20876517135278,73.1222516661897,73.06354627046467,73.03417616475586,73.03675720172296,73.06261272952318,73.08226486878216,73.07930188819964,73.0162279382009,72.84957973906369,72.54996358294235,72.11965166062306,71.57541732003874,70.95391985453816,70.29197764321994,69.61008316020033,68.94254854953434,68.30737688555566,67.74864730929771,67.31028497717121,67.01617959566511,66.83888368806751,66.76887496206345,66.79566728202677,66.93604079932835,67.12230143958485,67.39903609319295,67.74621278300336,68.15325800861375,68.5296015348767
51.826137996015326,51.98363703769435,52.13158554170325,52.25096135150492,52.35159325098142,52.425537342352925,52.47133927228554,52.48970648676391,52.48149402206993,52.44681435939058,52.38657201834181,52.305709200906804,52.20730255164343,52.10017041197547,51.98624244118217,51.87209217523495,51.769826460956544,51.68049133632304,51.6153962213054,51.56333726780261,51.52742386761047,51.51182882117036,51.51247647849197,51.527662679437896,51.46291585802545,51.57255007812961,51.63191770694982,51.70088930923983,51.79633906259317,51.90789410321929,52.07513570372035,52.213777456596475,52.35762709603025,52.50289942368808,52.65373010446358,52.807233327221454,52.95251573188193,53.093343813612016,53.24129474841176,53.38934281865452,53.54807154843268,53.68858289525313,53.815844703094896,53.92028140049058,54.02339125313476,54.11872672565219,54.20942015097191,54.28137491750098,54.32351528533733,54.34092965612016,54.333678848329896,54.28804487262048,54.20671993648917,54.08994236534759,53.94894175128282,53.79507162933118,53.643780677992474,53.508447176199624,53.4071403613107,53.31839400618428,53.2355335145972,53.31777305673927,53.49192930666379,53.72123482150198,54.01848635192273,54.25733684304399,54.4395531836584,54.59883811597739,54.738166320977484,54.83982830199726,54.859656598236,54.77879445583152,54.628536151666815,54.404848253302774,54.12919208699938,53.81738583535024,53.489838756114345,53.18493271192035,52.92473921119011,52.7082594368259,52.53320331778499,52.40122043701731,52.316166354451724,52.28108166455868,52.28839997277411,52.33629093709186,52.42170746296891,52.54978730322205,52.71280884633989,52.90143296697699,53.109830393693734,53.32418941423582,53.571771179229536,53.84637118085744,54.144940333722744,54.41390285577653,54.68623392958228,54.96439212887771,55.27912384318687,55.564412231603235,55.84747483231647,56.11942744475025,56.41326578217693,56.71863024482732,57.016476891415415,57.29901270787914,57.57032497466485,57.8309082646958,58.080285000457785,58.32246456481377,58.55909818965361,58.7872142442512,59.005684902897784,59.20892539086334,59.405377128203156,59.59738535072252,59.78061506322867,59.95748518651124,60.133343344093085,60.3152868091827,60.510191972507215,60.71556331684894,60.93339816380937,61.15333487354316,61.361640099790506,61.555140686386416,61.75156078170124,61.963008511716566,62.179955980147774,62.456876410338104,62.72294186887937,62.989731371647515,63.22432478080387,63.46552755350858,63.701090698266185,63.960774467015895,64.20603114616564,64.49338431939391,64.76650518377812,65.03513642769262,65.28585338330967,65.5565831582288,65.82796568622851,66.09790435902815,66.36334579433073,66.61809457517002,66.86588148889454,67.09630073054585,67.3186494127222,67.56492067798546,67.82928205405159,68.10367348757919,68.36302500383138,68.6551312268752,69.01314661178691,69.40035097037844,69.81711524024952,70.23955726838098,70.71382913360007,71.24694709094369,71.77366194773552,72.33618336354813,72.88099993721727,73.38762310686076,73.88989438313105,74.3534834096823,74.7941998205819,75.19594507368569,75.54756760745164,75.84141232218303,76.0588311424545,76.1960472110799,76.24421645969319,76.20552310160183,76.1018868526064,75.94363031642447,75.73991142728904,75.55239521417789,75.42440128094542,75.38728920307375,75.45108796955316,75.6039882866644,75.844230507779,76.14099035189997,76.47491026285758,76.80435170210487,77.1195631789531,77.40529073000357,77.6135281769559,77.73965570967162,77.79597384633536,77.77194426124228,77.67658996058911,77.50077739518346,77.26869393715764,76.99289746719127,76.68742527483889,76.36507759589915,76.05043041026465,75.76940445324169,75.54255719190004,75.37012588612997,75.22029850552794,75.12765258202523,75.07667764150581,75.09505728215328,75.12279382557477,75.17896463589483,75.258580738217,75.37991008793898,75.47554271851229,75.55106599846619,75.57878641268537,75.54168354490336,75.42999135387531,75.24517164911813,74.91919741398848,74.52484855699812,74.1063089904219,73.56248553079985,73.02723274526856,72.53505204991497,72.109921159559,71.76170935136464,71.48821476771087,71.30469510623975,71.2044135691673,71.20082867595474,71.28922154357986,71.45413700901584,71.67702852369072,71.93849042694349,72.22154017052827,72.51246655610962,72.77307296710649,72.99084636666201,73.14930929029354,73.24848015417265,73.26393090762923,73.18999558635572,73.04086975165906,72.82543841593007,72.60145590206258,72.44758162853432,72.39938223516945,72.41362430693478,72.58294700681404,72.84886551440292,73.2115168008816,73.56866645818675,73.94010931293829,74.291985537732,74.58967835168839,74.80644552531685,74.93303263990772,74.9429825462391,74.83885418446609,74.63576818654796,74.37582846055481,74.06980464394316,73.7210639524196,73.35564845955284,73.02825958017438,72.74576854210588,72.5170663323333,72.33460663344563,72.21121839116353,72.1087667111722,72.06201242350912,72.04828360523975,72.1056173830628,72.13844043222305,72.17798309008391,72.21966347164523,72.23140846402984,72.22238022939318,72.17757856025845,72.08387659615826,71.94087866691774,71.74288454298097,71.50330837186601,71.21691074987702,70.88832352307769,70.54688293577816,70.21317203859627,69.89973378951763,69.62349077783803,69.38360398791751,69.21173383147045,69.07280606145021,69.04599738796375,69.07603151000875,69.17740090166141,69.26118563470095,69.30573545105054,69.28214484008977,69.1797739703029,68.97541091288113,68.65385096738179,68.25127132333326,67.8101418470738,67.31173777955652,66.80244568119228,66.32993862533904,65.89852181606835,65.52001735152305,65.20846179503606,64.9756245433652,64.81991724731283,64.7363239530739,64.70455339097717,64.73674194316617,64.81697891459312,64.91724101814697,65.07023338470604,65.3103275339002,65.52406073421658,65.80262766408143,66.06616781798085,66.33200614946166,66.60326257241803,66.84345918293485,67.08815906638773,67.31580301477133,67.51105107863332,67.67204661699681,67.80138209766214,67.90559511688598,67.98936095288327,68.04541954016022,68.08208271176059,68.10999118237378,68.14074495329939,68.18177063816492,68.23255923847329,68.30428359099292,68.38999528561462,68.49272895177354,68.57718894197664,68.73227077114713,68.89180326053358,69.11471902111509,69.3134623119377,69.51963737250625,69.72833733593511,69.93640135718617,70.14131885815905,70.34699984465831,70.53912820404786,70.72290536344275,70.89763771291545,71.05987185149428,71.21139285191174,71.3572280051635,71.47924618132886,71.57679682088309,71.64600708662583,71.67589438150348,71.66801812938465,71.63713376151712,71.62192534829464,71.65014988517427,71.74419169978441,71.8304045319788,72.07653233939212,72.39200244012392,72.7661820577759,73.18615016181859,73.71640767009764,74.14628951541968,74.57858132867162,74.98982949548464,75.37235184509343,75.72170784336664,76.02609976497524,76.26153702912954,76.42018375463125,76.48160121083397,76.44534424318545,76.31237183709969,76.11498786915344,75.88043541730443,75.69656366533337,75.57876980583296,75.55060331186829,75.58141807694695,75.7607554657415,75.97786556205074,76.23033589429174,76.50167456968491,76.76154082980929,77.00203166045415,77.19930918031427,77.33809598910325,77.40280545481045,77.38909231527073,77.3103435198691,77.16519501409753,76.95135452315914,76.6667589356173,76.31705739885852,75.92842014192402,75.53125166286195,75.14594670011617,74.78031201099722,74.4546291624662,74.16118140254092,73.90581806881458,73.6891351468765,73.47411466046745,73.307694036106,73.22196631266401,73.12858002777843,73.06532550273437,73.03322987642915,73.03552835386499,73.06380420751513,73.09061886575421,73.09956317147576,73.05250013310888,72.90437661453866,72.62358946801706,72.2109982945593,71.68150860455333,71.07053132491573,70.41453140590149,69.73444532829636,69.06299495721284,68.41813711395656,67.84228087755645,67.37901801946812,67.05448512084753,66.84712672097574,66.75034842421795,66.75411405053902,66.87393042173935,67.04657324915614,67.31025729456572,67.64721381095283,68.04577366152459,68.4207460111326
51.74577165289286,51.91387548855103,52.0808361393667,52.20841002510548,52.31775750287479,52.407180682747594,52.464439063590675,52.49262363146781,52.49346914747691,52.467126899051856,52.41432993888905,52.339387746948056,52.244361671912294,52.13740789244691,52.0205355581866,51.90191921244239,51.792562068506385,51.69473010731116,51.61953864458715,51.5578897555288,51.51248729629753,51.48699732751161,51.47789769205012,51.483701436954,51.417569885395814,51.5140587573251,51.564847837577766,51.6124115427617,51.70000620466514,51.80655763476768,51.97764147333975,52.11293689473866,52.25428042608212,52.397665173281815,52.54785254141383,52.702390048337186,52.84938809135263,52.99263150647663,53.14320938820024,53.29610581491814,53.46114875935746,53.609275426316835,53.74578764946391,53.868537673024264,53.97910139489077,54.08202557100341,54.18123836753345,54.26815958453878,54.322873826982196,54.352335336610786,54.35574466528034,54.3205099238802,54.24772338945102,54.136801140499195,53.998144665684826,53.842945403524624,53.685796676893865,53.53927492001837,53.42073625947581,53.31590151843449,53.2186704370365,53.28248065566311,53.44038958154484,53.65858226505694,53.94709021559662,54.1820030969208,54.36688470502635,54.53304227415888,54.68671558059485,54.811300205896195,54.85380538711767,54.79849453781082,54.65976666500588,54.454661911921676,54.190205031946704,53.883523619802396,53.55419782012659,53.24218838869445,52.97195351354955,52.74284625976913,52.55283166860202,52.404018476563344,52.3008010278913,52.247315839362166,52.2383247396295,52.27134874245181,52.343262428925954,52.45848555614101,52.60948470644733,52.787039857629516,52.98541845449578,53.1986095182969,53.4400160689639,53.70685978116683,54.001022784523215,54.26679703473266,54.53634243672621,54.81271472417377,55.11935590666094,55.40450346012134,55.68813255358487,55.96911223509914,56.26404805011831,56.570683713887945,56.87022606580666,57.154411191386174,57.42757404014559,57.69024371721265,57.941644672229046,58.18578115551494,58.424230642573434,58.65429160118821,58.87403994932933,59.08573348165164,59.28493203687346,59.478476969127456,59.66243346464722,59.83886145644198,60.01317495667136,60.19253253860346,60.38379026728332,60.58485423805994,60.797300844499844,61.01077864067925,61.216404493022374,61.40689491643033,61.59974956677384,61.807673646360875,62.01933354640575,62.286831551901344,62.54964704395707,62.814137320303864,63.050138782906224,63.29037788334687,63.524980304835324,63.78397936557765,64.02819753297257,64.31261171941378,64.5855861187293,64.85431841120402,65.10592540615364,65.37708788045306,65.65028219708842,65.92390430713668,66.19464020470633,66.46385325170276,66.7155218615917,66.95435947284092,67.1866029831519,67.44175667243248,67.7113331573949,67.9833088737124,68.23551173789178,68.51715160103012,68.86284012086905,69.2410611437385,69.6503421247256,70.06806109207714,70.53911335507202,71.06776256917775,71.59387050238519,72.15745853437375,72.70452744055167,73.21560720894064,73.72187942996435,74.19625923694605,74.65122819567857,75.0710253908218,75.44351694988566,75.75969691590802,76.0018036306928,76.16393988672866,76.23536687856593,76.21723679681247,76.12924293128056,75.97910281661603,75.77423121970523,75.57467384603052,75.42687424272545,75.36447612451506,75.4015532140285,75.53236044174277,75.75731324651736,76.04572742546303,76.37803298611382,76.71242445608264,77.0381496038859,77.33992400533748,77.56663552295079,77.71492800560362,77.80087357150383,77.793307025807,77.71211844049405,77.55741247576756,77.3392002167337,77.07285735208816,76.77143660418542,76.44708575281118,76.12505328985729,75.83246131516022,75.59102739120303,75.40090430377556,75.23955118707018,75.13782949606917,75.07882539287428,75.07961035082563,75.10144617972348,75.15474193403612,75.23429570941911,75.35621612818899,75.45964638853857,75.54595131325397,75.58891239919492,75.5704355379051,75.48542994913531,75.31622314479083,75.00445928840627,74.62940908417167,74.21897295855042,73.68525971963454,73.14866522518689,72.64624286501325,72.20350351645774,71.83176940897103,71.53204902015493,71.32094933023771,71.19578338803784,71.1714328901677,71.24405356043582,71.39525558338892,71.60730302571325,71.86272152327949,72.14578360148131,72.44097144441874,72.71132766257169,72.94261435923296,73.12240849589408,73.23343038075494,73.2717899835163,73.21567694142156,73.07810387383327,72.86388211546468,72.63142116441202,72.4593596993454,72.38565761286479,72.36197235636382,72.50705610414963,72.75684835822814,73.11777870154214,73.47274018610774,73.85076663995862,74.21605945509249,74.53220298987297,74.7717811765743,74.92306003534306,74.95931542481463,74.87268090438539,74.69353631869448,74.44769604108178,74.15131361922339,73.80646971414389,73.43791097518152,73.10200627129203,72.80690634599127,72.55760874048234,72.36644770103393,72.23508246688498,72.1227305630839,72.07009866188976,72.05227720790917,72.09484361339219,72.12698137944118,72.16908701835074,72.21593819314253,72.23855229023052,72.25105906595617,72.21522288882255,72.13094569899374,71.99706717521104,71.81968276776445,71.59058155957872,71.31141323742722,70.98571596517989,70.64243847035144,70.30284673973034,69.98011821237365,69.6907625880153,69.43610696701974,69.24636207834105,69.0947282299136,69.04906393375266,69.06745574062944,69.16155097697363,69.24902071916618,69.30546464560322,69.30071980303856,69.22146929892547,69.04207044267015,68.73457882136456,68.35201907285858,67.92141617326608,67.42728591100993,66.91545572663236,66.43452936085129,65.98896048663761,65.59195518798941,65.25941579979127,65.00497021806017,64.82834139951622,64.72394075684868,64.6772283304372,64.6941995039109,64.76107814880392,64.8522822331173,64.99923331950883,65.22354430542111,65.4332290390789,65.70483171255935,65.96714834270755,66.23425998202185,66.50817028233598,66.76613223519172,67.01526079637944,67.2480732542385,67.44901650688631,67.61555880698171,67.75877674365559,67.87225684095742,67.9630608566143,68.02444334286355,68.0634739274676,68.0906733642755,68.11767547089771,68.15250080908937,68.19577196698691,68.25795066859021,68.33369102259424,68.426317001629,68.49275033357017,68.65002669425452,68.7897706883346,69.01467491387008,69.20883687301219,69.41196401778393,69.6190563705567,69.82685588076397,70.03284129461665,70.24013171236051,70.43618518435667,70.62528108057644,70.80666615673428,70.97713853474924,71.14258950015811,71.29349027592471,71.42486694586678,71.53281776586518,71.61166842425955,71.6501128728794,71.64765863948952,71.61743345046865,71.59399049222904,71.60455702872983,71.67618702460678,71.74555308578611,71.96738901264493,72.2690412006002,72.63121342817242,73.04383083894449,73.56306686763025,73.9948512443121,74.43378502500283,74.85572897601669,75.25233399679692,75.61928032427387,75.94403168900216,76.20256002590548,76.38320264481581,76.46791041824423,76.45473166386923,76.34009709051816,76.15425400345848,75.92063930021435,75.72500892317072,75.58795737391435,75.53470990925378,75.53427743223526,75.70292492423155,75.90592949885443,76.15227559724111,76.42358382342097,76.69026237549191,76.9420318423399,77.15428558840013,77.31076283083559,77.39598590591072,77.40359115379596,77.34736472087323,77.21714294717702,77.01569184277375,76.74995684132857,76.41102740180533,76.02946203611124,75.63524620160118,75.24848218239273,74.8774758209564,74.54362584768826,74.23858516470771,73.96994380509551,73.73970078520128,73.51445913525596,73.33996577723444,73.23596164712421,73.13504339850834,73.06656649218743,73.03108382399935,73.03242889487412,73.06241378042118,73.09583629590982,73.11630091706073,73.08502835382556,72.95545742576995,72.69379683135156,72.29944577307107,71.78546286980976,71.1860701420362,70.53731495672005,69.86059829599316,69.1867658646669,68.53374450824317,67.94195496022137,67.4544045965944,67.09936570889533,66.861460344956,66.73720052162233,66.7171448530851,66.81538649650743,66.97397951079869,67.22369403282039,67.54945789703639,67.93821437953189,68.3111714738001
51.662012137020405,51.840525289536956,52.026495969254334,52.16226876718464,52.280435059690475,52.38560022571947,52.45469215737472,52.493146076926095,52.50358945154362,52.486202274660336,52.441524826974934,52.373205356615344,52.282317142534716,52.17629473351578,52.057231911543795,51.934851545174006,51.81893930775746,51.71302230529854,51.62789657630701,51.55675948920947,51.501874876407136,51.46634727060775,51.44727785018452,51.4434259656787,51.37760170770946,51.45902266308247,51.50081764955153,51.52692038857659,51.60619817555563,51.70720179150628,51.88074068378557,52.012200707068054,52.150575679002756,52.291647039428575,52.44076668580466,52.59590615466744,52.744223891325,52.88952208928187,53.042317995381616,53.19976020205107,53.37087518504431,53.52643502631308,53.672067653582396,53.81313159168355,53.93110390192324,54.041722711053296,54.14959557657025,54.25168658710054,54.3193145759808,54.36123248890763,54.375772537281904,54.35161706478017,54.288219655998816,54.18417903383544,54.04899132486054,53.89362228722407,53.73167905591459,53.57481098467934,53.43947363551016,53.31911487661171,53.20930753753937,53.25386329610684,53.39379351280999,53.59875121177825,53.875175751283024,54.1043910294415,54.29093168706645,54.46324884909487,54.630905041587816,54.77845245192331,54.84393884028133,54.814899169977735,54.688595875221424,54.503298250183946,54.25144392441554,53.951364909912826,53.621703828353624,53.30381765919589,53.02447678593955,52.78339575919122,52.57883235338916,52.413380039291376,52.29199305363468,52.219925206447655,52.19431675081075,52.21209364427664,52.270060778933,52.37191628646603,52.51035120224693,52.67629583792741,52.86414879842378,53.0759687327795,53.31077387153617,53.56959014950804,53.858899072332754,54.12112725971776,54.38761556787032,54.66196441659537,54.95979023446516,55.244566301085776,55.528542105574246,55.818526624212176,56.1143813484245,56.42216020618208,56.723312097860266,57.009120749284996,57.28412437581095,57.54887730588694,57.802328238635916,58.04846829771016,58.28880711318098,58.52090058737836,58.74208761669676,58.96248707524245,59.16467009500463,59.359968082470225,59.544892887709004,59.72111954093131,59.894121423677646,60.07111195904095,60.25891812985534,60.455861586400886,60.66301285346652,60.87007697241975,61.0730686742175,61.260525304283924,61.449698622875886,61.65387922007874,61.860167458132906,62.11756342183938,62.376836765974346,62.638736296476694,62.876188958079936,63.11525055869984,63.34870916617322,63.6068916574369,63.849874368810475,64.13095909916986,64.40363050953937,64.67231330862333,64.9246954130938,65.19611487117805,65.4709838016638,65.74822271593685,66.02422250378447,66.30794606372304,66.56362434698963,66.81114560041064,67.05362313174321,67.3182149110188,67.59385724602222,67.86427915811585,68.11006343999952,68.38159116812297,68.71484321454118,69.08401394283784,69.48533065604212,69.89809863940005,70.36548721778134,70.88823975359978,71.4130639146337,71.97700756837922,72.52563542095847,73.04060692462544,73.55015964761927,74.0348737300099,74.50367684304767,74.94122449837505,75.33443127809484,75.67294788376164,75.94002683379942,76.12763516999365,76.2231586485767,76.22671014134468,76.15565641237825,76.01507045993496,75.81062334828351,75.6002503761763,75.43325707258047,75.34540766990266,75.35490962260849,75.46249450663682,75.67088950380845,75.94970701771246,76.27920508743605,76.6175553282617,76.95298517229693,77.27021946435744,77.51512056785715,77.68565890830213,77.80148458650807,77.81084138972038,77.74444351744553,77.61172469845413,77.40835134395842,77.1524903336921,76.85612515443238,76.53067129665656,76.20197063878024,75.89828290965767,75.6424289813941,75.43447756392517,75.26164344240142,75.15051155528957,75.08295751137707,75.06496571665376,75.08007375276681,75.12965341742692,75.20832099409073,75.32972729445625,75.44031298228772,75.53695417697283,75.59494542457193,75.59512608142403,75.53711716890214,75.38401337009083,75.08731490075996,74.7326009337657,74.3308847547843,73.80944878607663,73.27301491477262,72.76154444949549,72.30200176521191,71.90709194804298,71.58115252823332,71.34201834248155,71.19133124489613,71.14537954663301,71.20130895539798,71.3377716176406,71.53793519153443,71.78635153062056,72.0685754201267,72.36720968895428,72.64677761202421,72.89126193520408,73.09238745680764,73.21547971826158,73.27733616788706,73.24003739390459,73.11530276589491,72.90385932607727,72.66443868034484,72.47503910556992,72.37587659114988,72.31468438434376,72.434309387282,72.6664851604573,73.0234275489664,73.3749492266995,73.75847020343996,74.13628982688523,74.47027223731085,74.73240810774217,74.90843106931587,74.97145660388212,74.9030590158425,74.7488510384827,74.51814797734663,74.23248443127977,73.89264870995241,73.52197927814512,73.17824405948697,72.87084446017433,72.60084421088321,72.40084471013502,72.26106506767465,72.13852386229588,72.0794213598591,72.05686776537986,72.08334062629434,72.11413722510052,72.15822659423765,72.20969561328661,72.2429395231367,72.27683535010982,72.24997996666269,72.17537553674731,72.05105483704288,71.89494747676983,71.67704130935331,71.40592619446652,71.0840264544647,70.7397866294309,70.39507198021602,70.06363904154328,69.76144160192099,69.49211370996387,69.28412257255918,69.11967092226656,69.0540189202285,69.05947270544786,69.1444801716827,69.23432310583195,69.30169911573803,69.31530989858729,69.25913636580553,69.1051260685912,68.81258797116041,68.45123966978363,68.03244032812431,67.54402922451915,67.03110662996735,66.54302488399931,66.08430622619613,65.66945861183686,65.31620128800772,65.04003863767426,64.84212356667317,64.71637478942924,64.65430298113006,64.65543395286605,64.70830939319093,64.79016950725342,64.93061670005535,65.13792058668903,65.34324504228117,65.60693195567598,65.86747240360413,66.13536868730505,66.41145053827259,66.6870621805071,66.94037545852093,67.17827810939927,67.38497106868017,67.55725663723325,67.71470631473848,67.83789307349343,67.93620849564742,68.00351003871808,68.04554761321035,68.07267979507405,68.096506002542,68.12554445500746,68.1615896104069,68.21427037536434,68.27997592696337,68.36231662284173,68.41131641744973,68.56994496611244,68.68984699029956,68.91540587516268,69.10449492268116,69.30409351356424,69.50912642550348,69.71624680493858,69.9229321929275,70.13144109755707,70.33116826307564,70.5253778420568,70.71325134341556,70.89188680096659,71.07126930045338,71.22725334199579,71.36822762261598,71.48701373224485,71.57616757961755,71.62416827896064,71.62841339818621,71.60029800847815,71.56986630112586,71.56352885765874,71.61272062555179,71.66641280955929,71.86311096931088,72.14990413646458,72.49875181802996,72.9026779969866,73.40795292106291,73.84077562552218,74.28561379901303,74.71765818023783,75.12788166080902,75.5121292857812,75.85710955226159,76.13883264649921,76.34171169997465,76.45029878650668,76.46115220791832,76.366228207137,76.19360188346596,75.96273154343103,75.75657025649598,75.60083470708908,75.52225621437908,75.49058467800472,75.6466127002252,75.83416213063921,76.07317111328516,76.34332901531738,76.61595146116076,76.8782602747006,77.10497966616316,77.27889164109153,77.38463688810145,77.41381532640935,77.38049697632916,77.26574285001348,77.07735092500758,76.83127593798719,76.50403274876126,76.1305133945263,75.74018025469834,75.35276316314823,74.97703273220048,74.6354213623408,74.31896741662639,74.03702898422033,73.79302021202159,73.5576095574143,73.37469007982415,73.25116517413922,73.14207215641649,73.06769453278343,73.02815064919199,73.02784044862833,73.05878764594556,73.09819600047715,73.12970923328443,73.11392428789463,73.00287285659722,72.76061544842588,72.38501679598639,71.88727933697373,71.30048782487711,70.66021169678122,69.98832530394589,69.3135630801878,68.6538335942815,68.04730075303827,67.53615923972335,67.15068749938398,66.88188573026683,66.72952601205229,66.68490829333486,66.76061663837243,66.90468088098078,67.13955303637657,67.45319278589474,67.83092211149666,68.20120070701577
51.57500921795859,51.76364628178467,51.9684250152998,52.11238321094028,52.239460226735176,52.36050951474919,52.441752985714,52.49088000845233,52.51141492104333,52.50356189067074,52.467639537539135,52.406617815057146,52.320620709625246,52.21630964266633,52.095863555166815,51.97047238015882,51.84861962932873,51.7351136545512,51.64032383551713,51.55988252383992,51.49559139157896,51.449956108298906,51.42076012857316,51.40703669127957,51.342913330600126,51.40765125263395,51.44009461948674,51.44526780828348,51.51582911846591,51.61072477212129,51.78496456462337,51.91209549234581,52.047034805430606,52.18536771290606,52.33297864582592,52.488238048202014,52.63742560951772,52.78436537553875,52.93893519733534,53.10056395170351,53.27746289490715,53.44021336118046,53.59476447805893,53.75392294316905,53.879242288790834,53.99765478749886,54.11431958744897,54.231667015789114,54.31246567008237,54.367170953462576,54.39325301020845,54.380787028052445,54.32757693749455,54.231417893250494,54.10083075203786,53.94648709491071,53.780891075691585,53.61465322264638,53.463159910608134,53.32795427655863,53.20721991347337,53.23185029480987,53.35224337766842,53.541969429443284,53.803231980058975,54.02503201339736,54.21215380981194,54.389832671800306,54.57098444024882,54.741361615538054,54.82998957648117,54.82772679456868,54.714748895388695,54.550321217525195,54.3123853953482,54.020340523421844,53.69179031715037,53.369290644893944,53.081821926250235,52.82947394447268,52.610837874549,52.42901832732574,52.2895503667632,52.19881883940566,52.15636579766852,52.15857894407565,52.20220491087941,52.2902255233434,52.41559259451484,52.56942087590431,52.746273979652976,52.95638264211593,53.18414883119396,53.43467641571449,53.71866725997944,53.97697865577425,54.24012944901393,54.51220855285546,54.800650552512394,55.084801651841104,55.36887602316828,55.66766338802116,55.96424718395552,56.27303206508537,56.57569975375354,56.863102505695785,57.13993334388917,57.406762053268515,57.66228629959462,57.910474983399254,58.15277592008054,58.38698837845989,58.60977971899184,58.8390102160517,59.04438615146684,59.24164124909242,59.427768721480156,59.604039933003214,59.775980942761635,59.95085368866867,60.13544776812415,60.328506258923795,60.53052345043231,60.73130411426745,60.93171375407807,61.11611716878477,61.30149428913354,61.50170660054175,61.70255252007179,61.94930831134592,62.20475004849444,62.46375641790466,62.70260460517377,62.940247710214294,63.1723683436507,63.429591465939566,63.671153880699116,63.94858675326548,64.22080884576935,64.48930142521704,64.74234714023865,65.01386437698856,65.29027263758603,65.57103650742786,65.85222740587432,66.1503157381617,66.41012859339362,66.6665189656737,66.91946568705923,67.1939577501199,67.47647239124512,67.74626750909626,67.98647589474861,68.24837859993121,68.56922170570877,68.9292943393369,69.32217324422783,69.72970743454408,70.19297722791445,70.70856271864939,71.231462374294,71.79509027548815,72.34463295373304,72.86295989208993,73.37514392405456,73.86970805896956,74.35187531637514,74.80678885428418,75.22045692633273,75.58121497588975,75.8734326775733,76.08694861553914,76.20729580456909,76.23353098262028,76.180628040242,76.05100454105728,75.84858835115496,75.6287555411601,75.44337334473194,75.33013592003515,75.31144004064755,75.39482450444677,75.58546702239165,75.85344452161522,76.17890911051971,76.52016401428833,76.86440868255357,77.19642112226023,77.45913982409465,77.65188914235024,77.7976386586022,77.82437266697792,77.77339462914514,77.66339430505133,77.47576000414819,77.23136417009853,76.94104906979177,76.61542827202749,76.28085630784192,75.96665891943282,75.6966969655675,75.47096909721954,75.28673420201056,75.16586256867743,75.08923191847504,75.05150635380062,75.05905886277911,75.10405833903971,75.18098236104544,75.30079122907487,75.4178073621912,75.52425476428657,75.59697296588898,75.6157482620236,75.58483739112866,75.4483151093251,75.16754095221593,74.83405458191253,74.44172246522882,73.9345312228823,73.39972821204749,72.88042966483152,72.40497255464176,71.98737875379022,71.63538865475829,71.36795246347006,71.19124769367984,71.12295378468185,71.16131612006512,71.28205736383642,71.46933428725754,71.70979550100256,71.99028479038702,72.29149302091034,72.57962942861342,72.83687660609677,73.05911746767217,73.19448746667454,73.28024253887847,73.26262633926966,73.15194302843433,72.94487097612875,72.70010078202128,72.49439891995642,72.37006018627099,72.27249018129852,72.36561236607712,72.57871136370747,72.92905281173293,73.27585082381216,73.66368224923102,74.05301004993821,74.40408120593771,74.68838455800571,74.8890921878291,74.97922664125151,74.92981422917893,74.80138064844631,74.58680453403217,74.31289768654796,73.9791787468964,73.60748883453921,73.25670127359328,72.93743630574701,72.64687984615502,72.43791488330794,72.28927634972312,72.15627387664115,72.09009283781374,72.06214780018924,72.07145379145744,72.10023783537414,72.14569401567644,72.20118708287436,72.24470688276337,72.29958207125189,72.28170797024832,72.21701866193612,72.10269714101307,71.96831908467759,71.7622657441681,71.49999003529679,71.18279397328908,70.83850156342729,70.48948549021593,70.1500200970707,69.8353796537048,69.55160143597816,69.32516954756642,69.14781666832604,69.0612535884874,69.0525666182961,69.1267503844977,69.21755603821171,69.29473884115487,69.32602750534149,69.29269657173795,69.1643157469915,68.88761778526079,68.54851465441268,68.14272285192862,67.661440016018,67.14887969274331,66.65495403495335,66.18417010644879,65.7522464667348,65.37865547872501,65.08077556374242,64.86130223628342,64.71377432905159,64.63593257591897,64.62064968963318,64.65891595787046,64.731099550223,64.86451728005683,65.05378897066538,65.25438097313722,65.50927350421132,65.76745572537257,66.03560213665506,66.31333366839117,66.60618190152053,66.86341588523047,67.10631726892187,67.31880567948136,67.4970297340273,67.66891150863835,67.80217114250401,67.90842884189739,67.98221220011929,68.0278951742067,68.05563285380575,68.07691760598993,68.10065814264544,68.12984410326952,68.17317871312909,68.2288861861964,68.30086024651423,68.33346988619445,68.49223468763445,68.59276611525294,68.81732326417307,69.0008665707773,69.1964578410239,69.39896712044334,69.6049702765364,69.81195465780297,70.02126896843508,70.22436401714602,70.42341735450802,70.61753994075002,70.80417022989917,70.99730417135332,71.15837741699204,71.30910483588956,71.43906489102696,71.53910298065684,71.5975866702825,71.60977514674985,71.58522650080143,71.5491554615386,71.52686718804216,71.55383272336526,71.59293690058517,71.76392841773499,72.03473933200567,72.36898740536184,72.76291195527686,73.25161610903271,73.68457416508646,74.13452017229824,74.57599802491293,74.9992986628094,75.40047015981999,75.7654517163416,76.07035015004193,76.29561054519249,76.42853518130092,76.4642288469343,76.39027751458681,76.23249049381606,76.00620383063301,75.79088734909801,75.61724945780941,75.5133528702805,75.45100273577887,75.59224973626148,75.76307335749911,75.9935344784204,76.2613904108906,76.5389994670336,76.81101496739134,77.05159314007051,77.24259538666358,77.36877924375284,77.41970407023504,77.40957657090343,77.31083087244116,77.13617800477203,76.91041975375805,76.59572743452792,76.23119140661679,75.84565707629177,75.45841123347529,75.0786520983373,74.72975746830295,74.40218995933392,74.10707503865784,73.84922919377505,73.60372566961165,73.41202682291726,73.2679908931149,73.15009667954006,73.06913491848194,73.02484299373255,73.0221446390057,73.05327200179255,73.09797682068444,73.13998222847673,73.13929962285957,73.04667359086021,72.82407509471999,72.4677340631333,71.98695722721098,71.41373589241599,70.78310502719057,70.11740959280975,69.44308841206697,68.77803889793756,68.15794945175311,67.62399648002828,67.20831663188888,66.90840404716671,66.72741965328349,66.65755297495815,66.70982846207426,66.83883801617068,67.05804103365388,67.35866622216861,67.72423880628001,68.0911564949161
51.48491266526805,51.683298306426764,51.9064832614368,52.058598989570264,52.19466730931558,52.33162209331743,52.42527598068488,52.485431611360085,52.516505542749314,52.5187271515378,52.49215692552129,52.4390809074219,52.358724119298486,52.25693132738279,52.135962542968834,52.00836492412581,51.881264483839104,51.76074987933508,51.65667424126971,51.56719491441549,51.49364162545267,51.43790129842527,51.398487702894045,51.374734039424226,51.31340675970148,51.3601539832118,51.382946223999106,51.368305763481246,51.42981317659727,51.51802477529895,51.69084434541878,51.81314784933306,51.94417975600413,52.07934988449188,52.224994529667455,52.37984213093069,52.52939572364949,52.67751117875833,52.833375621440986,52.99877503552566,53.1811239583599,53.350762096857494,53.513957885501995,53.690771514181314,53.82336007005219,53.94965844203718,54.075238209536295,54.207811961207334,54.301955247036176,54.369700570727446,54.40767662993383,54.40744054642906,54.365163435300154,54.27785956663855,54.15301197044469,54.00092464106576,53.8328959968619,53.658399486383345,53.491602505964075,53.34233991411806,53.212182662206175,53.21637096851159,53.31584145332931,53.48846468582942,53.73174792300152,53.944457421579585,54.131010753296096,54.31316857329018,54.50720351287032,54.70010427219997,54.81189021447134,54.83669585382008,54.73795083858301,54.595294763381126,54.37250607568702,54.08988127806979,53.763890822871716,53.43807746725788,53.143501832371754,52.88064682499402,52.64848073448413,52.45064654279085,52.29328090235829,52.183905811826726,52.12446167155352,52.1108579433581,52.13979722265459,52.213559295919424,52.32539314402721,52.46663493959389,52.63204655235865,52.83996683073855,53.06024519218487,53.30223270961963,53.58042541029142,53.83443634794458,54.09396020615636,54.36351447966709,54.642160586715534,54.925410409731825,55.209306841250644,55.51651530245797,55.81362706357138,56.12327163397342,56.42735379966385,56.71631758473877,56.99495830660844,57.26385098190727,57.52146945502147,57.771750204581984,58.01608538187638,58.25250215007102,58.47706807020637,58.71512694849525,58.92387505513027,59.12327902733564,59.310836355026865,59.48740312568168,59.65855171157293,59.83158634566018,60.01325138999066,60.202709152680704,60.39982189512013,60.59453431172515,60.79242084330622,60.97375582877048,61.15522290467293,61.351237155421416,61.54658353696486,61.7823025116147,62.03362590508044,62.28942580232638,62.52951502303649,62.76547146853697,62.996048898638556,63.25215891443161,63.492128295658304,63.7656549763039,64.0372916169803,64.30546306625169,64.55906432369662,64.83053664446938,65.10835084248644,65.39252260360895,65.678789625285,65.99090500194957,66.2549742491089,66.52033942104889,66.78388647766296,67.06864754611115,67.35879666437516,67.62895709496034,67.86454488673301,68.11744256823232,68.42604140727735,68.77698730489612,69.16096229931142,69.56292500170365,70.02160989165762,70.52891553876609,71.049286071179,71.61196646562414,72.16182911417073,72.68300374950894,73.19724114722894,73.70114339392072,74.19615316934687,74.66796491648792,75.10174022885275,75.48454794243817,75.80195308781337,76.04169577802934,76.18748238138664,76.23728716806121,76.20365855921429,76.08637635465895,75.88762676645067,75.65982007752676,75.45704663340136,75.31871295571108,75.27142731350011,75.32978445827295,75.50155354500629,75.75745533013813,76.07762759906021,76.42067020980883,76.77275893302313,77.11877299424249,77.39884980408293,77.61365943233099,77.78916755504044,77.8337261715751,77.79880121329448,77.71210153736726,77.54103888261939,77.30904661940292,77.0257664944756,76.70095072351619,76.3613841478509,76.03737902718443,75.75376634681746,75.51050233429936,75.31498239638655,75.18404634522368,75.09780653562899,75.03961523642924,75.0387838278349,75.07831595184689,75.15260557909677,75.26975557437895,75.3923943906804,75.50803324985891,75.59508250021864,75.63229516626734,75.62837499376772,75.5089011468007,75.2449141439406,74.9334005047445,74.55116417598926,74.05998552280772,73.52825151503328,73.00237137249133,72.5119725335675,72.07233161142263,71.69462076254206,71.39880201370207,71.1957232883267,71.1044407436454,71.12440344603594,71.22848507404206,71.40190957898592,71.63346848646128,71.91128087618483,72.2141331714811,72.51008972548867,72.7795458834324,73.02246982312548,73.17031292597574,73.28018217462746,73.2829931729817,73.18750126204193,72.98641799397996,72.73799980160166,72.51721821525341,72.3682294144744,72.23611953765196,72.30187055040106,72.49446241059572,72.83524395842029,73.17600222129589,73.56686502318043,73.96655352107933,74.33382500768919,74.63976876655016,74.86498983688574,74.98244609473282,74.95277225473615,74.85079345111893,74.65328597582116,74.39213399146351,74.06563763202715,73.69407511045948,73.33710624244499,73.00653530380121,72.69582274891678,72.4777754431118,72.31982646922081,72.17610787395272,72.1022254161503,72.06820983487466,72.05952847856956,72.08561307643514,72.13178148059899,72.1906639527024,72.24399108912549,72.31917221878012,72.31026507604884,72.25572762707739,72.15184957572151,72.03943800616823,71.84583298700137,71.59314517421979,71.28155750401001,70.9381574227514,70.5857249998928,70.23898519900001,69.91242857751644,69.61454736429083,69.36965723680443,69.17934799790886,69.07115917962552,69.04722169300636,69.10892351412777,69.19918275981891,69.28488380155368,69.33298500190652,69.32207131751755,69.2193774342183,68.95940763215707,68.64342556705019,68.25177228495926,67.77899058144034,67.26825621650629,66.7698456538838,66.28816319910038,65.84003759635273,65.44661559098274,65.12712675779956,64.88591589584671,64.71628765395182,64.62227234766729,64.59005111381401,64.61314115295885,64.67526907169376,64.80106881322466,64.97148205031166,65.16690906096073,65.41220146894537,65.66741403271477,65.93523020141569,66.214050000855,66.5234242808715,66.78429490892643,67.03209042147458,67.25041125475637,67.43476772363978,67.62113302308273,67.7647583759992,67.87934686727901,67.9601423994627,68.01010801567442,68.03915491950681,68.05859133899912,68.07759843872972,68.10036738011102,68.13461168369832,68.18045798776767,68.24208030374908,68.25979343238365,68.41710495973402,68.49926201201914,68.72083844008138,68.8983819271334,69.08948898133964,69.28899807504419,69.4934224423838,69.70027179395454,69.90995629318162,70.11605902350908,70.31962132455436,70.51967861652817,70.71404240129992,70.9205660314136,71.08672271452878,71.24727521000062,71.38865141321642,71.50007305533457,71.56989411738039,71.59123662645543,71.57171799269433,71.53146066002087,71.49437383596138,71.49956353879311,71.52507855615069,71.67007156626221,71.92369487151196,72.24211036818124,72.62475303314717,73.09460671017673,73.52675836904137,73.98095666645436,74.43112942680683,74.86688882847767,75.28451837832145,75.66917654283033,75.99710779566473,76.24479880555401,76.4023884683066,76.46358455251864,76.4117573404982,76.27037881914902,76.05054784549894,75.82759988476572,75.63704927852757,75.50811051999418,75.41619452708132,75.54026697487932,75.69317307952822,75.91387772864329,76.17824827565717,76.45979777332819,76.7405939302672,76.99432773658923,77.20198703434421,77.34843381523507,77.42119662239712,77.43443978926253,77.35224316429432,77.19201931697845,76.98709181680601,76.68576545390684,76.33111326183018,75.95127992051972,75.56504798446657,75.18200327297477,74.8263759274539,74.48811459386755,74.18008340087692,73.90846349689924,73.65296721451728,73.4521358855558,73.28685280345708,73.15954734591602,73.0713129432424,73.02157349934657,73.0157230898842,73.0462130456663,73.09545759775996,73.14731401096753,73.161266046264,73.08691031239854,72.88420554571383,72.54762027433989,72.08449576168725,71.52576586363033,70.90587834905372,70.24763440324,69.57504366859571,68.90599494507734,68.27353225211172,67.71763084868259,67.2721192459855,66.9410164659141,66.73097620309161,66.63522750162478,66.66322958235283,66.77661157283664,66.97936475307196,67.26612595049873,67.61850641274292,67.98136162163762
51.391872248509394,51.599541204595766,51.84053069159897,52.00076173627241,52.14589061273843,52.298651504904896,52.40491557436369,52.47640707096289,52.51842130343484,52.53121946171629,52.51455984586111,52.47005041885807,52.39607911766902,52.297638495149414,52.177060928862964,52.04811238380392,51.91653532190753,51.78967670391619,51.676801612616885,51.578632715931484,51.4960303616679,51.43026029882694,51.38060374882523,51.34671843578028,51.28898400064722,51.316740312048296,51.32963993970427,51.29688621576888,51.34906449315096,51.42999999972546,51.598911255737384,51.71588437679097,51.842532481361765,51.97411624496378,52.11732044551912,52.271174804843234,52.42053671143899,52.569309312451665,52.72595389507803,52.89465142516774,53.08207044481641,53.258232899282746,53.42972763852009,53.623537091420914,53.76330076026594,53.89757031636528,54.0321792521989,54.17983251395799,54.2874114445915,54.3683711811541,54.41853394233192,54.430998352642064,54.400347350777565,54.322845901893785,54.20488400330895,54.056319740170444,53.88715708006247,53.70564762835406,53.52460884277238,53.362191985132725,53.22397088110541,53.207354633951475,53.28469001700183,53.438464748714026,53.66121260118771,53.863198626779464,54.04796219755217,54.23363138457945,54.43981199574473,54.65475699736856,54.789573373005965,54.84152478996834,54.75792681787962,54.63778283718738,54.43128259637434,54.15941799159702,53.83743888187255,53.50964824775695,53.209029402194304,52.93648041013576,52.69139343559719,52.477977887811036,52.302992595501316,52.175095197301424,52.09859416381647,52.068983943633285,52.08294011214791,52.14206363334039,52.23993711156016,52.36815799702977,52.52171907071605,52.726836883079656,52.93916719875653,53.172373161056896,53.44427158609676,53.693585461271205,53.949183965296946,54.215949543743214,54.48454406298745,54.76659347210247,55.050007094704974,55.36507514345444,55.662502494132134,55.97285125622182,56.2782390017685,56.56872711053414,56.849156626197,57.12009711435302,57.37982830483272,57.632242953258135,57.87868381717275,58.11738907784997,58.3439044843322,58.59066131698894,58.80293165486511,59.00466397554152,59.19387117741534,59.37098961199071,59.541631927761216,59.71313854818897,59.89220120335574,60.07839116472363,60.270897447252864,60.459841810295586,60.65527105260412,60.833526603078646,61.010970808620186,61.20255225238931,61.3923553135547,61.61678231383943,61.863703349295584,62.11597256748052,62.35704951051691,62.591023964314715,62.81984189250759,63.074674126259005,63.312889840707854,63.582324062888375,63.85324931273318,64.12097853699375,64.37503069957626,64.64633192020521,64.92542055399636,65.21285792647929,65.50404387632564,65.82965658201749,66.0981009624407,66.37246681895495,66.64664133211745,66.94194665536794,67.24044813672388,67.51203108401482,67.74406620054675,67.98871174480375,68.28536813215236,68.62717781117594,69.00179023132159,69.39778886507312,69.85141171519726,70.34948228838942,70.8667551951017,71.42789594871081,71.97753297756694,72.50107613505718,73.01686020510117,73.52956090495913,74.03683995564879,74.52499914292498,74.97842751990831,75.38299653355276,75.72551999031856,75.99169221212847,76.16342241387294,76.23756654508941,76.22424871363759,76.12065719541609,75.92723913230168,75.69307472182115,75.47410051281025,75.31119085772906,75.23515428652058,75.26780839121565,75.41965681439173,75.66225483624811,75.97584309675295,76.31949361046948,76.67837472207302,77.03751909550098,77.33440702024158,77.57101050282753,77.77590304307695,77.83872721750737,77.82049270759511,77.7575266372101,77.6038006646884,77.38510543970067,77.10983557269593,76.78683269571478,76.44322800961555,76.11023291561129,75.81357212823818,75.55320070580534,75.3465469560183,75.20522669391929,75.10883928429976,75.0296753387026,75.01963096600853,75.0527855088209,75.1235164170583,75.23696797270252,75.3643389301867,75.48846980835367,75.58936150463336,75.64475988071875,75.66751435477224,75.56554426682463,75.31921117710037,75.03026917839391,74.65888797317088,74.18529017860908,73.65803122175171,73.12684243394479,72.62255835080947,72.16165230614996,71.75871221439701,71.43461731367636,71.20494858277434,71.09012556285485,71.09089932490923,71.17742700032304,71.33607033282281,71.55778553903254,71.83193284144272,72.13544187186062,72.43836511579931,72.71935727873243,72.98231581780553,73.14281539614714,73.276828153271,73.30068729050566,73.22145406730797,73.0280013079918,72.77772807124614,72.54327606420938,72.3704052920064,72.20630224382796,72.24398945011974,72.41467374373912,72.74259045760702,73.0759606630008,73.46848077113691,73.87725363713663,74.25969875450087,74.58661897256079,74.83607046248873,74.98093552213601,74.97175880285562,74.89675774903422,74.71721256739636,74.46977395246219,74.1516031723959,73.78137357200156,73.41918729487612,73.07799487542887,72.74778002178758,72.52054361210563,72.35282558235829,72.19815312206362,72.11593141526538,72.07514639197353,72.04791005731882,72.0705928144566,72.11678118693713,72.1783775735676,72.24092886223805,72.33547878209228,72.3355094605337,72.29135498468825,72.19836762976811,72.10794465592217,71.92732116083148,71.68493202553728,71.37985602898442,71.03832835781402,70.68342823940931,70.33025816737549,69.99244020750561,69.68092871413016,69.41773987371475,69.21444744083196,69.08412693473909,69.04392214341082,69.09156145928195,69.17966651416704,69.27243397663436,69.33629476688789,69.34718200393915,69.27004908661887,69.02769688034073,68.73555394800043,68.35909716749639,67.89615321672005,67.38871750280234,66.88722858096095,66.39589657585579,65.93255084436001,65.51991884382045,65.17903798138062,64.91600303286268,64.724063042366,64.61347752923832,64.56384262501014,64.57122828857241,64.62287478133338,64.74040505327018,64.89133241858934,65.08110153506553,65.31606096065818,65.56766305033264,65.83452275293081,66.1138298638274,66.43872220119955,66.70292536202709,66.95549725572566,67.17967870997171,67.37036023234661,67.5711115557992,67.72532210198895,67.84858754370707,67.93689320914382,67.9917775428313,68.02286837121352,68.04120825932723,68.0561219099866,68.07299137546758,68.09850528888592,68.13472751915151,68.18610922564869,68.19086974859657,68.34476488332467,68.41006862942277,68.6263627620678,68.79747110158219,68.98361891568817,69.17963890897397,69.38199944930722,69.58824670609354,69.79784403998367,70.00653985910618,70.21421145882002,70.41981403854068,70.62155689492168,70.84092679919002,71.01214944822127,71.18251536926232,71.33545346981815,71.45867623160764,71.54061669078966,71.57229057857798,71.55927154941266,71.51638458312618,71.4658506174976,71.44995329258118,71.4627909735428,71.58177062323752,71.81691883927199,72.11831088450157,72.4884215499295,72.93747500313209,73.36783974342346,73.82537580307749,74.28343330268433,74.73095598349353,75.16448937321688,75.5684023933159,75.91910084249878,76.18917610614389,76.37162751320334,76.45884229627278,76.43018001250184,76.306725844105,76.09525527170739,75.86634754728802,75.66008182169588,75.50663980655632,75.38682297343561,75.49109535861777,75.62497119682051,75.83471289995036,76.09438287513352,76.37873776026223,76.66729517318326,76.93338518218638,77.15717955092606,77.32362144491839,77.41823222001972,77.45492291607293,77.38981587540717,77.2447210965382,77.06099565529593,76.77380080169955,76.42989614961404,76.05665204152052,75.67229500721469,75.28675560972074,74.92501850167282,74.57660312126423,74.2560555033464,73.97085888783177,73.70549393480047,73.49517714678196,73.30816490457156,73.17085453358153,73.07465390102446,73.01875480775948,73.0089574251419,73.03795697527109,73.0909171729319,73.15189868908668,73.17993524565145,73.1236337050519,72.94103657688741,72.6246981294342,72.17989416156831,71.63652925749767,71.02841506347629,70.37878297589178,69.70913065806542,69.03733626156682,68.39368034985998,67.81677687685959,67.34196148124924,66.97972415676749,66.74029041925233,66.61808047700461,66.62102761394803,66.71816220744694,66.90373092305049,67.17581971552579,67.51406687974645,67.87213887131688
51.29603773724327,51.512434817424214,51.770427289720025,51.93871708424461,52.092964442310404,52.26131129299225,52.38032619882677,52.463412572574335,52.516722189873185,52.54056022566088,52.53433115349822,52.49898213451415,52.432137450851414,52.33790985345042,52.21869076676232,52.08929796592217,51.954093594152894,51.8216398525605,51.700559768610816,51.59413198338319,51.50276238386432,51.427110567344094,51.36725144204468,51.32319030601533,51.269547059071066,51.27761969637568,51.2804432432179,51.231861126745294,51.27449721132823,51.34754864408709,51.50969652514478,51.62083167348064,51.74261493214195,51.87018948509939,52.01046250157079,52.162692471929425,52.31125105060494,52.460109590129775,52.61698464562603,52.788451092279935,52.98051442369062,53.162777434394776,53.34215349972174,53.55207946158844,53.698907873990734,53.84122705218023,53.98497052480345,54.14743976464392,54.26846240049757,54.362732625194376,54.4253154932766,54.4508811794235,54.43249688528873,54.36571874691038,54.255795873858524,54.11205720670598,53.94313758593032,53.75599550102237,53.56198634222741,53.38743068544537,53.242359667538686,53.204730607868946,53.25889134589514,53.39219738587448,53.592115035694576,53.78178700178822,53.96346782261342,54.15159593668309,54.369059625164525,54.60539636650326,54.76297167083926,54.84193204524985,54.77440194635381,54.677349388379625,54.488191588352464,54.2283814817439,53.91186803050782,53.58347310786046,53.277917533608,52.996540709278406,52.73920848029074,52.51072556451064,52.31849338127368,52.17229606942024,52.078753065808066,52.03301024641048,52.03173597724876,52.075884564752634,52.15940875788986,52.27421001624561,52.415544088900404,52.6171083835716,52.821019095156544,53.0452118998597,53.31030385022358,53.55451112079653,53.805876852434984,54.06958109179685,54.32802470724102,54.60855173629756,54.891149318414946,55.2133356869424,55.51085498249779,55.82174327520621,56.12832012624487,56.420292207202124,56.7024856648831,56.97545347315566,57.23731344894463,57.49190222142746,57.74051954457391,57.98159633743499,58.210240775361065,58.465437365948674,58.68135079954157,58.88557865205164,59.07664857771175,59.25457988495428,59.42501978897618,59.59533891442855,59.772169416120306,59.955473192104606,60.14373936655342,60.32730085548152,60.520345492673925,60.69551481054687,60.868824340101455,61.055733259116934,61.2399626545838,61.452984009213836,61.69522139470299,61.94362483110565,62.185337366463756,62.41700732819422,62.643838386628595,62.89721722476765,63.13353074286755,63.39875430762217,63.66885242258904,63.93602814270973,64.19043000398604,64.46145045078086,64.74168390974707,65.03221939803817,65.32812487330537,65.66651320529628,65.93944838169426,66.22276101181066,66.50748607898579,66.81351743426572,67.12104487960286,67.39517264456641,67.6248356207838,67.862114801423,68.14726769323929,68.47995082983674,68.84474945028707,69.23433654884688,69.6824092047197,70.17044704195892,70.68408993587498,71.24313853467179,71.79205361921706,72.31751468690945,72.83440998562999,73.35534176218044,73.8742652289668,74.3781379915341,74.85066513375297,75.27661049937933,75.64406531088783,75.93675347250077,76.13481993687157,76.23395696112678,76.24189924785438,76.15331835800464,75.96692598683906,75.72815021058813,75.49435855718012,75.30762170688762,75.20290380506333,75.20933032637521,75.34028457328729,75.56835843291198,75.87403814729338,76.21705391191655,76.5815948480705,76.95290344123244,77.26596798499033,77.52398307842289,77.75767688996596,77.83920111877022,77.83829854974863,77.79934984638798,77.66365803567165,77.45910838908718,77.19281444866478,76.87266823321548,76.52606174394442,76.1850102674122,75.8760493129239,75.59918764237818,75.38158681139471,75.22956742375526,75.12248808594815,75.02206963478368,75.00198259537444,75.02782626293416,75.09404064374364,75.20277606637967,75.3339058431415,75.46574461443458,75.57989745620576,75.65313549194127,75.70203985209511,75.6180172537039,75.39020875286158,75.12429107899314,74.76457194287896,74.3099236830426,73.78851373022458,73.2533157106618,72.7362866551879,72.25504262318205,71.82752637313536,71.47544868389178,71.21911413096049,71.08029338164141,71.06113214828375,71.12925539474506,71.27222581487156,71.48316171075216,71.75260985008325,72.05573085324308,72.36466221269475,72.65639830351826,72.93852674635019,73.11185417717063,73.26985355294606,73.31525808730639,73.25327804482289,73.0691218465251,72.81887792311507,72.57235153957288,72.37660883511334,72.18376809025035,72.1928745750992,72.3402808057547,72.6516817778717,72.97628339277703,73.36899173894915,73.78544379493802,74.18189755830846,74.52899341522283,74.80228051064107,74.97451548127097,74.98659958387886,74.93894184472582,74.77820457344053,74.5453981759795,74.23665317505392,73.86901968526108,73.50267275972075,73.15166844172195,72.80285876738641,72.56633661284846,72.38838384532603,72.22253688880687,72.1313231555556,72.08304999402326,72.03694389739334,72.0555069156116,72.10098533262273,72.16457929626674,72.23565692211598,72.34837475058606,72.35729930017231,72.3237532872859,72.24210679175275,72.17347944861989,72.0063083886367,71.77489100355105,71.47722853056933,71.13858851902597,70.78223293892812,70.42356282224124,70.07526637782192,69.75072270472438,69.4695716917391,69.25329752691225,69.10054809492422,69.04315218334166,69.07522611866933,69.15947054476952,69.25768934609687,69.33606917889101,69.3679500317976,69.31606866054041,69.09222489830317,68.82448133756779,68.4642060398202,68.01240021779091,67.50974485317747,67.00663165635511,66.50698130841982,66.02950505442618,65.59840245627782,65.23645499602053,64.95160213483116,64.73724877253017,64.60970335349535,64.54222862282317,64.53342067482743,64.57411338880954,64.6826597539047,64.81367266845983,64.99723062476532,65.22119709012973,65.46851850292812,65.73374966254423,66.01290358547162,66.3520085451442,66.6192200769508,66.8764374603434,67.10649896059381,67.30369688642367,67.5185878045153,67.68352964848334,67.81577584309633,67.91205720155807,67.97249516089516,68.00639558796217,68.0244494247319,68.03598512314241,68.04754802387552,68.06479553050565,68.09173096782219,68.1330794433157,68.12728152741246,68.27542355931989,68.32591991628821,68.53430758931249,68.6985642039564,68.8792796252462,69.07130924190056,69.271097444133,69.47624249893143,69.68527317702836,69.89609310087855,70.1074094639292,70.31809287457818,70.52676729051736,70.75825839323824,70.93451783168486,71.11460193798773,71.27915123183695,71.41451093743323,71.50928046104568,71.55242974439254,71.54738623621226,71.50352991740803,71.44109934873201,71.40504220547533,71.40602735004826,71.49925579700582,71.71455931957429,71.99777913233602,72.35413782495577,72.78077126653587,73.20832979426919,73.66823010376349,74.1332905693103,74.59180395353663,75.0405985764376,75.46324762938643,75.83632454967527,76.12864207204684,76.33602118167077,76.44962504979819,76.44505785822827,76.34099055332419,76.13981779293697,75.90677002045376,75.68619473976662,75.5090513730032,75.36355099636535,75.4451658300158,75.55897760947005,75.75655202833805,76.0102744748362,76.29621080805352,76.59141670599463,76.86896720332906,77.10828590320155,77.29436297517296,77.41075010022692,77.4708622360011,77.42338515561397,77.29412957836261,77.13183479739264,76.85948747270757,76.5271572594159,76.16137669343247,75.7797738928123,75.39257846218312,75.02542695283891,74.66751734256108,74.33499277853514,74.03655113301025,73.7614655731305,73.54131048563775,73.33234119586426,73.18444862057362,73.07958308578759,73.0167995606968,73.00222926865676,73.02884998831108,73.08463438742841,73.15393037116407,73.19541890856557,73.15689445266001,72.99459796372076,72.69899032824428,72.27315164801982,71.74597759299553,71.15059857156385,70.51063855142039,69.84505118876741,69.17169737327201,68.5180249407438,67.9211490957326,67.41770947725557,67.0245282899854,66.75545705954131,66.60626050476743,66.58343017159974,66.66365057646986,66.83134627200906,67.08799526189053,67.41126215615166,67.76381102809034
51.19755890103029,51.42203898604469,51.696033039733614,51.872310666684704,52.035723103338235,52.21931500106015,52.351162286150476,52.44605430150795,52.510968188837616,52.546270847826385,52.550953703372315,52.52533183953857,52.46635086496029,52.377224109770104,52.260384110580056,52.13150487720954,51.993600751194144,51.856385049534005,51.72780252830369,51.61362877176597,51.51384247568159,51.42852956181687,51.35857395823044,51.30435007579695,51.2549979406067,51.243001593426186,51.235623611155724,51.17408245800944,51.20702547433039,51.27156890707004,51.42373138320658,51.52851633816328,51.644949058983144,51.76809229567639,51.90492680601233,52.05485153417903,52.20194121886599,52.350261825303726,52.50678250046448,52.680432008512454,52.87666796439642,53.06454736813217,53.251315231715466,53.476258411384485,53.63002492578523,53.780465291179084,53.933439836716616,54.110344803867974,54.24473625250368,54.35233474330013,54.42751182864171,54.46650975950541,54.46098024019559,54.40581994958253,54.305096605321346,54.16752185515358,54.00030077510246,53.809040956852094,53.603542425523486,53.41797621089878,53.267124118873646,53.20842820700342,53.23854771721843,53.34989036508814,53.52494424759917,53.7007539193971,53.8779873085131,54.06743706061609,54.29519613742212,54.5520989550636,54.73201772672537,54.837636061901065,54.78710133708087,54.71355836639351,54.54270968256372,54.296202566250734,53.986611805132384,53.65902216903768,53.34967912450299,53.06039373180249,52.79155837096739,52.54860277501406,52.33959119475678,52.17541750177379,52.064928168879014,52.00299015319897,51.98628721584654,52.015168119302416,52.083992343792445,52.18501096527509,52.313774161087004,52.51089691664671,52.70590512563253,52.920863055861496,53.178620265499994,53.41729845156305,53.664114993569825,53.924476470541,54.172826245389125,54.45148609966164,54.73290604726422,55.06128970885371,55.35866603552838,55.66992003430218,55.97756193927026,56.27097399886293,56.55490278489495,56.82987308086506,57.09387548727352,57.35067700108974,57.601540882684176,57.84507110446432,58.07602875728482,58.33927913979031,58.55892733802979,58.76580561520763,58.95894394498227,59.13795443759642,59.30851349286741,59.47801606255248,59.65302823618527,59.833876131875655,60.018336912744644,60.196985692785745,60.38772527421777,60.559805770012765,60.7288698382429,60.91086154327585,61.08950036479467,61.29114388893162,61.52841905486587,61.77261071094048,62.01450788972584,62.24352369082232,62.46812944237237,62.71986833330355,62.95414322915716,63.21510600510861,63.48427143610894,63.75079218866617,64.00544597303445,64.27609248278104,64.55734304736998,64.85078394028471,65.15116733053331,65.50141759871684,65.77895615517488,66.0710818520348,66.36617654683099,66.68302223917986,67.00020496432364,67.27806494492192,67.5066489320382,67.73758040986753,68.01180590344367,68.33539133253898,68.68993236623652,69.07260557721936,69.5146288664113,69.99199387391417,70.50151048331179,71.05795403343068,71.60570011441642,72.13265704324051,72.65029937677417,73.17886713568039,73.70875854298677,74.22762792025404,74.7185994046401,75.16543959006376,75.5575209753201,75.87669511381041,76.10137898522602,76.2260462635952,76.25611090620716,76.18383113710068,76.00618786819393,75.76467728037255,75.51764434073245,75.30805758398537,75.17495871448283,75.15478428685181,75.26394456443239,75.47628151309668,75.77269529437686,76.11377080979636,76.482758109383,76.86517004663352,77.19368921074876,77.4726178837002,77.73432086296162,77.83497318935906,77.8520481774566,77.837251406709,77.72022368088548,77.53062322565795,77.27426126659418,76.95805138061046,76.60955920164592,76.26150076528587,75.9411329039688,75.64858657465857,75.42026089300474,75.25723234372252,75.13891086203499,75.01718109883547,74.98622103400707,75.00379746715905,75.06450402796627,75.1675274977445,75.30135999197623,75.4400378427655,75.5667778320084,75.65741508649845,75.7317358636892,75.66609289174552,75.45768357239066,75.21509668267448,74.86789417121878,74.43336452886444,73.91914543847365,73.38126406411227,72.85271409552307,72.35220434772866,71.90092660156938,71.5213464448471,71.23841048682281,71.07522933933625,71.03543030775828,71.08434250937371,71.21078529123542,71.41001205365596,71.67368106602899,71.97531184682255,72.2891876293243,72.5907564693113,72.89097390339731,73.07728856902818,73.25893145178955,73.32625495884886,73.28244979517696,73.10928053794078,72.86104168936866,72.60422371409243,72.38686106004143,72.16924686734303,72.1494314352054,72.27221903925958,72.56310738779281,72.8775276544748,73.26886017246585,73.69145739131147,74.10061653104759,74.46695033372154,74.76356642734568,74.96300652994775,74.99712030814734,74.97701404072738,74.83588225863642,74.61858726845112,74.32036544705248,73.9566489163337,73.58729096581288,73.22740942377231,72.86116608833234,72.61527166789938,72.42661141431458,72.2493864420155,72.14851295741757,72.0920131635612,72.02697536848129,72.04068524607324,72.08468611558757,72.14952047159657,72.22831198877432,72.35773311365921,72.37549277143415,72.35277508738747,72.28292255027527,72.2356827989419,72.08237279339536,71.86256252256283,71.57321399112166,71.23851205679796,70.88177682861193,70.51862298364149,70.16075892261519,69.82390655530173,69.52530692431901,69.29608078596657,69.12081390127715,69.04539602663101,69.06047939099905,69.13905809513984,69.24094988964113,69.33242061652135,69.38429680188773,69.3571741123302,69.15273105453588,68.9097892760566,68.56660744221091,68.12720388058686,67.63081956917776,67.12758372023657,66.62102846849736,66.13061907022059,65.6819036473944,65.2993235632542,64.99275168925183,64.75599312268037,64.61110505330173,64.52541350685475,64.49996162184024,64.52918160378997,64.62796666883956,64.73883539288465,64.91556855937391,65.12795496814007,65.37029611520309,65.63318080159979,65.91150149395101,66.26321619534497,66.53309188611583,66.79481072399608,67.0307629220892,67.23466731214687,67.46330246695857,67.63904834349235,67.78053673736159,67.88522694910098,67.9518522750838,67.98935894878899,68.00799589297078,68.01694464492353,68.02386925987106,68.03341841037141,68.05150452125407,68.08312338785254,68.0696114614106,68.20929008863322,68.24754982143997,68.4450842809956,68.60209134408876,68.77690309119048,68.9644286934919,69.16111257368755,69.36462227717956,69.57258467250276,69.78500532576753,69.99943704650622,70.21466179243127,70.42972716783981,70.67243273211406,70.85368807853484,71.04331154048995,71.21942487027775,71.36717560076835,71.4754114986838,71.53114686517412,71.53556111834888,71.49249934941997,71.41992184574593,71.36487049822148,71.35474088295402,71.42275729591213,71.61676439670747,71.8807052896979,72.22212217755788,72.62504577902517,73.04874002761508,73.50997209010839,73.98108214344956,74.44973656428661,74.91306141991485,75.35383061263,75.74877417632534,76.06309632834756,76.29533833938856,76.43555578469632,76.45590320530813,76.37263193144682,76.18372709286626,75.9485069880519,75.71523568519207,75.51545586237103,75.34704151739412,75.40290933161238,75.49570221757087,75.67990714980289,75.92640334028168,76.21260829691971,76.51325653855635,76.80127552648435,77.05541905796319,77.26067924836906,77.39868950014286,77.48209403371355,77.45278715474892,77.34009099736312,77.19931277126103,76.94247946173249,76.62251378068326,76.26505713039384,75.88710623235201,75.49914118396984,75.12734304283133,74.76071905879519,74.41689665891198,74.10567599887226,73.8210418721766,73.59069578116532,73.35979567674097,73.20075998492943,73.08652579149135,73.01612039988403,72.99592024430682,73.01923828249055,73.07688808247782,73.15360316552956,73.20782872254985,73.18674323906254,73.04491948169384,72.7705195705982,72.36426744220753,71.85406238910141,71.272312274422,70.64298437048096,69.98250706899307,69.30871280605889,68.64619722050902,68.03046203647499,67.49922937357988,67.07543003582633,66.77657088173423,66.59991618858317,66.55064487004785,66.61323733637364,66.76241752836731,67.00290033423363,67.31043419081959,67.65670087609459
51.096585509431115,51.32841355158973,51.61720792557343,51.80138811679056,51.974000901128626,52.17237617258929,52.31707826841114,52.42393844307731,52.5007192871014,52.54787273266748,52.56391035042304,52.5485553190798,52.498171106110206,52.41505997159266,52.301673014229266,52.17431632439501,52.0347182436502,51.89365801910268,51.75838371074764,51.63705913607511,51.529275420759355,51.43459474008542,51.35471447306049,51.290398170792784,51.24523865088781,51.2130954604321,51.195448520133354,51.124402171160256,51.14756342535868,51.202958987360546,51.341547059488356,51.43946496959998,51.550056812523806,51.66834736747246,51.801219467033576,51.94810839358183,52.09300969394087,52.24011583148453,52.395662086972905,52.5708521455155,52.770743136347704,52.96369436643344,53.15729259710977,53.395933727509615,53.55649543020805,53.71512167505888,53.877414997305095,54.06825872223294,54.21586113835906,54.33672737592321,54.42461349430113,54.47730482561986,54.48516561686011,54.4424913578044,54.35213522092532,54.22209849999446,54.05810990821587,53.8643818483071,53.649084513855016,53.453748757335646,53.29803933247791,53.21837674809434,53.22376140818089,53.31177145413243,53.46018925797854,53.62063075239735,53.791980335284464,53.9815295873934,54.218471268809964,54.49494133850908,54.696644159418476,54.8283552821584,54.79575010313605,54.74597372066469,54.594313509950446,54.36231206285788,54.061103742101174,53.73576555275784,53.42382707276946,53.127605487088516,52.848075610029774,52.59132272144563,52.36609397103197,52.184368567952546,52.057109264379996,51.978976965508046,51.94669622583063,51.96006032613604,52.01387213004405,52.100780812151825,52.21666184145105,52.408318066737294,52.593929534432135,52.79944075889571,53.04931889475409,53.2820325786132,53.523974514700775,53.780703026688634,54.01917240334463,54.29559745953924,54.57544981613646,54.908929985120196,55.20591716008391,55.517353876885366,55.82592920702206,56.12073360963672,56.40636534846079,56.68330896003106,56.94946501973562,57.20851628424476,57.461696150107784,57.70776055457618,57.94122024409523,58.21201068292972,58.43545611919999,58.64512742335109,58.840532668293136,59.02089376294107,59.191911237084604,59.36099861073421,59.53464987145152,59.71352088108882,59.89467934554955,60.06897056771103,60.25749150793785,60.42648480031392,60.59119364217062,60.7680184725376,60.941063248929844,61.13149824418647,61.36353534334732,61.6031583247236,61.84469037915194,62.07067518284576,62.29280612110975,62.5427075752126,62.7748195265965,63.031539449950905,63.299676842853856,63.56545098012951,63.820262342829956,64.09045826279053,64.37260010449637,64.66872847521819,64.97330596231862,65.33431248920999,65.61656393118774,65.91728919204611,66.2224685642161,66.55012342648577,66.87754646219778,67.160391153388,67.38930191890395,67.6150372419148,67.87904857567096,68.19358429094312,68.53743138919869,68.91263347438489,69.3480972064584,69.81430685869468,70.3192370272251,70.87260225491109,71.41878153846045,71.94684084222516,72.46493726649241,73.00051819555472,73.54064945139464,74.07371538702347,74.58237666682325,75.04953355575188,75.46581890941428,75.81133269072168,76.06280359377992,76.2134222999166,76.2663844330384,76.2116668273802,76.04452531449735,75.80228666771927,75.54378143768876,75.3125505698209,75.15160186013348,75.10460429574582,75.19114453056628,75.38653946976905,75.6722970816989,76.01006399975519,76.38220330437782,76.77456292690101,77.1177272099365,77.41695564324255,77.70566672931817,77.82586874326944,77.86157102842061,77.87091155998137,77.77311028564628,77.59921770750836,77.35373417069617,77.04257618249194,76.69339423352852,76.33949409193109,76.00875790446715,75.70152093328727,75.46272813133724,75.28838526281201,75.15826553402111,75.01539270502094,74.97272859998081,74.98105837446805,75.03523233853977,75.13156990913103,75.26696623912227,75.41152966801013,75.55009010911378,75.6575917509537,75.75638676750734,75.70954396525653,75.52141233685398,75.30231646557021,74.9685327442956,74.55509120883085,74.04937274452067,73.51016035576612,72.97139732063523,72.4528392649996,71.97877626251137,71.57236091704118,71.26302820429903,71.07521857527053,71.01412219493153,71.04306059627457,71.15215802801772,71.33875161977981,71.59551565320253,71.89449658379321,72.21214797883734,72.52251928763289,72.83952858358482,73.03897787170172,73.24373492793846,73.33322730059793,73.30844591896057,73.14797831059964,72.9038117021672,72.63867166051651,72.401182983037,72.16346836552987,72.11456554030437,72.21142388687079,72.47745675594898,72.78025069194419,73.16854831753574,73.595627823085,74.01605078465384,74.40054796724213,74.71987465860555,74.94622922597628,75.00314668600251,75.01064263957257,74.88986588766687,74.6889218363127,74.40231779544287,74.04389673131506,73.6727702419866,73.30507124267197,72.92280908724446,72.66746599981747,72.46761844551436,72.27882904952254,72.1676131412479,72.1021284231248,72.01834984027069,72.02645767201459,72.06817573376352,72.1334524503539,72.21903078222805,72.36342686070952,72.38994805078859,72.37827293751016,72.3206703939356,72.29419512156865,72.15509249808578,71.94748699687446,71.6673513929984,71.33767312154082,70.98169763862343,70.6151624716204,70.24876967603501,69.90045748509051,69.58509980489615,69.34297974781185,69.145315594894,69.05113788711105,69.04788317498016,69.11889240879144,69.22251558696702,69.3254614583844,69.39614371500434,69.39310339833547,69.20895471753025,68.99105930377121,68.66580991494865,68.24003650104169,67.75142295234922,67.24961361277569,66.73764912779322,66.23561173541272,65.77025963620984,65.36758944461657,65.03949018362442,64.78044437105268,64.61783786152073,64.5136016767065,64.47109443972714,64.48827613594231,64.57645955178613,64.66715318482525,64.836387568205,65.03667970546918,65.27331161185951,65.5330860414413,65.80985391742878,66.17227803444139,66.44445362194051,66.71051673535193,66.95236150992436,67.16316113579214,67.40499624085659,67.59154551502598,67.74249519841764,67.85599502416802,67.929440290615,67.97138083273029,67.9915287218015,67.99875704205623,68.00178701799041,68.00430993029701,68.01408436692157,68.0363734903618,68.01844224317024,68.14657357217816,68.17569229370254,68.35910419629732,68.50848263181203,68.67692129469766,68.85941688341588,69.05244098479724,69.25374914554938,69.46011949459388,69.67356311071444,69.89051591317522,70.10966745989062,70.33049010664196,70.58332173437314,70.76952040238653,70.96842080108216,71.15595455614547,71.31626864957003,71.4385358742394,71.50793468219777,71.52329526107839,71.48289556571554,71.40211992462054,71.32947839156544,71.30888476954699,71.3525053283014,71.52368215496,71.76727953460053,72.09259492706778,72.47084881923708,72.88958194949761,73.35105428370817,73.82718894186692,74.30505764142319,74.78209333557994,75.24026970463477,75.65644498158015,75.99243850013072,76.24934785203632,76.41625747256869,76.46222838137207,76.40110896311305,76.2264748551739,75.99119813387125,75.74705231042451,75.52596391769602,75.33795745804547,75.36475680594656,75.43565492121698,75.60529030034138,75.84324973698648,76.12832160707869,76.43311268072355,76.73051187811933,76.99869198200358,77.22259110687683,77.38198965689166,77.48845459387677,77.47785802264633,77.38245158845102,77.26313310506596,77.02243076357581,76.7155829028637,76.36729660654292,75.99391361692653,75.60611312868873,75.23050853352922,74.85607007100363,74.50176857694578,74.17836925185539,73.88438257460805,73.64349291240677,73.39094234660756,73.220219004686,73.0959073120953,73.01712996704661,72.99041197597006,73.00946805551372,73.0679570993083,73.15111118051301,73.2172763751479,73.21323074809918,73.09203090628664,72.839308556324,72.45324076529721,71.96073516479287,71.39343957315636,70.77560367372874,70.12120010703374,69.44801708579347,68.77782838490157,68.14443023026006,67.58638730979762,67.13243056454874,66.8037266436068,66.59919613212158,66.52287932403225,66.5670831436266,66.69715142054491,66.9207826771958,67.21192493261128,67.55113119946607
50.99326733200635,51.23161835519189,51.53381193117311,51.72579506776003,51.907632140988284,52.120208351060334,52.277728577685124,52.39667118259597,52.48553547143781,52.544887284638925,52.572683949590065,52.568108358286295,52.52704992041574,52.45089614640235,52.3420895316231,52.21731551420755,52.077107522139976,51.9332044855325,51.792157134994845,51.66435913130592,51.54906600273727,51.4453835599899,51.355816162212875,51.28153501667039,51.24017119554812,51.18811075462567,51.160185446766484,51.08367222779669,51.097025207614365,51.142617083644836,51.26367478355567,51.354204166551916,51.45846014340234,51.57147739126527,51.699846592824386,51.842919452127624,51.98485895354824,52.13002142218327,52.28393803253081,52.45996947493928,52.66295200895837,52.86037009523718,53.06016535851316,53.3109651966644,53.47816290181784,53.64503284551672,53.81672381593553,54.020892610341654,54.18146519581299,54.31546036351547,54.41611103612872,54.48268711049887,54.50442121664419,54.47507481947018,54.396260743898324,54.27517195570981,54.1160282459075,53.92161602785123,53.69842002841634,53.49466852059878,53.334880405719105,53.23450554788114,53.21463469599166,53.2780684207847,53.3983390879097,53.54194887358025,53.7059065829608,53.89424834803002,54.139134755620496,54.43400009229917,54.6567835876727,54.81380814825824,54.80007335759468,54.77415940062886,54.64247970145495,54.426140789305705,54.13477737776909,53.813173380490255,53.49987427629753,53.19774198451699,52.90839269988043,52.638598605929744,52.39780964518068,52.19905834154708,52.05528614366175,51.96102398484699,51.913065405090414,51.910707214399814,51.94923237742084,52.02173952490949,52.12445968416783,52.309487418275715,52.48519656580291,52.681059138795774,52.92249780081399,53.148798626989404,53.38553154182716,53.6383281069528,53.86728690702042,54.14108671327486,54.41895315991532,54.75624929167372,55.0525898630244,55.36401714633133,55.67338669567756,55.969532163643755,56.25683071780881,56.535714133203534,56.80403264624723,57.06536906289228,57.320933665449,57.569611863408824,57.805767049784116,58.08345603978278,58.31073199192237,58.52332663482363,58.72119013671049,58.90317835401226,59.075011219277414,59.2441151771473,59.41690652981996,59.594328336796096,59.77275592469093,59.94332972576014,60.12972530453629,60.29563722028795,60.455882091010814,60.62728541457372,60.79474611173184,60.974283366172145,61.20080927371058,61.43549579019366,61.67601413359085,61.89856393491132,62.1179594842115,62.36581507384081,62.595651862205344,62.84821493675238,63.1152391323848,63.38018482236633,63.635062849481095,63.90474803739409,64.18765721875761,64.48622992483777,64.7946754829704,65.16514060370656,65.45221135803813,65.76124288426335,66.07611795970419,66.41448335255889,66.75268744453687,67.04183443827144,67.27259036597502,67.4944139693423,67.74906152282666,68.05461467670956,68.38733892920229,68.7544577645379,69.18284073104738,69.63757007074,70.13748975742782,70.68734300903664,71.23160696664449,71.76040372203813,72.27873254274351,72.82067611189909,73.37026750787632,73.91664684978117,74.44214325455579,74.92894214658952,75.36889103896937,75.74048175789879,76.01879779737679,76.19567291751287,76.2722205726906,76.23629672351923,76.08143886388035,75.84060910917314,75.57259342227056,75.32115274519279,75.1331160873697,75.05922437615749,75.1223922144284,75.29964769589596,75.57332605295484,75.90635317743929,76.28026923142232,76.6813260972316,77.0382384949733,77.35703708163295,77.67154625628974,77.81171309449678,77.86669654034229,77.90001054801314,77.82193053527043,77.66445959273388,77.43079130518278,77.12583668345206,76.77724069040075,76.41877993004664,76.07885931751312,75.75811414890495,75.50914745688118,75.32318999001477,75.18071002336731,75.01708742750316,74.96188761137012,74.95996823783355,75.00655134427771,75.0952509428734,75.23098944701105,75.38040026483226,75.52992176459452,75.65365857187057,75.77577694150247,75.74814325854392,75.58117174741795,75.38558090381272,75.0661657482147,74.674582215698,74.17864204638742,73.63947744709328,73.0918929793447,72.55664916020466,72.06093871877363,71.62854242097278,71.29315783732682,71.08054622877543,70.99753620140231,71.0057819075133,71.09675329132175,71.26979546115949,71.51848277552642,71.81359679534916,72.13374987438324,72.45177427000449,72.78406208155056,72.99678138517318,73.22393705952973,73.33572450801854,73.33074301676402,73.18471609286259,72.94678029367094,72.6754744515937,72.41959562034636,72.16716237523474,72.08918240026208,72.15883079120538,72.3953193509187,72.68500974903537,73.06851842000745,73.49828848708648,73.92839543106291,74.32984455496991,74.67115165042361,74.92400412716653,75.00450442778592,75.03949594379503,74.93977572521457,74.75598248599984,74.48208802727629,74.13039859630081,73.75883891707589,73.38450731951278,72.98789486674173,72.72303683116172,72.51151509511591,72.310991979161,72.18873602744318,72.1134882952514,72.01141268244973,72.01315405960878,72.05174638508248,72.11662658333549,72.20795002249211,72.36532898113464,72.40052331470508,72.40009939017114,72.35520581133358,72.34865683118059,72.22404562568626,72.02920484078768,71.75917971855654,71.4356458636653,71.08163309912526,70.71290510622212,70.3391504722311,69.98035271331891,69.64910456691211,69.39417694226496,69.17444441687095,69.06086197861396,69.03799936932177,69.09943672923784,69.2026864177745,69.31530408308552,69.40341217194229,69.42359447490347,69.26063525577777,69.067872961016,68.76132199831368,68.35037037508924,67.87103630423792,67.37225017414275,66.85645435801223,66.34420189367198,65.86330764176368,65.44119840164258,65.09185610544866,64.81075079588314,64.63005701101565,64.5069975319801,64.4470624386045,64.4515936949343,64.52827215645571,64.59895863724309,64.75995988057237,64.94771641289712,65.17788071759931,65.4337352534126,65.7081911840683,66.07912694507299,66.3532181168432,66.62345518307926,66.87118563956574,67.08906798363537,67.34340982393687,67.54068849109429,67.70127619817922,67.82395399915471,67.9048506127066,67.95208361882231,67.97472896898171,67.9811788812669,67.98113323276982,67.97740609209632,67.97950669229891,67.99296218194594,67.97435656527058,68.08748311086819,68.11108128190041,68.27677869439779,68.41816817695891,68.57976621694452,68.75669343134041,68.94547882428851,69.14398620875227,69.3482186114888,69.56205303266051,69.78086777056045,70.00325654474679,70.22910968667664,70.49079731857125,70.6818750168552,70.8897063440774,71.08842046044495,71.26138851179535,71.39817965824788,71.4822859367385,71.51008772965658,71.47432125284826,71.38749540143705,71.2989061062531,71.26841220711404,71.2887301025186,71.43546067862047,71.65769204505717,71.96577639281739,72.3187306658087,72.73136706595331,73.19192920615876,73.67199188132724,74.15807101062596,74.64790975536414,75.12268326698884,75.55933222457088,75.91656821248102,76.19781858529369,76.39135308501675,76.46354571405065,76.4258806329631,76.26755276353842,76.0344831417008,75.78149226791616,75.54068618201435,75.33696173984303,75.33113919555726,75.37934562050242,75.53321351595,75.76129393046709,76.04374211874806,76.35128314235129,76.65687798470108,76.93821764211516,77.18011939306655,77.3605898075974,77.48978020115719,77.49843390914035,77.42105758653771,77.32299932697228,77.09899537303909,76.80598181540475,76.46769837601803,76.09981763762845,75.71316364994773,75.3346651868118,74.95343218022347,74.58960996510537,74.25476665839723,73.95164742309416,73.69986175840415,73.42619520486984,73.24325605788044,73.10815294155897,73.02024090391008,72.98608608752455,72.9998855050848,73.05812027914807,73.14664852444432,73.22387355390332,73.23640766360961,73.1359620129791,72.90537998524974,72.54007083845457,72.06594743904739,71.51386386887248,70.9082797018189,70.26083211118078,69.58924473834173,68.91254962966728,68.26276820826119,67.67904942548421,67.19553104641113,66.83701910293462,66.60424893905255,66.50034114829283,66.52534865469698,66.6357546769615,66.84189003541779,67.11607633038778,67.44742478234134
50.887754138316616,51.131713237983746,51.44570504046636,51.64537715279097,51.8364511282239,52.06252507995398,52.23276764604876,52.36385870537749,52.464976728620115,52.536835908195464,52.576757355813065,52.58344674230653,52.552439053991485,52.48421134168343,52.38116571667468,52.26008565337616,52.12043003728241,51.974770173089446,51.82897662009748,51.69546481245372,51.573219005255005,51.46097347937044,51.36202220136559,51.27796103909742,51.23969758022131,51.16825693323912,51.130101867670774,51.052744589517665,51.05632496429873,51.091441394609134,51.1906457849742,51.27326052778023,51.37068100225725,51.478005057832476,51.60131429157464,51.739741111806154,51.8778914754068,52.020328410910956,52.17192496451774,52.34804196843398,52.55350665164235,52.75472622048193,52.96001327853415,53.22121260554944,53.394870855173274,53.57003544424958,53.75119410197462,53.96795755879692,54.141176562614724,54.28808354652874,54.401494999998334,54.48207734687449,54.51811524090983,54.50291218247405,54.43682219746831,54.326127036780875,54.173519048814406,53.98034134794829,53.75135639040183,53.5406556965309,53.377422435964874,53.256743923103244,53.21126985785995,53.24900903282231,53.33988275846972,53.46523965573701,53.620225731575324,53.80596817354089,54.05743633414615,54.36935179189339,54.61236863024225,54.79371310243702,54.79979621353198,54.79767935572164,54.686684888019606,54.487119563334524,54.20706624849101,53.890715773704194,53.577333632977364,53.27036923346844,52.97214214292201,52.69014363059075,52.43454615228426,52.219395896147944,52.059448598074944,51.949184512725054,51.885497151515274,51.867254813240024,51.89025734669895,51.94810707158172,52.03742024341259,52.21452055569427,52.37981046399254,52.56583232539513,52.798255046507805,53.017681721734114,53.24886220094829,53.49741905804643,53.717393482329356,53.98815475821306,54.263588613484465,54.603240404446105,54.89866565120991,55.209882186015726,55.51989917141412,55.81733078500423,56.10625625516727,56.38704162293234,56.65752896672461,56.9211843290321,57.179201747312106,57.430572206600495,57.66962098834328,57.95343925476538,58.18454980506707,58.40018580796687,58.60069173930053,58.78458870383397,58.95761163709548,59.12719437996526,59.29967041919147,59.47621939604954,59.65255590989173,59.82013741243582,60.00450777471525,60.16734834877244,60.323021523889544,60.48874373705576,60.65064375794316,60.81973554608235,61.04047985951876,61.26985122508928,61.508608451891284,61.72729207766581,61.943680593048434,62.18927095253406,62.4167324630035,62.665292760116266,62.931128794262825,63.195174020643066,63.45003122909631,63.719162053176476,64.00271652778498,64.3034652111427,64.61541060679781,64.9938446691374,65.28583808403125,65.6028027811053,65.92688056185828,66.27576437377459,66.62524598265244,66.92207796787893,67.15631005784542,67.37563926392748,67.62191055781626,67.91856746149878,68.23974739627597,68.59811597187283,69.01888594636456,69.46196758448964,69.9564888637329,70.50243610573096,71.04448547426398,71.57368332085423,72.09209409348615,72.63972205480921,73.19794226611772,73.75666876646586,74.29804550209124,74.8037151127225,75.26666928978423,75.66395787000596,75.96906563086024,76.17238596380598,76.27312006950626,76.25719212019379,76.11642905447407,75.87927534127907,75.60390386869933,75.33391619089961,75.11978424154587,75.01907855118716,75.05819535875801,75.21612158444428,75.47626475184013,75.803058038495,76.1772946888839,76.58570357282201,76.95537957827871,77.29290292345459,77.63179121113053,77.79233155703658,77.86725415092319,77.92422861261254,77.86629711507435,77.72591663942993,77.50499081426604,77.20742692808302,76.86077242307101,76.49914796233129,76.151372146201,75.8184896521523,75.5596778001255,75.36181033432173,75.20640225153446,75.02264824044501,74.95408038624937,74.94088631022798,74.97878681399366,75.05891824130566,75.19369447807395,75.34682980789566,75.50636027552311,75.6456086358125,75.78969076362745,75.7816635559147,75.63673850524893,75.4645204735343,75.16047126908134,74.79131604222206,74.30639974209565,73.76868819956361,73.21375772047168,72.66333581855365,72.14727733316838,71.6899412771407,71.32898993984384,71.09149743918223,70.98600071876936,70.97287869515544,71.04498034725079,71.20355862983082,71.44295159692324,71.73292421268447,72.05419992911132,72.37860892794752,72.72444569193244,72.95055840942449,73.1992109247003,73.33329597657557,73.3488176891777,73.2189948130905,72.98953979604012,72.71441116007244,72.44211998821578,72.18105868688151,72.0741875249445,72.11537519488043,72.31728464128055,72.59236206959851,72.96923272572968,73.39977278014393,73.83784558221043,74.2548983360901,74.61734384880285,74.89615179132848,75.00101924383901,75.06324225592842,74.9852320359623,74.81934982394814,74.55925394960407,74.21578997738656,73.84522531991485,73.46557107538669,73.05653052944328,72.78210138449126,72.55841151930979,72.34600249876387,72.21199393640006,72.1261853024784,72.00650926470651,72.0011042750289,72.0356902674762,72.09929422133813,72.19520642958149,72.36331246433238,72.40707673965306,72.4181069978876,72.38638429106912,72.39870834245822,72.2888102991751,72.10725646860432,71.848237950153,71.53200443358223,71.18122094028018,70.81157470749083,70.43175314535318,70.06356945921524,69.71747544380848,69.4498548991428,69.2085916083042,69.07505251497187,69.03138987273297,69.08115429999239,69.18176236176353,69.30206086923025,69.40602357349641,69.44838529838145,69.30751203776983,69.13981178809527,68.85265223258618,68.45767779866338,67.98914092638991,67.49502224450804,66.97705523085928,66.45610838866787,65.96088488309555,65.52009619586711,65.14988794222423,64.8470606754078,64.64791773464982,64.50580547227712,64.42810892858856,64.41933099043362,64.48353823655964,64.53458434309964,64.68655772578977,64.86141020120385,65.08431915712433,65.33539830885752,65.60674362203282,65.98369580987924,66.25929820324217,66.53352575584633,66.78712622647987,67.01227748195244,67.27828391392698,67.48614459970722,67.65650470856114,67.7886964464565,67.87767464657637,67.9310896861013,67.95727769226903,67.96396672928184,67.96173983874559,67.95264289758313,67.94780768486052,67.9530218937075,67.93793712029093,68.03222780561683,68.05445073485802,68.1985191344772,68.33157808936221,68.48586983910772,68.65667795693342,68.84062223898768,69.03569657149963,69.23722299137458,69.45076166854712,69.67071432528614,69.89557571479038,70.12563948769676,70.3947314032641,70.59061213555617,70.80694479378882,71.01650275418108,71.20213361540135,71.35386892124454,71.45369337007139,71.49543758933929,71.46637909737166,71.3758500922767,71.27319386303036,71.23327639294205,71.2316618269087,71.35224805197743,71.5521329990811,71.84188689413863,72.16924159737717,72.5746068830186,73.03304937905618,73.51587187859535,74.00908049757459,74.51072611119874,75.00118966128035,75.45743116442866,75.83538509048314,76.14051940484029,76.36046559364192,76.45936753097457,76.4464059256372,76.30645250163846,76.07800169532936,75.8184032101194,75.55973329836227,75.34471728431033,75.30248744298355,75.32728421552127,75.46418883262523,75.68101618624002,75.95926121214563,76.2680659332947,76.58057557269669,76.87410900509049,77.13328494930839,77.33442918938422,77.48590714022136,77.51435096406529,77.45575522653458,77.37861496514488,77.17182728492388,76.89332770775393,76.56586569295747,76.2044398855504,75.81996210135472,75.43955476455825,75.0526671874918,74.68042225585961,74.33500398493537,74.0229961603041,73.7599621981996,73.46596825093371,73.2703015225498,73.12368797384188,73.0258658521999,72.98332420284828,72.99083682890804,73.04765646322535,73.14040930565335,73.22773194635965,73.25632466943352,73.17674257725128,72.96875655720346,72.62475688284536,72.16965073084249,71.63346856267604,71.04079569540669,70.40110488972554,69.73203028956968,69.04999215055206,68.38519050165166,67.7770818602151,67.264732651672,66.87654301749343,66.61522321304587,66.48323795756947,66.48819452605308,66.57843402603667,66.76647015354034,67.02323033301015,67.34590440885692
50.780195697922565,51.028758041097824,51.35274723738683,51.55998000508122,51.76029216814221,51.999039902750866,52.181849905578375,52.32510719673544,52.438603045421566,52.52324000779181,52.5756134240317,52.594026256288934,52.573790252952044,52.5144842649201,52.41843362329711,52.302209948629816,52.16434723969641,52.01810080603952,51.86869598510767,51.73031223451384,51.60173921195223,51.481441956067194,51.373475766196655,51.279876663741454,51.24371981054109,51.153743453504745,51.10546525946192,51.03243895467461,51.02634535812085,51.0503030348169,51.122991293309504,51.19716065204605,51.287241339726954,51.388453057951786,51.50612867147418,51.6390297746072,51.772509737235225,51.911386611178656,52.0599375103132,52.23532759764983,52.442619133813515,52.646914408106255,52.856916119781246,53.12653574086529,53.30646280483296,53.48996611295456,53.68065366478903,53.90916465820157,54.09462337651352,54.254146765414895,54.38025593178388,54.47489626747877,54.52561589101893,54.525345294710185,54.473168604863176,54.37434855768886,54.23004557757355,54.040155661062165,53.807701021005855,53.59163048097475,53.42544052058281,53.28502119050007,53.21376917099493,53.224821058022656,53.28530929073563,53.391034471658905,53.535397461161345,53.71706389494099,53.97362574067939,54.301073012751225,54.563331905881256,54.767788586931154,54.794643784023236,54.81609753537871,54.72640570058668,54.54467920268469,54.2774038906219,53.96786285386892,53.655718040699114,53.34505324332337,53.0389564415571,52.745670997552985,52.47611142742415,52.24529030534567,52.06958641897032,51.94351185065156,51.864093862994615,51.829849151803,51.83713129865451,51.880103420202175,51.95579607336058,52.12353306342531,52.27787547324859,52.45387444852721,52.67668869466362,52.88876698788982,53.11404261806349,53.35804322668256,53.569715855184356,53.837002491698335,54.10952871172756,54.44989609936919,54.74412603150044,55.05492133931414,55.36543140040907,55.66409059783833,55.95459932276441,56.23724445176734,56.50990458108406,56.77591107466394,57.03644871430137,57.290588759789365,57.532733873764506,57.82178437229336,58.05670440750432,58.27548750112239,58.47881286512944,58.66490530543016,58.83951068818847,59.010064837361604,59.18281374746696,59.35911495590117,59.53406856087485,59.69946787324089,59.881920029176875,60.041703504605,60.19269827993302,60.35247480765525,60.508850992306336,60.6680910751108,60.88278611433504,61.10645274714912,61.34260263290205,61.55696174175596,61.77006050899135,62.013155334638355,62.238153556010744,62.48293321464587,62.747516318048945,63.01059888022628,63.26535121778411,63.53390055672245,63.81798016920987,64.12061125613216,64.43564604810997,64.82036741243336,65.11738375747237,65.44182873499072,65.77451219924146,66.13362884650829,66.49484014785602,66.80080491051719,67.04025677910916,67.25864179744785,67.49766149354524,67.78552761697114,68.09474920044849,68.44364562058396,68.85625935859633,69.28768347438317,69.77645453595329,70.31814135491763,70.85772613661425,71.38701727684821,71.90543080667914,72.45803719438081,73.02400327980475,73.59402759501624,74.15022974368303,74.67390220429671,75.15908558765787,75.5815765817074,75.91331112907379,76.14314928621775,76.26858366782781,76.27382431207992,76.14899642440957,75.91791610058188,75.6375363511966,75.35089298773995,75.11188916801642,74.98460084393507,74.99906170629454,75.1364765283809,75.38159572205015,75.70059827856855,76.07361847512983,76.48793936886894,76.8693069722724,77.2245938932905,77.58623336109476,77.76754944488427,77.86307329786487,77.94324599558762,77.90582271037435,77.78315660569193,77.57589084215799,77.28694096097703,76.94366328234779,76.58038787148385,76.22623139362493,75.88277087367007,75.61447809155906,75.40441010472384,75.23550013998332,75.03245811800954,74.94968924269304,74.92417184462376,74.95226451650117,75.02291944676189,75.15534619474238,75.31099847186415,75.4794931189721,75.63343502934298,75.79791261183516,75.8098776416759,75.68788931151336,75.53876565086728,75.25112739300084,74.90477118115926,74.43209222966712,73.89726547464706,73.33654819283653,72.77260102525635,72.23765546850792,71.75660780604379,71.37071506578783,71.108357345822,70.97984413863144,70.94472321126668,70.9972484619081,71.14045617782966,71.36929128131557,71.65279056699333,71.973704756171,72.30311077298337,72.66055070936837,72.90016824443758,73.16922960158713,73.32549110173397,73.3621465367919,73.25031539964421,73.03168254143505,72.75526085870135,72.46877710289154,72.20577359461069,72.07043524807888,72.08197084192324,72.24394209561308,72.50286489748375,72.87115348055116,73.30041409908533,73.74459635003201,74.17576754978792,74.55839769974622,74.86249277627206,74.99251684450324,75.08154987850637,75.02585508459288,74.87860445659328,74.63339336947742,74.29970634066801,73.93165777933751,73.54811593138567,73.12882317796809,72.84477688236508,72.60841787428643,72.38398787616423,72.23749918851514,72.14031196734327,72.00398495672913,71.99063818444799,72.02029957887659,72.08170671515856,72.1809367235112,72.35725029970045,72.40946650210194,72.43214831317664,72.41406132174207,72.44399007008198,72.34896464153063,72.1811822946261,71.93406507014481,71.62632298170233,71.28009889225082,70.91089509547076,70.52642952955091,70.15008494200768,69.79036666902697,69.51019614826231,69.24814841028991,69.094193710017,69.02861658392287,69.06450836456864,69.16004339863396,69.28584419542398,69.40389932046152,69.46721382511666,69.34932443199786,69.20645732531342,68.93930915804627,68.56143106769797,68.10521812035118,67.61745866404193,67.0990628180392,66.57105006406977,66.06282857924506,65.60422858882514,65.21362418145095,64.88952228786276,64.67157526528655,64.5102298971992,64.41447721979567,64.39168473210796,64.44239154580927,64.47436289535636,64.61645333317095,64.7781061811694,64.99294265513655,65.23834507911992,65.50574155948566,65.8859175114997,66.16260671355576,66.44062814232142,66.70007418613324,66.93267925701932,67.20935920855447,67.42758116887482,67.60780570147818,67.7498149384689,67.84750379744209,67.90802141360359,67.93885594942115,67.94687715282741,67.94343877045387,67.92995634857135,67.91902353208062,67.91668505674902,67.90965029881728,67.98101675733758,68.00647126696116,68.12473687571566,68.24914247885458,68.395664142364,68.55979007986282,68.7382673757212,68.92924333850287,69.1274736024383,69.33997559531552,69.56027728397657,69.7867716378121,70.0201330894552,70.29499590700743,70.49559197210478,70.7199127745295,70.93988160835877,71.13810238834508,71.30512973376482,71.42164972347143,71.47884390538233,71.45867178583929,71.36698581322075,71.25238188264305,71.20343052431794,71.18152612643317,71.27419235931937,71.45079257468562,71.72114675036346,72.02293189257954,72.41981290673006,72.8748673239964,73.35920985043605,73.85838992794875,74.370757835015,74.87590724909738,75.35073706028467,75.74878875922178,76.07721917635574,76.32321797004576,76.44920615977439,76.4621438257755,76.34266575315262,76.12139347854588,75.85763278948642,75.58321590977602,75.36183095152698,75.27923249076439,75.27998060636752,75.39872828636356,75.60289676982174,75.87527026748917,76.1837590634088,76.50180636857323,76.80647903772207,77.08210861797257,77.30344703937624,77.47667169573573,77.52544533725535,77.48639074335293,77.42968354774857,77.2405804940317,76.97723776935875,76.66140181149952,76.30740195178507,75.92617783651757,75.5449190286477,75.15363689384573,74.77420688167733,74.41921699790745,74.09858852890723,73.82395411083523,73.51067548420497,73.3017857767312,73.1429377029036,73.03441745364155,72.98250794581926,72.98266822468763,73.03684449276838,73.13258763246998,73.22896324006048,73.27303244941061,73.21440237458313,73.02946097201324,72.70729811963527,72.27179655915573,71.75213705567256,71.17293489514729,70.54172025095936,69.8760082653433,69.18978714330177,68.5114116416049,67.88035075356571,67.34003655058986,66.92239314505886,66.6322675577714,66.47177736660208,66.45578141416314,66.52539619619009,66.69477077620411,66.9337288893394,67.24689286314933
50.670741780384816,50.92281260566671,51.25479850586822,51.469449257828664,51.6789895660499,51.9294663629317,52.12462978835034,52.28002284198335,52.405974408615485,52.50362098788273,52.56873500918566,52.59930268538203,52.59055526341198,52.541193623596655,52.45342530540354,52.3432716066975,52.208520580000915,52.062942108648706,51.911169049077614,51.76883745248157,51.63463140646856,51.50686644792032,51.39032003238408,51.28748231627008,51.25213989214115,51.14477977265477,51.08654309875557,51.022570272714496,51.00694778780014,51.01916084229396,51.06124253812713,51.12643113811055,51.2086631064499,51.30334408240083,51.41479584071287,51.54124184252055,51.669116216752236,51.80354583649737,51.9482902972967,52.122084334237,52.330501524885776,52.5370863240487,52.750953644862975,53.02679438931255,53.212782265355564,53.40466149332872,53.60493031374541,53.844224999158456,54.04143377525864,54.21319986062576,54.351884377359184,54.46056460504377,54.52629136833343,54.541716004072754,54.504648989310795,54.419221332914965,54.285071092821944,54.10065681965665,53.8672613414228,53.64751306977311,53.47870975694057,53.31926666681106,53.22223491260576,53.2057322641631,53.235107705784486,53.31986469413717,53.45188145175207,53.62791034324531,53.887952711512646,54.22924033033214,54.50960603334389,54.735753043977056,54.78434118214376,54.82897788903574,54.761118770098534,54.59825052509655,54.3452238405166,54.04408474245369,53.73454039735293,53.4213600234623,53.1084680981883,52.80489390894084,52.52231340568169,52.2766506427308,52.08568939769853,51.94405930013576,51.84895793741781,51.79863625923501,51.79003849406371,51.817948538804494,51.879839728187065,52.03664052590116,52.1794958378187,52.34529963802544,52.557896808109554,52.76213955049888,52.98114891917211,53.2202679595742,53.42447775149825,53.68783081107525,53.95694598952825,54.29620915237486,54.588952510756016,54.89910694960221,55.20994814883978,55.5097727262663,55.8018172828284,56.08627564225839,56.361110089241826,56.62949829178763,56.89262288502107,57.149608698613726,57.39505752003963,57.688315436782574,57.92699064810431,58.14901427263182,58.3553289032634,58.54390865182487,58.72050657020603,58.89255516750983,59.06620872254736,59.24293591340302,59.41728313736317,59.581395353678076,59.76204317862333,59.91878800662324,60.06499869826736,60.21855999404373,60.369462619563905,60.519586244451204,60.7279670517226,60.9455284741118,61.17812597547196,61.38767505782857,61.59719029341107,61.83754834349964,62.060007368246865,62.301296594944446,62.564572193304194,62.82663970638245,63.081206551652976,63.349163794616764,63.63365028066356,63.93784498180537,64.255516521216,64.64465156052529,64.94678802666674,65.27818059833837,65.61876870041674,65.98773912713538,66.36108801145923,66.677698434493,66.92422631436025,67.14335024168082,67.37638014291909,67.65558011478711,67.95243675174851,68.29108423486578,68.69498747392899,69.11490181486012,69.59760696390192,70.13471856652028,70.67163802899066,71.20074322819485,71.71915157028116,72.27600270070963,72.84878010262328,73.4289697933711,73.99884231358466,74.53955317145798,75.0460718583892,75.49315344766732,75.85123832686098,76.10755073217017,76.2581121119978,76.2856645938536,76.17864151181789,75.9561621236264,75.67331444398387,75.37213521651238,75.10971371213579,74.95622527750153,74.94549899977727,75.06122792067268,75.28980150728039,75.59939359330627,75.96957938852749,76.38827750056913,76.780177189374,77.15215071572379,77.53470447343658,77.73719207203534,77.85398341886895,77.95674293874656,77.94012000648688,77.83574724961532,77.64304953307064,77.36397282672627,77.02558711903956,76.66228934020302,76.30337206287918,75.95108124409892,75.67370726167084,75.45115311021209,75.26816161017473,75.04690003435977,74.94909649877553,74.91018409399331,74.92731022061383,74.98760220157617,75.11620945944773,75.27308643140147,75.44940777201414,75.61713083902556,75.80022686407848,75.83255830013452,75.73440086737756,75.60794691194398,75.33781220607844,75.01442612526579,74.55516590712361,74.02468213381353,73.45982104525943,72.8841465655226,72.33193648760455,71.82859232818085,71.41852376909644,71.13141108802597,70.97939485258729,70.9216877079126,70.95396690139704,71.08090315719183,71.29787099262597,71.57350758946986,71.89247096871162,72.22536731663341,72.5922484284962,72.84547019019442,73.13366616832717,73.31185927895864,73.37020616019703,73.2781787808846,73.07280086201594,72.79780262022882,72.49958798061998,72.24052247824638,72.07760634093775,72.05865954258242,72.17588118249483,72.41707547654121,72.77474293032054,73.20054584073863,73.64884284646332,74.09251043524864,74.4942596492567,74.82284763980728,74.97882294012015,75.09408711406252,75.06126513578901,74.93332699037084,74.70408409394766,74.38178315224071,74.01786462417788,73.63199530860157,73.20487991493525,72.91118054734228,72.66164431623635,72.42507537919506,72.26536410418501,72.1559608123833,72.00418512820573,71.98208565403917,72.00586651721544,72.0641154155936,72.16527762429617,72.34701547663659,72.40755077852113,72.44207588855551,72.43809239195235,72.48414242873237,72.40408677573117,72.25052273315482,72.01620006088886,71.71817565843644,71.37790468519987,71.01059009020602,70.62303145897403,70.23987638092454,69.86793247600909,69.57538321944033,69.29350606392423,69.11876977758143,69.03024140160053,69.04996216648003,69.13782950808577,69.26676644027219,69.39696081363245,69.47981801145633,69.38581180695334,69.26739111297479,69.02080131497426,68.66110247812682,68.21874918766783,67.7390882729147,67.22208819125682,66.68874576354712,66.16897594925182,65.69354134205155,65.28310331062848,64.93828391148402,64.7011848357891,64.52047520634801,64.40641062234216,64.368851629625,64.40496583791592,64.41862688697472,64.54991893202971,64.69814946357384,64.9040669363379,65.14284543554359,65.40541532459008,65.78572493257388,66.06305648020229,66.3446620311728,66.60992043399227,66.85016293511183,67.13637640554688,67.36466552660711,67.55480414884515,67.70690204758739,67.8139294705216,67.88250118036538,67.91914479819567,67.92966671862995,67.92606196243098,67.90928244687474,67.89319042143366,67.884084102173,67.88882424568673,67.934059066944,67.96678591700126,68.05584327729336,68.1712914552688,68.3095811078901,68.46644941979649,68.63881038131542,68.82498961447342,69.019311412867,69.22998138990701,69.4497783532559,69.67699098160251,69.91264407170485,70.19146274835698,70.39667474011628,70.62838691061255,70.8582371939829,71.06889325858359,71.25148816634402,71.38564773821363,71.45980574304147,71.45080200480466,71.36070438035041,71.23651038583705,71.17882779852859,71.13832189589604,71.20144168493492,71.35386094988401,71.60377628082378,71.8803518300529,72.26749664312415,72.71783556257539,73.20238671361422,73.70630312742811,74.22822035874424,74.74695439202807,75.23924517127007,75.65667884378163,76.00768676551972,76.27923318582967,76.43257392808071,76.47255331801823,76.3756842017595,76.16429817513924,75.89902865846956,75.61124465929178,75.38793118726109,75.26180528143877,75.23794469313516,75.33734391316153,75.52741594672872,75.79216066499639,76.09866054254869,76.42077209879777,76.73544070680244,77.0266112414293,77.26758259469753,77.46191015236677,77.53155317854477,77.51281037190418,77.47590860294822,77.30490899516411,77.05732918966677,76.75390998578244,76.40832542742505,76.03148020904419,75.65049974095933,75.25620310032232,74.87096527502743,74.50754146375101,74.17858427157276,73.89199737535309,73.56073090408945,73.3381391984617,73.16632742270365,73.04630834996057,72.98401894031551,72.97572589012783,73.02596320900535,73.12337761322408,73.22767912254936,73.2865816873805,73.24897118045462,73.08751592950712,72.78769376999006,72.3723364429646,71.8697527489677,71.30448054169591,70.68238000317363,70.02081319152859,69.33156580366231,68.64114615929417,67.98872224511148,67.42144391342318,66.97466424340664,66.65553057689898,66.46616699013053,66.42826997549545,66.4768479158414,66.62703964804983,66.8479139482366,67.15071292935507
50.55954215526399,50.813936772822935,51.15171882984416,51.373630544231155,51.59237762725369,51.85351800397713,52.06076172644098,52.22821182643481,52.3666508049751,52.477500252922944,52.555604966214574,52.598731814734215,52.6021858314859,52.56381812519732,52.48567281690709,52.38285383430819,52.25261150881482,52.109039805182974,51.956249631059464,51.81097652135224,51.67190037244367,51.537324412769955,51.412698175605875,51.30097842235093,51.264859830655176,51.14157534792147,51.0736028621674,51.02177666776975,50.996773548362995,50.99686405740495,51.00593074899275,51.06159858473483,51.135468253064516,51.223200821957306,51.32782190748056,51.44683371753595,51.5681133916765,51.697155900378206,51.83729795284776,52.008570149845724,52.21736589427302,52.425393634247875,52.64220561638781,52.9218483375918,53.113672751299724,53.31395822706909,53.52385185821046,53.77284967227036,53.981235896599344,54.164792672613174,54.31587088259814,54.4385030923015,54.51950987421533,54.55136615845598,54.53061237403911,54.46013017694044,54.33805885519655,54.16144267619563,53.92984477284698,53.70822365876871,53.53700524240578,53.35940966877564,53.23676935990163,53.19197041902104,53.18976702469331,53.25226169596304,53.37013738338079,53.538882349468814,53.80066698293837,54.15393032009567,54.451123631384334,54.69732491581114,54.768613520968806,54.835884366128354,54.79030072749749,54.64726434831044,54.409959634530054,54.11885156092781,53.81331360082898,53.49885558326574,53.18030961521822,52.867525566878676,52.572960022138304,52.31338598189386,52.10774732561033,51.95088016268696,51.84019177267425,51.77376216468237,51.74916319370263,51.761862395422355,51.80980376206727,51.953958527554136,52.084775801950464,52.24022202372325,52.44197744967371,52.63788453460381,52.85025723027342,53.084160603434306,53.28190289718393,53.54084061368827,53.80601298177021,54.14217233939492,54.43312659583664,54.742411360255524,55.05341418288357,55.3543382944083,55.64786749758754,55.934088216955374,56.211096091114186,56.481894972402905,56.74767257807546,57.00757919871178,57.2565437411604,57.55285649264895,57.79520337573718,58.02054868083674,58.2300152427686,58.42137923604207,58.600397480797824,58.77449398858348,58.94972755233355,59.12760316560709,59.30218889907962,59.46599409925017,59.64495833375678,59.79868717366474,59.94000911801869,60.08708066389275,60.232573444458346,60.374457345297266,60.57626168524461,60.787306523715976,61.01530777844974,61.2195341565304,61.42516100767835,61.662530102463826,61.88238612673169,62.12054319561527,62.38246690958955,62.643476804378054,62.8977809668114,63.165152013444164,63.44992899977741,63.75534331016158,64.07515674042506,64.466639840344,64.7739905399196,65.111718223567,65.45940589394718,65.83775757203131,66.22360764477357,66.55244170811304,66.80801444819265,67.02969326840392,67.25813231884331,67.52880992660715,67.81290246020477,68.1404693389126,68.53509679854893,68.94380668036004,69.42016633739175,69.95242755046253,70.48653022668863,71.01519881306893,71.533665272251,72.09399974389132,72.67260228825923,73.26174181946908,73.84402954604957,74.40071776435214,74.92756002777715,75.39850402255001,75.78255125906544,76.0651781490851,76.24120614635865,76.29218426019092,76.20486485483013,75.99364414695754,75.71106172128262,75.39769495801548,75.11354071925834,74.93438587498684,74.8980149819456,74.99089115428652,75.20136465122621,75.49986367835443,75.86551622744425,76.28696198311928,76.68814674200321,77.07561411533752,77.4770363154102,77.7010847524853,77.83981395163701,77.9643996838975,77.96880168872835,77.88325632929558,77.70602503121604,77.43811656992291,77.10621778395479,76.74464205118763,76.3827291570579,76.02354419407956,75.73752424094974,75.5022031597774,75.30454458356954,75.06635696365863,74.95268447257125,74.89928231130905,74.90424969514515,74.95331414808257,75.07654913462142,75.23327386117138,75.41619171172164,75.59668915142363,75.7964178983103,75.84947831559761,75.77604987400798,75.67169473289673,75.42020379441938,75.11975936729782,74.67506717248686,74.15041103853288,73.58313292656071,72.99767422456213,72.42998375327053,71.90594516405066,71.47260660370739,71.16094380512537,70.98498125223573,70.9041444371588,70.91554493182085,71.02531461995312,71.22905989477702,71.49538701130814,71.81070517988253,72.14546607041909,72.51941014395382,72.78632354667691,73.09219370305738,73.29194990371445,73.37247315998341,73.30208588517254,73.11248708994307,72.8418155174035,72.53457363764734,72.28357662404815,72.09420994726133,72.04433372431309,72.1136913705044,72.33555105062106,72.68046332088656,73.10050140193177,73.55078018344,74.00518523165755,74.42487614333723,74.77703693974405,74.95976324103115,75.10052226513054,75.09108245423351,74.9830980317165,74.77090393006601,74.46165587820038,74.10357418327004,73.7170626281264,73.2848078429638,72.9814296019819,72.71820100135007,72.46939227568942,72.2957010038063,72.17322436013596,72.00745514882445,71.97577654997552,71.99268328042461,72.04677167344,72.14836585195143,72.33248098453853,72.40118774538011,72.44774227654129,72.45833299029981,72.51880583308984,72.45375482475501,72.31481819849226,72.09418190474217,71.80713661419531,71.47427604929003,71.11038351174086,70.7214107677722,70.33292099519404,69.95032709819651,69.64559864249378,69.34505581030338,69.14926493149748,69.03682622447508,69.03797894923999,69.11542066981886,69.24493998238027,69.38512945380403,69.48593581374773,69.4167135311277,69.32219469138367,69.09663724365025,68.75616432588383,68.32921542988585,67.85943991129669,67.34574242221699,66.8089143307694,66.27916421215537,65.78798021708131,65.35836381725655,64.99349382450768,64.73690167902083,64.53674579932513,64.40415244634431,64.35102839265245,64.37139486659095,64.36770891091616,64.48722675167974,64.62188515919715,64.81800772543026,65.04916924947237,65.30599524550938,65.68305095574131,65.96056033560005,66.24552711106871,66.51655588552352,66.76461814250594,67.05907620263179,67.29706500091407,67.4971250225768,67.65955034620744,67.77654307103272,67.854151365423,67.89782529635028,67.91209199341576,67.90944134921311,67.8905571943072,67.87034454039392,67.85535146108198,67.87414296557127,67.89156383534954,67.9342037252662,67.99224969839051,68.09845512843764,68.2280527168627,68.3770755964024,68.54264740259677,68.72329850412267,68.91307739084777,69.1210656292629,69.33943923974837,69.56638041395226,69.80322601419856,70.08400384586847,70.293720653206,70.53214382635112,70.77124968205834,70.99410465407391,71.19247028951754,71.34518015557309,71.43782216757258,71.44237244082132,71.35680760974691,71.22561959335825,71.15942141286085,71.10172185770179,71.13414411311251,71.26152830268956,71.48999580485153,71.74205168843442,72.11816959823734,72.56240661638913,73.04578338489465,73.55312392169229,74.0833291143177,74.6144494516605,75.12295075651603,75.5589549692474,75.93169103801185,76.22813421259515,76.40898316352418,76.47709338700557,76.40499953113769,76.20635546889831,75.94243846952104,75.64393018994579,75.42181480744209,75.25063675754566,75.20168637591833,75.28054774901555,75.45505398247755,75.71032378488503,76.01306838056948,76.33767448983741,76.6611069791241,76.96681366204878,77.22677509247224,77.44145879478103,77.53251063776781,77.53486034709968,77.51699365890872,77.36446678312267,77.13321915812551,76.84299346994463,76.50683190356301,76.13553857254246,75.75603866337235,75.36022760795863,74.97069886837872,74.60011314890369,74.26314313096998,73.9642518707953,73.61654850999304,73.37979216577843,73.19428242720153,73.06195118288241,72.9882388102151,72.97035602293285,73.01529145316452,73.11297335624555,73.2239912813699,73.29702306718293,73.28047877034577,73.14294412951317,72.86594305507546,72.47122190124664,71.98619904366699,71.4352158757078,70.82278595465968,70.16607959399155,69.47495932737957,68.7741085858928,68.10206247442784,67.50895591043043,67.03345107031237,66.68516087409844,66.46661444289475,66.40582086651824,66.43299591341022,66.5635245137182,66.76612745856278,67.05768739161067
50.446746592120746,50.70219038369905,51.04336819324836,51.27236949748656,51.50029065706029,51.77090836936785,51.98990015192663,52.16928033540334,52.32019222127369,52.444399207367184,52.535706150058125,52.591769429494,52.608133703288345,52.581836477206345,52.51470821172089,52.420539838190884,52.296281476757095,52.15613961990829,52.00379155010539,51.85666549612117,51.713550893517215,51.57289330845624,51.44075337154005,51.32056540765158,51.281781631716875,51.14433963653708,51.06691202631309,51.02862931561416,50.99439229146961,50.98219489723422,50.95758715547192,51.0031895906801,51.068178730209304,51.148545967398896,51.24571297996712,51.35626180164322,51.469903739726696,51.59256661633215,51.727275104345914,51.89504301612617,52.10342431138916,52.31198800464227,52.53075179696434,52.81155737240359,53.00897777722409,53.21769295587272,53.437246107550855,53.69474976814013,53.9136578782849,54.10847504182902,54.27170599337459,54.40813246198404,54.50463961002651,54.55363760575403,54.55040778227601,54.49645990424644,54.38847212533439,54.22211108314293,53.995258736472785,53.773682443804304,53.600102074346054,53.40537951313324,53.25747479009169,53.18376329037384,53.149776268539156,53.18875684992779,53.290624936080775,53.45035474462647,53.71201829124898,54.0752195575013,54.387817318756724,54.652222644669834,54.74718591357367,54.836380916092224,54.81342820372588,54.69115149006672,54.471044809017144,54.19163343076052,53.89155054901739,53.57710593211421,53.25411349504943,52.93327917349083,52.627859211875375,52.355405396425425,52.135749994056404,51.96402773981441,51.83789776665332,51.755372897291366,51.71468965834745,51.712064958089385,51.74594072917646,51.87560265281658,51.99381960989153,52.13875573545408,52.329028682184195,52.51608706524703,52.72144367736678,52.9497885049759,53.142215018154275,53.396232796881996,53.65690222333709,53.98777843636121,54.27662979360237,54.5848069146497,54.895794268717786,55.19774842638458,55.492707329270004,55.78063519840815,56.05981318661742,56.333050108509575,56.6015461120688,56.864447435721765,57.11714435111865,57.4152315843083,57.66113743927316,57.889873284078796,58.10264727271126,58.297097551105736,58.47898161761351,58.65570991875605,58.833242444726395,59.01303760956544,59.18877510574707,59.353338355459925,59.53074660527937,59.681486324567125,59.81781587831317,59.95811818487385,60.0982782717322,60.23294066884271,60.427909028464214,60.63201501370025,60.854277340684206,61.05264116850824,61.25406371316403,61.48818073487689,61.70538205848497,61.94083331126162,62.201370956466064,62.46129047947967,62.71525819936788,62.982065459789446,63.26701846418277,63.573283163199946,63.89470142004626,64.28627497882036,64.59893094553618,64.94230146309539,65.29617960839583,65.68334653757144,66.08201711911063,66.42471789968407,66.69141696520042,66.9175995493946,67.14298383422337,67.40530202409165,67.67623873584596,67.99183845691887,68.37661383864251,68.77458214532247,69.24435284623569,69.77152811666798,70.30271180500357,70.83072166964521,71.3493808005474,71.91240949402159,72.49579939039853,73.092590131249,73.68593777533121,74.25744573312501,74.80348202162064,75.29744386101966,75.70695396053067,76.0156193843845,76.2173665152529,76.29285460576784,76.22716699157739,76.02999290712009,75.75060175731436,75.42762429304784,75.12365303473857,74.91951665949128,74.85711739553885,74.92598162218925,75.11676769758303,75.40242822935933,75.76176779024742,76.18423683171612,76.59337214257964,76.99502481671479,77.4130606542698,77.65905280022959,77.8203943338706,77.9658964728486,77.99148044241507,77.92525160282807,77.76437548080622,77.50896623515911,77.18522912790195,76.8272356871364,76.4642376792554,76.10028315425274,75.80608795988464,75.55772406241077,75.34480698162855,75.09121188006912,74.96083548215462,74.89182574954341,74.88340870890873,74.92040292861516,75.03663008269483,75.19174093583769,75.3799324151672,75.57210305310076,75.78627009248346,75.86041047237214,75.81261303257098,75.72963958985785,75.497980244129,75.22024940001158,74.79124242377866,74.2739250502751,73.7060404855606,73.1128857875848,72.53166062831814,71.98871663415204,71.53315412355836,71.19724063645134,70.99693172917546,70.8924656510709,70.88239181928287,70.97410561814941,71.1632271516913,71.41874056370233,71.7286140028331,72.06349454586179,72.44190715037914,72.72258761386703,73.0444852839147,73.26531237146635,73.36842413674137,73.32153764086891,73.15033355737673,72.88707862297386,72.57375509021993,72.33318967065344,72.11870442163574,72.0378072951559,72.05796212822025,72.25884886357345,72.58877689809788,73.00061417949273,73.45060347289767,73.91385017819981,74.35019362799079,74.7248812338924,74.93516345757781,75.1005236342441,75.11492730460913,75.02749818706583,74.83343068488377,74.53895998464264,74.18851478544805,73.80317131105204,73.36871406467279,73.05564126884303,72.77819808581808,72.5170658334803,72.32862220777562,72.19219513313858,72.01414038827335,71.97204073843017,71.98104206643599,72.02992683949458,72.13033812649192,72.31351981280403,72.39023557914825,72.44900002965126,72.47463860538434,72.54762069783486,72.49754691158046,72.37360910494019,72.1675495840617,71.89277999938973,71.56885071468396,71.20999918011941,70.82141929009511,70.42919600404444,70.03770476903085,69.72102494723951,69.4031888905235,69.18616338559715,69.04893295125557,69.029021956362,69.09311686353317,69.22047720035376,69.36832664177105,69.4853051883381,69.44176897301234,69.37044960084451,69.16632548435449,68.84608890690276,68.43609814855135,67.97804241935816,67.46963658262453,66.93127460940599,66.39323058699536,65.88749097544932,65.43944418883491,65.05530030516975,64.77888102784506,64.55924607573223,64.40794600191848,64.338411730858,64.34181238554565,64.32194156014219,64.42864902143485,64.54965837881929,64.73508074711557,64.9575863922501,65.20771165040685,65.57782846364151,65.8550311121674,66.14312307067746,66.4198714561934,66.67593450547753,66.97719929753671,67.22444691980576,67.4343932945879,67.60735240672456,67.73493600419319,67.82259434781264,67.87457850164257,67.8939095439112,67.89340886533653,67.87371659268257,67.85052207643572,67.83061956457846,67.86428313886604,67.8537401634677,67.90750964253155,67.9343674981872,68.03106360819378,68.15151095045853,68.29208822934841,68.45017458639163,68.62453311216198,68.80911250456762,69.01351489032447,69.22948165007823,69.45508660265193,69.69193249668926,69.97249111809761,70.18658992498924,70.4309601460583,70.67859924358996,70.91333500277312,71.12760217382073,71.29973971682476,71.41239224423146,71.4329857804428,71.35509731749147,71.2197497259525,71.14516456460169,71.07137343419022,71.07244772814079,71.17398481111556,71.38002564177863,71.60858174636111,71.9723432781062,72.40903300703359,72.8897807810422,73.39915613642101,73.9362995336667,74.47851078958283,75.00184907515367,75.45551676070374,75.84900085951175,76.16954402194365,76.37794619373541,76.4752230173777,76.43010342496578,76.24720504361203,75.98770987509319,75.68138314477424,75.46225216681063,75.24615786162411,75.17171555481099,75.2288518299222,75.38629114258465,75.63015100737282,75.92728058732624,76.25271526815922,76.58359082147959,76.90273672220125,77.18096376982449,77.41515390764492,77.52815386475868,77.55238690385076,77.5526422437949,77.41890785270887,77.20452486418255,76.92825551812426,76.60254297129156,76.23802228062027,75.86127755776592,75.46557221779177,75.07340909420006,74.69706781980304,74.35242484976814,74.04087747620395,73.67854230132154,73.42717505671838,73.22722801035688,73.08175859413254,72.99554917939592,72.9669048208069,73.00510806647407,73.1015689698642,73.21801140406565,73.30440727265763,73.30895491973655,73.19576827185942,72.94204519605721,72.56840445297934,72.1013593408761,71.56492413783812,70.96263991370887,70.31144199859816,69.6195989101994,68.9100134525742,68.22023758109023,67.60257371187014,67.09884838355178,66.72130705303962,66.47332733963461,66.38859474369983,66.39404691731622,66.50447311784998,66.688711369179,66.96813903405264
50.33250486051567,50.5876332794276,50.92960658001448,51.16551175079268,51.402562960776415,51.68135100258453,51.91169949688366,52.102834554202516,52.26615864428452,52.403839255670185,52.50852141565598,52.57787131480981,52.60785062493394,52.594727387107966,52.540063543758045,52.45591282507458,52.33919193444662,52.203987277090675,52.05364862526753,51.905840431783666,51.75958775332889,51.61365059281935,51.474628795864625,51.346443697839625,51.30280730095997,51.15328209573389,51.0667380678083,51.04169939202155,50.99837366878026,50.97393557886609,50.91674298713025,50.95173075470746,51.007316488522655,51.079902209503246,51.1689751663624,51.26998249683213,51.37488973862154,51.49012779787027,51.61853637917066,51.78176090472857,51.988888845648106,52.1970211011705,52.41667194920098,52.69578128044853,52.89854085768728,53.11570232143668,53.344940871133254,53.60963637737057,53.83832785806456,54.043796808725126,54.2188802555624,54.368873446823414,54.48104877712895,54.54787219386105,54.56338423724941,54.527595329314245,54.435774163872445,54.282259892962365,54.063310653494575,53.84380962072265,53.66777535012903,53.457105516623315,53.28445348038516,53.18133864599885,53.11562445839907,53.12988152882264,53.21380378988524,53.36270235973325,53.622256372736935,53.993184618008485,54.31961971421526,54.60016467278953,54.7197834730336,54.83003148836304,54.82997782972599,54.72934276810573,54.527912900332765,54.261900473421115,53.96876413980833,53.65567707938823,53.32951224008456,53.00186793090172,52.68681890997428,52.40261795991602,52.16968719438744,51.98355533302743,51.8421783172444,51.74361448620831,51.68680214877433,51.66877619483923,51.68850318368989,51.80168848612082,51.906731505889496,52.04101490305138,52.2191485684691,52.396832267470984,52.5947843864515,52.817219010912,53.00563784032217,53.25420825800092,53.50978624911256,53.833020219205586,54.1194436109132,54.426265956160336,54.73705317251976,55.03996424631531,55.33629414010402,55.62586960916657,55.90721197566781,56.18291269210735,56.45419180560538,56.72016058528192,56.97681116390617,57.27526475617653,57.52458768758241,57.756770640699564,57.973000382157494,58.17084409003988,58.3560571783027,58.53603157620108,58.716625607626824,58.89916014233009,59.07703101708842,59.243502367810116,59.41948910389326,59.56727077816796,59.698505318276936,59.831753924658564,59.966671906128006,60.09527250628127,60.28314809494459,60.479882061803266,60.69516396102408,60.88709822440885,61.083989471238915,61.31458036408477,61.5290873905265,61.76232723648678,62.02145482349475,62.28026103695372,62.53382198543089,62.800104380237315,63.08512081151092,63.391841462919714,63.714285274388736,64.10349970288519,64.42154889182173,64.76979016934229,65.1288456723257,65.5241683801312,65.93593450578196,66.29421017751282,66.57422964997751,66.8069977564303,67.03100050196475,67.28514137890105,67.54253798870079,67.84522911307897,68.21956510039604,68.60741228418692,69.07038668024667,69.59228007506024,70.12049183923075,70.64764943609849,71.16670704312908,71.73161312119619,72.31870096272709,72.92176118664953,73.52471333568305,74.10978682792248,74.67376976571866,75.18978851774048,75.62415046610028,75.95846228549021,76.186093963023,76.28714692526042,76.2450484601907,76.064839140659,75.79175812630062,75.46197530240802,75.14033350393079,74.91205165411515,74.82331398329639,74.86701471734779,75.0364931900463,75.30750694196725,75.65867287530436,76.08034606155637,76.49600990352289,76.9104235444387,77.34260925726956,77.61092152926365,77.79555400327135,77.96091354740796,78.00776895286349,77.96130082830824,77.8176590260532,77.57611586702711,77.26229500168948,76.90985993074811,76.54783263256587,76.1814215552591,75.8795573489645,75.61787962710316,75.38910672581258,75.12184775775427,74.97393184560009,74.88817366166883,74.8651130307181,74.88921618550805,74.9967171660994,75.14866783006411,75.3407173594234,75.54336563062039,75.7695678245509,75.86512755476515,75.84386704423297,75.78141195895965,75.57081964131253,75.31537471616325,74.90313805902073,74.39469703051005,73.8281003710794,73.22948303980039,72.63683047555965,72.07695705898382,71.60035688258701,71.24058672133506,71.01557467500528,70.88702360171453,70.85491682988635,70.92769120381647,71.10074192729137,71.34387997784656,71.64640405071268,71.9795402544829,72.35961074241,72.65412169174668,72.99021398903609,73.23149607767925,73.35753569106129,73.33603497633456,73.18593259647714,72.93337100968839,72.61715335458405,72.38761525669969,72.1495481186471,72.03789416315155,72.00928292422101,72.18752615924855,72.50014590780316,72.90121757024947,73.34850782677199,73.81856351406071,74.27015854922028,74.66620108006225,74.90484930010155,75.09375952393681,75.13241995159864,75.0661080628545,74.89124216545217,74.61333093766315,74.27241475954588,73.89017477847042,73.45670568268125,73.13393277048468,72.84174572583089,72.56822332040075,72.36424003648958,72.21296565392862,72.02458621624056,71.97120808557615,71.97123507318135,72.01383226455408,72.11133116793265,72.2900049508308,72.37455245629505,72.4457017004025,72.48686472580582,72.57022743764792,72.53504115918585,72.42643586680042,72.23584208120442,71.97467996443046,71.66126641154435,71.30916091538585,70.92290886009243,70.52867862670396,70.13021972195371,69.80184466349448,69.46829654568074,69.22994935371271,69.06712348065113,69.02355443135954,69.07121806892862,69.19349047279805,69.34647377832842,69.47766409157465,69.46071750109873,69.41173738166161,69.2293745773671,68.93034851711757,68.53887864521035,68.09442463726947,67.59338174418433,67.05554544312638,66.51101229281139,65.99201937869053,65.52638291286327,65.12385163170633,64.82727811512504,64.5881804351709,64.41803459918094,64.33119835390934,64.31635214849142,64.28165742761423,64.37445797060879,64.48181423322036,64.65560172609575,64.8683667352206,65.11079486744583,65.46999033891402,65.7463816423226,66.03734959866728,66.31975806146848,66.5840016503025,66.89048638798921,67.14647861129214,67.36623393679326,67.54990080153424,67.68869967522083,67.78745250657067,67.84908547183021,67.8748759368426,67.87779644533744,67.85869664381467,67.83375921703343,67.81002084376496,67.85792144596621,67.82079715221204,67.8854886195729,67.88260803586363,67.96954700436997,68.08038778985429,68.21190693830243,68.36178807952633,68.52905654330281,68.70775772221369,68.90761575003303,69.12012729086969,69.34325621549219,69.57881709892978,69.85679648360014,70.07514276908131,70.32461249404716,70.57996604958271,70.82618273263829,71.056409889789,71.24881916324371,71.38301503827391,71.42224471022263,71.35537531966533,71.21894100436567,71.1360104510379,71.04692404770113,71.01650061430824,71.09142065317528,71.27408611093703,71.48049228247014,71.83052918876714,72.25816725610473,72.7347598188217,73.24470359729386,73.78734704872252,74.33925676738315,74.87593538631418,75.34626384323538,75.75938509569905,76.10308558547666,76.33897534634504,76.46640119377487,76.45048756692236,76.28648658306922,76.03469052763826,75.72371416681338,75.5080136201074,75.2487995362131,75.1485421299072,75.18276819187793,75.32160769256656,75.55203371267754,75.84159517267409,76.16609616023028,76.50300520066139,76.83440126425691,77.13008786387833,77.38283177562496,77.51831900935167,77.5652362770688,77.58255788577165,77.46788619872429,77.27086349728535,77.00929938445971,76.69508022170338,76.33860068688551,75.96595818601918,75.5720987308588,75.17909738496027,74.79854124288669,74.44658917063653,74.12203407062115,73.74712627748086,73.48071824931874,73.26558946612917,73.1061432254365,73.00633167173609,72.96571848145422,72.99569189016222,73.08935856240997,73.20985117818022,73.30878498764417,73.33442940410694,73.24601105637396,73.01599941410103,72.66383561714024,72.21511704170058,71.69338856874212,71.10164368861257,70.45653493121445,69.76511574786768,69.04857529051165,68.34311370467408,67.70229848800079,67.17095094090054,66.76411771739237,66.48651329508995,66.37675226350848,66.36020765597898,66.45013320508583,66.6160076289463,66.88239064081752
50.21696673000941,50.47032530114119,50.810293974076195,51.05290293734745,51.299028843708754,51.58455944710784,51.8258141933884,52.0284806681459,52.20411006078089,52.35534180228671,52.473533617947794,52.556493255830134,52.60078834253726,52.6019695623864,52.561270866931714,52.4885560016882,52.381004332502336,52.25232850099608,52.10567467559808,51.958437383335024,51.81001573551827,51.65967372369939,51.514467624257634,51.37881371858273,51.32783884401811,51.16861218274412,51.07334846326872,51.05955807276568,51.00728733195517,50.97086831938486,50.88392947353331,50.90774867557806,50.95340347864305,51.01779223904804,51.098114574856254,51.188452205092396,51.28347386607972,51.390189258503604,51.51139640470154,51.668981787303125,51.87397156646373,52.080644589771076,52.30004583570632,52.574379848427185,52.78220550724799,53.00782296545801,53.24676395832433,53.51722059056452,53.75487397368759,53.97030781375334,54.156884215035454,54.320146779551685,54.44810557688458,54.53341177067126,54.56889076218723,54.55292126662503,54.479428231447685,54.3414869581178,54.133807945106724,53.91852538536651,53.739800167122326,53.51451699598526,53.31780770799117,53.1849242536735,53.08780061535008,53.07616710543886,53.14013362482747,53.27630002580413,53.53163096369465,53.90790207707676,54.24646343651406,54.54086944240667,54.68613131242391,54.81640003237643,54.839426236440204,54.761269000167815,54.57999744483185,54.329122810378834,54.04446727109195,53.73413503446829,53.40613835272624,53.07300504123564,52.749647051516405,52.45493274595618,52.20954871795415,52.00951624383527,51.853135822336895,51.73863296057951,51.665684925759386,51.63221607370557,51.63774367978281,51.73233161189917,51.82361573419196,51.947113656348556,52.112435171356566,52.28020526631812,52.47035548352689,52.68651946795554,52.87239508960047,53.114967894389565,53.36483759398029,53.67789046385989,53.96154955462918,54.26676082816305,54.57715566046683,54.880946878320735,55.17858529231785,55.4697444717805,55.753243058181624,56.031431715196064,56.30555797728945,56.57466582303049,56.835495993514776,57.13278005266954,57.385348969535166,57.62102330904066,57.84084996017354,58.04239934586847,58.23142236051511,58.41528757909207,58.599749248935744,58.78589166095305,58.9669458928266,59.13656038180353,59.311266940300605,59.45612585330489,59.58216377703612,59.70806925091844,59.83784915238825,59.96168914880664,60.14221789824888,60.331135785763664,60.538096938318205,60.72300745487902,60.91502934327376,61.14180911343347,61.35359434987611,61.585185265894,61.842889000236624,62.100568782066766,62.35365606110892,62.619469021372595,62.90443817939322,63.21119513132007,63.534043017761626,63.91825673946936,64.24178402708151,64.59404419472648,64.95715991429988,65.35988545608599,65.78497787609913,66.160601709906,66.45624828711793,66.69781656128853,66.922248134973,67.16841296269581,67.41189262879793,67.70067883158725,68.06397708999592,68.44248117139298,68.89848802923768,69.41494323556292,69.94017940466566,70.4663197506035,70.9860528879548,71.5519917955108,72.1416365589308,72.74950144360945,73.36050256135856,73.95779079889034,74.53835518587012,75.07535354737671,75.53384481061781,75.89329469982422,76.14688923401145,76.27453251334465,76.25800979880114,76.0978135841191,75.83435440246289,75.50080006689464,75.16386497218949,74.91242488195873,74.79711248795753,74.81450583272897,74.9610236723114,75.21551951182445,75.55657028098243,75.97553368783673,76.3962165372527,76.82185102309231,77.26551389166367,77.55651625358298,77.76512239754081,77.9491311493837,78.01727990538993,77.99097176383155,77.86543381116904,77.63915951011907,77.33708925612588,76.99230446472157,76.63344902008349,76.2670828277394,75.95809133867824,75.68283366284554,75.43760173758244,75.15864757087701,74.99235588098207,74.88868530065771,74.84968842938686,74.86010156109529,74.95707524726652,75.1042347185145,75.29863402156278,75.51046997054604,75.74609547246546,75.86340234708364,75.86958861016033,75.82664231633447,75.63840007207524,75.40461380850903,75.0102004762349,74.51219984070764,73.94886923193738,73.34716776641865,72.74535665780736,72.1707167590448,71.67440543473107,71.29126719910774,71.04123848132393,70.88819054115528,70.83352922973464,70.88648642899014,71.04197338549979,71.2711169849349,71.56428193667064,71.89369070780387,72.27239221468433,72.58078508029779,72.9290528965585,73.19005041781806,73.33928442353346,73.34507881993038,73.21887653940458,72.98047175029565,72.66478944698596,72.4451070208243,72.18519939288153,72.0434082363408,71.96824322708521,72.12214018149646,72.41503259585113,72.80264497102998,73.24468835699858,73.71938347842553,74.18471735302877,74.60081703606357,74.86864647894387,75.07989823674235,75.14318065988478,75.0985082655181,74.94391617882249,74.6844042033575,74.35500243439763,73.97792645147351,73.54888979960823,73.2164213294659,72.908954077579,72.62299200428377,72.40266681034477,72.23562844504345,72.03913800241422,71.97360845758661,71.96355449859257,71.99873929941529,72.09148169628857,72.26180938801663,72.35399655328986,72.43769984131222,72.49486684016414,72.58626646720948,72.5658156905495,72.47283889837469,72.2985983785273,72.05241065972832,71.7511608700339,71.40759253758438,71.0257313119139,70.63134608240091,70.2280261904067,69.88824032107554,69.54077001687133,69.2811070496763,69.09195971137082,69.02203961774606,69.05002426570513,69.16409217831863,69.31949226427092,69.46275047980465,69.47329848387832,69.4456395741393,69.28529306296835,69.00841545246205,68.63703822140884,68.20811540520093,67.7165889786012,67.1814456756,66.63234654864303,66.10151118833984,65.61921847684134,65.19929608235344,64.88224817372411,64.6237532772428,64.43466154824803,64.32958497147415,64.29514790913953,64.24718910629377,64.32492582851528,64.41869783318035,64.57988638707269,64.78178014972772,65.01547522478953,65.35946946419831,65.63452475848403,65.9281063837065,66.21610661681517,66.48870920325676,66.79867817171684,67.06282740338325,67.29227192110767,67.48678810303194,67.63742548933347,67.74834822073329,67.82102726467086,67.85474773893631,67.86243602375214,67.84543334951736,67.82009214966136,67.79368772974402,67.8537345672669,67.79294390249598,67.86692560716583,67.83738267059998,67.91433542679898,68.01511521622669,68.13695134293243,68.27788402882734,68.43723190225656,68.60935401197297,68.8036547853299,69.01159786874699,69.23103592026362,69.46393340067306,69.73679186093177,69.95923939909753,70.21287749463087,70.47503027104142,70.73224627162641,70.97841950795765,71.191911236105,71.34918961495576,71.40975191671431,71.35744343234971,71.22323364934364,71.13191226945645,71.02802112057444,70.96645085590343,71.01402600688202,71.17239753165867,71.35833357539856,71.69323883625671,72.11026188519855,72.58110141499797,73.09007012999055,73.63668709141643,74.1968057466496,74.74520494912875,75.231095841927,75.66261261225338,76.02838187479567,76.29158294898363,76.45008690083726,76.46564364068607,76.32383977105884,76.08322807960853,75.77103389909942,75.55786952207312,75.25899272385155,75.13267600130096,75.14280887087921,75.26148389793973,75.47636328101693,75.75631014646807,76.07801889251769,76.41946308346203,76.76182813058597,77.07408661175796,77.34432868338763,77.50284222138094,77.5732547016652,77.60644411300382,77.51105581597047,77.33185224688147,77.08572832308926,76.78406524589109,76.43694314494608,76.06982231001135,75.6796689481968,75.28776517312824,74.90466918459221,74.5457958362444,74.207881533089,73.82271443787674,73.54085212161652,73.30979208847796,73.13551771851972,73.0209679111136,72.96714320257905,72.98732176545721,73.0765362422127,73.19962229125713,73.31020689598233,73.35693199893694,73.29369518288478,73.08780493037266,72.75746691270683,72.32735554724607,71.82039240907497,71.23949908766211,70.60099291770634,69.9111410361303,69.18950863087854,68.47055698475481,67.80813140908086,67.24985350013431,66.8137414708265,66.50637992400074,66.37045408241245,66.33168485781817,66.40075252006653,66.54835818672575,66.80076499604179
50.10028197016262,50.350326289972315,50.68529035936716,50.934388690348676,51.189522611164016,51.480247246418465,51.73189867351719,51.94582486254707,52.13360645753603,52.29842825167146,52.430225611873254,52.52709103770342,52.58639860221288,52.60304171052594,52.577862235155,52.5180525747608,52.42138012154317,52.300909015890504,52.15972352014918,52.014392405770586,51.86483962372508,51.71104015893655,51.56041303239702,51.41787589554842,51.35677826652502,51.19053935480003,51.08701068931,51.08077653362041,51.019702932654546,50.971775335874845,50.859677844246704,50.871769952053064,50.906961651208924,50.96273874681096,51.03363731363855,51.11212732841386,51.196058599819914,51.2931008117432,51.406169808318054,51.5569636355,51.75888454324999,51.963010136382586,52.18095321908882,52.44721286304013,52.65981524046481,52.89389152963376,53.14254317849077,53.41721349832479,53.66292436290324,53.887557897365525,54.0852084176676,54.2613731929009,54.40517821065534,54.50959818407882,54.56627638031736,54.57182253066001,54.51889758869715,54.39939013107309,54.20655803250361,53.997749933578596,53.81595162269359,53.577543267958525,53.35763975011894,53.19474788117511,53.066793760469245,53.02814495256769,53.07007412094074,53.19152257385408,53.44039180041463,53.819448510165614,54.168281104407335,54.47405539575764,54.64595454481983,54.79505049756807,54.84125005481082,54.7863610039933,54.62673197886929,54.39277056310299,54.11817284075839,53.81204580673493,53.48362433537699,53.146403706617,52.81615157158316,52.512258828136446,52.25532435610725,52.04196377374724,51.870872679820195,51.74057434955123,51.65152225007877,51.60260456272204,51.593914771630466,51.66764761458399,51.74457653904658,51.85716612517904,52.00898655367467,52.16629118683088,52.3482330945923,52.55775722281959,52.74271049190206,52.978712603392474,53.22222879282392,53.522381946255955,53.80292913161032,54.10626387403345,54.416066498736335,54.720657446521024,55.0195381481397,55.31221280879981,55.59785703407513,55.87855616977547,56.155592945725296,56.42791032460569,56.69315065393624,56.98760151820314,57.24321613400157,57.4824138474437,57.70597139582556,57.91154381161552,58.104875361900376,58.29330654560253,58.48248557655404,58.67315306248634,58.85850899268451,59.03258664294292,59.206161225203545,59.34813686881549,59.468877593716876,59.587145531325014,59.71190481525545,59.83242688761253,60.00535745194029,60.186004303320075,60.383205571415324,60.56047099056553,60.74727439063942,60.96994710626886,61.17899516355355,61.40956769408657,61.66584397625272,61.92239402008528,62.17494416251047,62.44035962977997,62.72517270546102,63.03152109040025,63.35410936447406,63.730488815503705,64.05957599962075,64.41492339166672,64.78087816288145,65.19016012181123,65.6287653013737,66.02357566517036,66.33726866121573,66.58998463574676,66.81679254615354,67.05520174713634,67.28439506616614,67.55822513663816,67.90987631362849,68.27997288138016,68.72887708302163,69.23977740809968,69.76208357660359,70.28707025133504,70.80782722298329,71.37392668706116,71.96493573269557,72.57605736006744,73.19345178661119,73.8015073961745,74.39717020787393,74.95395450459256,75.43574102892681,75.81970447480838,76.09925307256076,76.25448266469658,76.26555154553984,76.1285469740452,75.87821416002264,75.54415066730627,75.19453028486906,74.92107036612232,74.77902065226164,74.7689703612997,74.89084168807379,75.12688563457726,75.45579880564895,75.87004372575396,76.29414855618862,76.72934797725873,77.18160632470634,77.49566228718308,77.72892895438058,77.930229520584,78.0196259853108,78.01383216749342,77.90725798036574,77.69769120902717,77.40928574201962,77.07435897175554,76.7210218449025,76.35739040233435,76.04184885951476,75.75274997862886,75.490449938399,75.2019942936004,75.01648990637499,74.89371991948246,74.83746067372851,74.83340669771096,74.91796918862757,75.05862177585261,75.25376987865785,75.47340915944116,75.71563741418004,75.85500763363464,75.88955443151943,75.86496113811462,75.70039962252244,75.4874451698051,75.11187607344287,74.62590634233779,74.06790371695477,73.46564175264946,72.85710253787354,72.27004605483374,71.7554903339282,71.34956720910056,71.07425153973017,70.89633872145876,70.81863828493098,70.85090634570626,70.98729069023916,71.20076331616156,71.48245427385633,71.80603341734609,72.18012286184,72.50243707950231,72.86067508461888,73.14052478734766,73.31314693474829,73.34817010001719,73.2487577183193,73.0281599175441,72.71668438367202,72.50391860166474,72.22411659892511,72.05316342276427,71.93543250539136,72.06324817416736,72.33389920809049,72.7052297786622,73.13934017551308,73.6163683104795,74.09381648541913,74.52854965970636,74.82638070444625,75.05860807519436,75.14682969415037,75.12427940149233,74.99103053204598,74.7518152478214,74.43600613883733,74.0662797511532,73.64537351807279,73.3032241683458,72.9799332972529,72.68149915296237,72.44401484973783,72.26027602902042,72.05814111648245,71.97957172063458,71.95829254060149,71.98489929487499,72.07092643157468,72.22880611375918,72.32842604660217,72.4248470048976,72.49850043705915,72.5953782012,72.58944862864968,72.51235861396478,72.3553574583873,72.12554623569407,71.83817182031528,71.50501786675915,71.12973847970922,70.73717559036349,70.33127840783143,69.9803944497996,69.62100054519142,69.34012068732008,69.12400354212376,69.02494075903499,69.02983543356262,69.13239469552092,69.2873035003934,69.44030230937537,69.47925128984252,69.47173771858196,69.33358948143838,69.07976200887002,68.7300581786929,68.31864356332282,67.83886935757998,67.30869415049628,66.75707057352992,66.2159121659322,65.71798936826886,65.28178193534717,64.94394643650557,64.66616900154953,64.45807015923604,64.33376829322015,64.27833342120137,64.21886918914227,64.2803248244681,64.36065428947921,64.50825045474836,64.69809650711528,64.9219830506013,65.24619872213394,65.51937329306998,65.81529311446336,66.1088080377,66.38994679061624,66.70151534644715,66.97316062408908,67.21213221944588,67.41760688361319,67.58070485174886,67.70490386933677,67.79008493792215,67.83328151691865,67.84715953511683,67.83386271160445,67.80955706179384,67.78175265361813,67.8503991831633,67.77038951523313,67.85060555608591,67.79910276157638,67.86585898531352,67.9561252107525,68.06764106290625,68.19885858112102,68.3494222937346,68.51424234203252,68.70191857315636,68.90411509033434,69.11857238475689,69.34733498167195,69.6123491686483,69.83874002865316,70.09553177212251,70.36347207897097,70.63112404769458,70.89315709886209,71.12850867668361,71.3104150395328,71.39511008647142,71.36110347162585,71.23266788163227,71.1328232171442,71.0143120751499,70.9224465372149,70.94199105024907,71.07518022327544,71.24265590378347,71.56098372661137,71.96576941591103,72.42918648633585,72.93555956019071,73.48453509367974,74.05127608897027,74.60965302272847,75.10991238186331,75.5584522748544,75.94505586150208,76.23528132928182,76.42573912320506,76.47506332993547,76.35890429136977,76.13317018345629,75.82345298466858,75.61059022744844,75.27716836707857,75.12462706908634,75.10948590292256,75.20640002422068,75.4035310926087,75.67172351856328,75.9886851914885,76.33307743667409,76.68503816355864,77.01289925058744,77.29948091559939,77.4815596506808,77.57628841255132,77.62400445365624,77.54807069924892,77.38710830241844,77.15714558815118,76.86911963494732,76.53271900840988,76.17261169162158,75.78814467084288,75.39941389117278,75.01558741135722,74.650204589261,74.2985797426496,73.90572078191511,73.60800705164884,73.36026117136278,73.17029471510776,73.03983952140646,72.97152518188557,72.98027653358729,73.06329611760226,73.18743643083995,73.30872368151178,73.37649247970653,73.33884335122,73.15746096603783,72.84924985865668,72.43795825861814,71.9457188994919,71.37590791914884,70.74445048393991,70.05730597073314,69.33252800484814,68.60243356090785,67.92007364536886,67.33565081902876,66.87032691701184,66.53313484110681,66.36986085687998,66.30868525125346,66.35657880743271,66.48610499137834,66.72358488386202
49.982600350535904,50.22769608705358,50.554455719821064,50.809814642994226,51.07387856844894,51.368127943997074,51.629607369346374,51.85447332271957,52.05420782132324,52.232620008279206,52.37808025237202,52.48912044557812,52.56413315007539,52.59742253901081,52.58936970234103,52.54398575102132,52.45998075218803,52.34947454603994,52.21564897797301,52.07364155408564,51.92406420158896,51.767827356370944,51.612608195960874,51.46383065440435,51.38952757411441,51.21927306913388,51.10799222254782,51.103925950359525,51.03419012253865,50.97543884542037,50.84451932883606,50.844321182893594,50.86851295685872,50.91526442356965,50.97604949089914,51.04146426878627,51.1130464175608,51.19921227110009,51.30317121739972,51.445964420969446,51.643839845420715,51.84426940694359,52.05947386195701,52.31414011098797,52.531213571896416,52.773744655661005,53.032106340999235,53.30932619125421,53.562107163460794,53.7950969000135,54.003343409332736,54.19197341960307,54.3516348798032,54.475773281977915,54.5548901148677,54.5836839359004,54.5536454962578,54.455567264292036,54.28136833687956,54.081403461201695,53.89600481421043,53.64611364928253,53.40405188397759,53.21103729628109,53.05309291483359,52.98634644300036,53.00408495825827,53.108744834898076,53.34878861918926,53.72790049273453,54.08500533664922,54.39944097507887,54.598978283296695,54.76554683337359,54.83492591578015,54.804049597322546,54.66755003879997,54.45231385306285,54.189393746697824,53.88897540556865,53.56160269043949,53.22177712917015,52.88614040525594,52.57450528004739,52.307003900197415,52.0809512242726,51.89549128758365,51.7495846822698,51.64449838250862,51.58016162992228,51.55726901340813,51.60775207860758,51.66971816470093,51.7712864393763,51.90890077825152,52.055175154051724,52.228493345647024,52.4309996222171,52.61680777313984,52.84564328235417,53.08213238052711,53.36648744232564,53.643563848716646,53.944747437147164,54.25375045350564,54.559057075036435,54.8591100697978,55.15322764277436,55.441004503264615,55.72423504784535,56.00424502951717,56.279841265645764,56.54972695916241,56.83955319719325,57.09798402985181,57.3407248142503,57.56814007817977,57.77805798030501,57.97621438010814,58.169917093905994,58.36470679838261,58.56086524398203,58.75170957638499,58.931655396731074,59.10425306930425,59.24338914353738,59.358733107445346,59.469064133549836,59.58893369947216,59.7077220138927,59.87280576958196,60.044715732211166,60.2306191591642,60.399590962115134,60.580815674706656,60.799074465936926,61.005382058578654,61.23563481566775,61.49049024110404,61.74591705627579,61.99787002574403,62.26297645204424,62.54752652734562,62.852996262159444,63.17461902883515,63.54013865791905,63.8748644577447,64.23228761258177,64.5997562466334,65.0146547336823,65.4669148529172,65.88281521161264,66.21708655686484,66.48343065158245,66.71469954841189,66.94559270388308,67.1601377108341,67.41790555242606,67.75728927748006,68.120071488588,68.56177403141146,69.06704240259408,69.58651343034,70.11023857646786,70.63243893617333,71.19779896594291,71.7889280377073,72.40167539396224,73.02370734569442,73.64098636992072,74.25014675752905,74.82540694405228,75.32954315587088,75.73727945786462,76.04268622301335,76.22646867399226,76.26717423853779,76.1566700469822,75.92316097320143,75.59207918444145,75.23261228732389,74.93842212970621,74.76954621894811,74.73092369602682,74.82642978102885,75.04202500587196,75.35669724767133,75.76412019050474,76.18996247275035,76.63295513152102,77.09071832365171,77.42818494405935,77.68680311149224,77.903888902817,78.01441987794253,78.02944979738928,77.94268967785536,77.7513050083436,77.47855831017914,77.15581313454877,76.81048611011714,76.45246770968461,76.13098884196299,75.82779238344412,75.547809249723,75.25227090008738,75.04671623985324,74.90363677111554,74.82875553255668,74.80947923768913,74.87966385261396,75.01200917674218,75.20621240778122,75.43217628386924,75.67797802764748,75.83971619872516,75.90354120947669,75.89599890043243,75.75649637875935,75.56334729280769,75.20761124866644,74.73528939687041,74.18476047495186,73.58460678370257,72.97193147857045,72.37499526684951,71.8438021341161,71.41577189064469,71.11494224182276,70.91184039469061,70.81065326157868,70.82136600600066,70.93706300543204,71.13313070272058,71.40112767541915,71.71665589463093,72.08267397851492,72.41893698934219,72.78475363135418,73.082468581733,73.27859982529608,73.34480974495587,73.27516846538157,73.07621458418235,72.77285918088846,72.56230363785842,72.264758091364,72.06597363046268,71.91144022771809,72.01140738111137,72.2572079903699,72.60930538997408,73.03265839425116,73.50957624940783,73.99740239239439,74.44921950880055,74.77787768695019,75.02955734182646,75.14298731907809,75.14300207721273,75.03216303217393,74.81519953715046,74.51515420169905,74.15508809860141,73.74626394069396,73.39445850968343,73.05479354104314,72.74387203426961,72.48839647506536,72.28700092839698,72.08194092813333,71.9894277408932,71.95574139713997,71.97256360172997,72.04980209380597,72.19086811745625,72.29769911270138,72.40699574367578,72.49762100509076,72.59720305429997,72.60551809646473,72.54453542787247,72.40565830314138,72.19366084273848,71.92193699255118,71.60116072295435,71.23478219762804,70.84614436981997,70.44013060766956,70.07848957948354,69.70937937173719,69.40747448047622,69.163816871619,69.03272109873983,69.01095155220105,69.09851040301037,69.24982888749068,69.410057536634,69.4783152874828,69.48961335529394,69.3737723730574,69.14386048227537,68.8174198186086,68.42553795180551,67.95983395282552,67.43700971148465,66.88502158651164,66.33516807300252,65.82273407464555,65.37145746892355,65.01252813633275,64.71563200769275,64.48850374226132,64.343945028815,64.26604243838825,64.1970302691212,64.24092718778101,64.30802871289704,64.44100965382464,64.6175856787271,64.8305486730444,65.13011099536044,65.40084007849876,65.69880947960614,65.99775323958944,66.28760403865681,66.5987386099077,66.87714560141968,67.1254398037227,67.34194971567342,67.51812916768485,67.6567418314174,67.7559395493417,67.81023383751597,67.83179891396777,67.8239207318898,67.80219014090525,67.77434804648983,67.84659197405054,67.75334309133694,67.83531341710882,67.76817966797303,67.82454778974635,67.9038497546084,68.00439571789184,68.12510788323375,68.26599082244834,68.42276368057945,68.60269369045369,68.79790066225597,69.00601227676256,69.22907542167931,69.48334032530536,69.71350487136355,69.9723519508352,70.24497164437629,70.52241448879982,70.80014873303769,71.0581042262546,71.26619037726091,71.37792190604749,71.36615725357498,71.24728392197743,71.13869649138803,71.0054443337674,70.8846357425312,70.8755059612897,70.98265450511927,71.13400954626202,71.43427536586768,71.82514236983812,72.2793959496002,72.78147571357398,73.33110648744369,73.90278615593328,74.46927486624455,74.98261308812896,75.44667294918173,75.85273051719744,76.16958281487028,76.39281684551844,76.47823831834917,76.3913198277909,76.18436449163381,75.88108206655706,75.6649460909741,75.30375740843309,75.1249052333574,75.08331132400446,75.15683633692593,75.33392852767062,75.58813329881481,75.8982967836098,76.24396122709001,76.60405220554512,76.9464650174909,77.24812475692677,77.45430744708544,77.57418364463847,77.63494243589382,77.57858484336124,77.43624885334384,77.22315443378379,76.94986497996472,76.62559763088478,76.27406809272904,75.89738769983408,75.51404497156278,75.1314316896193,74.75997517235561,74.39428857834501,73.99655930900177,73.68261341745279,73.41742200874319,73.21088685692605,73.06332812649266,72.97921061707807,72.97483503578063,73.04983229690853,73.17340528447234,73.30438602807217,73.39314062189572,73.38147826120766,73.22496674226225,72.93913597396728,72.5468085769224,72.0691512806481,71.51057199136415,70.88654215578113,70.2032417474221,69.47734794359383,68.73860957270867,68.03812636712325,67.42843765535957,66.93402265961828,66.5669856611481,66.37513324337944,66.29141556470444,66.31785981182516,66.42958999176517,66.65117308841467
49.864071640689886,50.10249453351749,50.41765003937159,50.67902642848197,50.9519310208702,51.247915083324344,51.5185947129523,51.75403223397693,51.96547413891577,52.15743847656463,52.31658039438375,52.44203726460271,52.53344373223939,52.58459075532523,52.59532532240294,52.56593873719875,52.49646767505587,52.397770815710345,52.27330486812171,52.13612088327554,51.987694252749556,51.83011277384276,51.67119629062715,51.51687842081809,51.42598877241995,51.255022782977925,51.13656053959786,51.12757749875681,51.0493185532677,50.980641065105736,50.83898515686693,50.825928966860815,50.83857934623091,50.875891960101825,50.925857214827886,50.9769194281994,51.0348397970211,51.108873450085326,51.20271525932607,51.33624211536165,51.52904954238985,51.72457406739263,51.93568752691942,52.175021378971266,52.39624401610145,52.64721898523678,52.9152812552164,53.1932697599556,53.45205051310949,53.69247466214915,53.9107797359047,54.111368192390266,54.286843785690074,54.43127891226275,54.53408098906619,54.58789029682743,54.58313521476665,54.509616210238505,54.35804627942895,54.169406164078545,53.97973483904047,53.72015745669671,53.457146386776365,53.23402026676882,53.047187099520166,52.951302949528156,52.942625816813354,53.028341639951094,53.257071156310985,53.633334600242996,53.99656875199388,54.3167446226068,54.54492764092974,54.727452989228695,54.81993045029057,54.813765597895895,54.70188516097883,54.507222801727664,54.2576428868004,53.96448984034998,53.63970592031629,53.29883851101945,52.95942148761611,52.641581175279505,52.36457714157538,52.12653189692064,51.927094043516675,51.7658099878815,51.644797583825124,51.565107243339966,51.52805895929104,51.552760588402286,51.59914485540263,51.68958872877376,51.81227590791524,51.94694229302308,52.111212362690395,52.30631401286109,52.494910659226655,52.71596082861916,52.94472089197355,53.210199728000774,53.48343521280819,53.7821838608798,54.09017229095203,54.396106887987116,54.69725841952037,54.99274199625402,55.28263606566636,55.568417341405464,55.851462547269364,56.13040582178893,56.40517672318506,56.688459134055705,56.9494475059561,57.19573876780204,57.427131396302336,57.64172234496092,57.84523761278804,58.04494784217597,58.246285122322355,58.448949102492115,58.64653690365102,58.83384088867072,59.00562358330487,59.14196799630813,59.25181665734766,59.353906425264434,59.469030609780866,59.58781081884081,59.74480186473709,59.90749819017554,60.08046700041363,60.24046950017463,60.4157442568463,60.629271315783626,60.83284726197118,61.06354692524083,61.31699828435163,61.5713181959048,61.82261738691806,62.08751973475017,62.37170178267838,62.67579756859688,62.995706725154065,63.34714899364626,63.68758904975861,64.04599670989039,64.41354999411878,64.83303164807461,65.29904460204122,65.73800351753954,66.0954977586593,66.37808328057308,66.61603495465354,66.83967080459648,67.03921297283054,67.27975760314536,67.606242487737,67.96296106745605,68.39739906422012,68.89699802896978,69.41377804117023,69.93616236417681,70.46029691548364,71.02398980225185,71.61394302765189,72.22660200323261,72.85141557286168,73.47627747027491,74.09721676063442,74.68952642042007,75.21495522629353,75.64560749641484,75.97668942971177,76.18996183590764,76.26237841592615,76.18181353947497,75.96901841622075,75.64463769909878,75.27839382490843,74.96491419581068,74.7691969307562,74.70088122987725,74.76827049487203,74.96135732135478,75.25960440541687,75.65800709728579,76.08381479935753,76.53271321046232,76.99268165575404,77.35390953820732,77.63857430657737,77.86978953789081,78.00127426860146,78.03739241161458,77.97128704784991,77.79959495266056,77.54458081141291,77.23645663580005,76.90177681882162,76.55243818043093,76.22567021651184,75.90812468628225,75.60983759301536,75.30986036450098,75.08341719949125,74.91879510852932,74.82389877468488,74.7886668233639,74.84242410165712,74.96457709584703,75.15604908600541,75.3867644303938,75.63290169082072,75.8173008266622,75.91132564519847,75.91938607942025,75.80636842689132,75.63179867027297,75.29685239992735,74.8398218657754,74.29899615474896,73.70376464478778,73.08970684271037,72.4856147155909,71.93953138923249,71.49016638307135,71.16363897920047,70.93506781291643,70.80998342578106,70.79828046190913,70.891659495001,71.06853087580612,71.32050875450841,71.62564565117985,71.97991685934693,72.33014410979935,72.70096161490136,73.01543119643895,73.2351196957672,73.33449868310733,73.29770111275165,73.12441482295884,72.8333348548816,72.6185157680428,72.30558222478429,72.08065276747674,71.89685586264386,71.96717504617868,72.18542118853813,72.51520520179362,72.92483812514841,73.3990655343958,73.89542151995745,74.36264714115612,74.72296313679713,74.99241433917237,75.13127379935082,75.15425689911497,75.06689148625759,74.8741925374403,74.59217495181674,74.24420491491013,73.85166817009082,73.49024157603783,73.13364496514015,72.81023791603849,72.53592400672397,72.31589566571051,72.11088280705502,72.00350638453553,71.95619326613979,71.96198357077698,72.02824540299738,72.14786838850554,72.26167392805694,72.38399861016393,72.49208403285887,72.59138144118985,72.61360221697298,72.56890975439957,72.44903989514651,72.25632863127237,72.00209411690427,71.69574492621415,71.34071429982005,70.95822963999858,70.55473702336266,70.18270823994429,69.80629773760477,69.48365264297689,69.21196159856571,69.04584388037404,68.99367260132031,69.06255167939241,69.20698982635759,69.37175411792785,69.47022984529055,69.49884802457956,69.40535027810562,69.20018316861196,68.89860444270194,68.52832741081926,68.0790938360427,67.56611120223454,67.01603680662778,66.45922467108572,65.93349108347118,65.46847096131864,65.0881485060689,64.7723466952741,64.52620560744013,64.36031188792644,64.25840871441149,64.18200493919203,64.20700514776776,64.26116621421384,64.37847970900344,64.54051753590701,64.74140242028216,65.0111391665173,65.27883794718868,65.57855516780309,65.88283313794996,66.18157057365438,66.49008865982601,66.77444966338503,67.03181964585286,67.25940917160818,67.4492898423592,67.60348448601147,67.71827215668719,67.78536126745455,67.8161860948412,67.81554341218724,67.79802757446986,67.77160633946166,67.84098962032381,67.74201373172093,67.81983414101009,67.74502474897005,67.7908319499302,67.8587208289711,67.9476349275571,68.05702808199193,68.18730059310921,68.33525899580079,68.50626671416322,68.69317629113615,68.89350226407132,69.10920830044806,69.34963724945875,69.58339414084398,69.84311465508205,70.11920913826226,70.40571602289921,70.69892048101977,70.98019062609295,71.21601469339582,71.35779006199601,71.37240659427833,71.26712199112502,71.14948528947485,71.00106531876668,70.85316655614083,70.8147609180172,70.89504069652212,71.03294478147126,71.31362526006205,71.68883326857582,72.13211072155579,72.62812241582009,73.17661670463956,73.75145430912677,74.32406573880814,74.84909758580865,75.32704350091501,75.75102881348316,76.09399973337956,76.35077905241766,76.47466028960575,76.42072606411111,76.23665865659338,75.94403178780107,75.71970746739073,75.33919079045407,75.13402039420811,75.06479717012144,75.11327310157198,75.26794696642042,75.50583749707776,75.80705539534868,76.15222742150232,76.51889109891563,76.87472314959241,77.19009649203622,77.42092176042911,77.56678663283807,77.63896158788137,77.60225224310892,77.47889108910512,77.28335811412536,77.02592287203593,76.71524836597868,76.3739332752129,76.00725983620751,75.63165984676706,75.25233778581604,74.87526732819751,74.49516791921738,74.09564401854256,73.76510159706541,73.48169989457871,73.25770678570011,73.09181535025027,72.99054570586073,72.97127611326543,73.0363388884614,73.15764053969778,73.29724461950323,73.40690620098447,73.42162261267582,73.29032148021169,73.02707677761616,72.65378990326445,72.1904727931988,71.64319311259936,71.02690245909595,70.348579561943,69.62368297828893,68.87895115973265,68.16229074460259,67.52830876690244,67.00497730231562,66.60813999886444,66.38643189837897,66.28008252659075,66.28484327788458,66.37915513674724,66.5838523938363
49.74484561018521,49.97478147049664,50.2747333019524,50.541869680009746,50.823514273734524,51.119322207880955,51.39851513641133,51.644107781632734,51.86696539708691,52.072405060982526,52.24520889284813,52.385297279925666,52.493782094819444,52.56402506695348,52.59526114925386,52.58349474002208,52.53050234076557,52.445543549167716,52.33254500964746,52.20176644833556,52.05573456084653,51.897973869192114,51.736320492073915,51.57721962045728,51.46606386707537,51.29799795356442,51.17298311707578,51.15030235458609,51.063657876501956,50.986164212015275,50.84360655790494,50.81711990271585,50.8176827699639,50.84514404718512,50.883566593614646,50.918949208643035,50.96184121591948,51.022434162209954,51.1051165614766,51.2280546903268,51.414725703571285,51.60407578366828,51.80967397658453,52.02971645369058,52.25475008763854,52.514151160058134,52.79189573050893,53.068755295031785,53.3323825495986,53.57924102422428,53.80700794325734,54.01897824399456,54.21017312967792,54.37545692282747,54.50319802614072,54.58382642792232,54.606830004860655,54.561134821376335,54.436399281346155,54.261678238051886,54.066916794551354,53.79960400694049,53.517025535724386,53.26392456041565,53.04956533560603,52.923545844942296,52.88615637663924,52.95068782002811,53.16548914807227,53.53582740815052,53.90290396919548,54.225684780577815,54.48352773079426,54.68033291456902,54.79574028928435,54.81493982345369,54.72917088176075,54.5569675305667,54.32243315895625,54.03815512045939,53.71756652741003,53.377301054289234,53.03580275374507,52.713395587423385,52.428033871591836,52.178759093200654,51.96578334550867,51.78939629553264,51.65260411480438,51.557661371008734,51.506537163454425,51.502788728400425,51.53296085539933,51.61218712320482,51.71921000549391,51.8416777287874,51.99646627172173,52.18376774146453,52.377242876075385,52.589866139531985,52.81016686204686,53.053511579213215,53.32252473074496,53.61854548860693,53.92529677725291,54.231768009493315,54.53394055953564,54.83070889178864,55.12270232119662,55.41105204245561,55.69719381758615,55.979551168673446,56.259451759995976,56.53414337320639,56.797401411184595,57.04723826644056,57.28272073925943,57.50231739860727,57.71174325758977,57.918227408585956,58.12709275627419,58.337325535068615,58.54298023420542,58.73921736426465,58.91035387790757,59.04395874596537,59.14821458254997,59.24175377414034,59.35229035092411,59.4729295936506,59.621584750968786,59.77457979495183,59.932878394012384,60.08320873539078,60.252151198429125,60.460617779154866,60.661483000750934,60.89346431740906,61.14553859555649,61.39877774423881,61.649369982141096,61.91418972448247,62.1979006090906,62.50010193171175,62.817507167739905,63.15146254961618,63.4976894239677,63.85591053601135,64.22201523390066,64.6449532213636,65.12477262005729,65.58882375125782,65.9722980511931,66.2738711944961,66.52086457778395,66.73752102093692,66.9217132621841,67.14381881299042,67.45676245058573,67.80882569242385,68.23597237126056,68.72990409715034,69.24418648438964,69.76517925263654,70.29181004887296,70.8528803660836,71.44031025621528,72.05108364581727,72.67672280236647,73.30743044738288,73.93831214298899,74.54612848836017,75.09168127503837,75.544276437881,75.90076343699845,76.14443344511878,76.25066461583593,76.20360818806834,76.01561006330208,75.70187829207688,75.33215774297709,75.00098058753602,74.77848053042531,74.67935835581784,74.71684637329868,74.88530227667208,75.1648590772529,75.55194846129388,75.97586204842982,76.42866293866565,76.88732808826744,77.27266138362245,77.58407197733756,77.8276116676136,77.97980184260398,78.03722776826473,77.99260823456143,77.84215508657019,77.60702709652942,77.31607915820813,76.99482897411013,76.65742524521396,76.32605191365028,75.99391069613418,75.6766928897368,75.37514566100411,75.12697510336348,74.93955418469626,74.82321616892669,74.77131709706934,74.8065147981884,74.9165057078309,75.10336739040295,75.33716668557828,75.58019278165258,75.78753430175277,75.91268443985119,75.93475315121036,75.84969385302354,75.69227779495714,75.37904592524738,74.93897661052267,74.41016740516629,73.82281712111491,73.21029199310557,72.60195472155674,72.042868653215,71.5730358257117,71.22067014346204,70.9663932282018,70.81703804364138,70.78206476546751,70.8514493228686,71.00727556661231,71.24080412427351,71.5330901985142,71.87172279897393,72.23591774085571,72.60897211339736,72.93896202693045,73.18218314675195,73.31673784283241,73.3159479925898,73.17253970662212,72.89813242189771,72.67080863085529,72.3450473537721,72.09601474184714,71.8922688787473,71.93110841321942,72.11900104844378,72.42326261094875,72.81607448014053,73.28489440462864,73.78782031411131,74.268653114583,74.6614627643286,74.94684736976566,75.11130939965125,75.15762447363468,75.09479370134824,74.9284297147866,74.66679671802454,74.33348362117121,73.96169330888236,73.59069058996802,73.21659772573452,72.88072406610206,72.58670976511027,72.34705276349837,72.1453121229356,72.02213751773466,71.95994034553286,71.95341055281283,72.00639307916393,72.09967991630482,72.22020866913823,72.35570815687926,72.48174500896332,72.57755377655009,72.6132791131527,72.58502200784785,72.48504121675967,72.31312375170648,72.07828092353725,71.78849429658274,71.447386620435,71.0734086201276,70.67525188835238,70.2932329609987,69.91214688389037,69.56913938865426,69.26899962167292,69.06477234745103,68.97829856062032,69.02463090327255,69.15870771778897,69.32513000960412,69.45473433175724,69.49902326674322,69.4278317368632,69.24820236381358,68.97309335251899,68.6265407805344,68.19626007893632,67.69571746641542,67.14995345291798,66.58802772171676,66.05029888224543,65.57297069076853,65.17096277857738,64.83651746389515,64.57141906488886,64.38306558022212,64.25556600298245,64.17412579231618,64.17883093374212,64.2204119042096,64.32097634498672,64.46716194999887,64.65477462047784,64.88921611824405,65.15327973155809,65.4544298677225,65.76393864824807,66.0717360218849,66.37530619392967,66.66474013799512,66.93089671775121,67.1695778238129,67.37377828098977,67.54475421215518,67.67676381771622,67.75842037346084,67.80015301227337,67.80866675431064,67.79710554996203,67.77365996363609,67.83226880237821,67.73661053729862,67.80295267856533,67.73004936374763,67.76514157569778,67.82117041501729,67.89777831156998,67.99501532422194,68.11371471042858,68.2520692558836,68.41292422122623,68.59016368359902,68.78118901447371,68.98778719773107,69.21111185966419,69.44826805070976,69.70759650917618,69.98586473163373,70.28062707794976,70.58899841334375,70.8942606174738,71.1593870531934,71.33431724087055,71.3796533098171,71.29222230982087,71.16514280869154,71.00082245248768,70.8281870623324,70.75994609844487,70.8125591168159,70.94001188804829,71.19954491523107,71.5572946337201,71.9877117189675,72.4758034926086,73.02128117719869,73.59739891013885,74.17402089955038,74.70926549998713,75.19933279573385,75.63957372196074,76.00804441244031,76.29908472854288,76.46382092738386,76.4467626841193,76.28990033078723,76.01241279143684,75.77364471143912,75.38389945568059,75.15248245173251,75.05445547726993,75.07619058367527,75.20597778907589,75.42513412320717,75.71516275317224,76.05798898670358,76.42957568604038,76.79761288401615,77.12523240559425,77.38123874054605,77.55394361206143,77.6357654377838,77.61872689329354,77.51465219914988,77.33735988331425,77.09691490225359,76.80134056729948,76.47194900095238,76.11762288100023,75.7522599492545,75.37844146638504,74.99624079945595,74.60137764430877,74.20338890994338,73.85590196852382,73.5535201228289,73.31116714315542,73.12568281655727,73.00587664593778,72.96987860727,73.02301000059072,73.14025388405989,73.28735013964457,73.41781899245274,73.4592991054525,73.35352440105186,73.11302378858083,72.7587856387499,72.3094666777992,71.77347309114586,71.16516591975042,70.49295061004179,69.77124764010681,69.02332446155523,68.29256794806531,67.63535891143299,67.08333944877367,66.65680546899578,66.40391747834695,66.27489286533205,66.25777695025164,66.33514237518564,66.52194558426338
49.625072028582494,49.84461673912357,50.12556549149715,50.39819003077542,50.68846263234861,50.982062861147554,51.26902307179976,51.52430615100054,51.75824158260992,51.977041165987615,52.16344860270479,52.318356276695425,52.44459998393015,52.53520418137977,52.58870923680691,52.59623696622029,52.561746199936096,52.49253847067804,52.39322322160242,52.27051430426103,52.12818990951955,51.971488100259144,51.80812397597913,51.645054678989474,51.50965486371434,51.348408038125626,51.21752743159726,51.17067169362113,51.075777743901625,50.99079050323328,50.85891476151568,50.818420589219876,50.80634517869618,50.82354337559723,50.84968373544927,50.868010012106936,50.89445315197463,50.94024422098501,51.010689751230835,51.12166011751511,51.301080398378936,51.48292622170909,51.68151297356087,51.87808512184651,52.10657530106636,52.37437782182213,52.66177757624352,52.93549388708559,53.20273141067737,53.45494582669078,53.69151857726457,53.914224307147926,54.120991113128674,54.30764916156628,54.46159024931919,54.570877143666245,54.624193127176866,54.60972095016937,54.51623476382553,54.3581398789645,54.1573257781107,53.88438261675332,53.58379160803085,53.30097794499897,53.0607166441682,52.90360650203403,52.835136317769184,52.876158206144055,53.074292330765545,53.435455491916585,53.803943607008186,54.12597989122833,54.41450366596553,54.62375055883023,54.76183206370386,54.80700309173626,54.74884073750065,54.60101816104926,54.38327746105555,54.109537255277466,53.794817014123275,53.45687796110391,53.11509213872419,52.78985759006952,52.49736388159748,52.23768611462189,52.011661591449,51.82048963436953,51.66810223622252,51.55804398096223,51.492956180073584,51.45795208303433,51.47127040893861,51.539195752502955,51.629801133815654,51.73946658638713,51.88433119874036,52.06342815474045,52.26402814959892,52.46756011243718,52.67864282563074,52.89641577189478,53.16081390938697,53.45380466370421,53.75908867858559,54.06600156367523,54.369113852071834,54.66708135192809,54.961153869771685,55.25208814299551,55.54138715907176,55.827224481937535,56.11250388358697,56.376429959061184,56.641640594407505,56.89500586850745,57.13468349611726,57.35962363426804,57.575529512162966,57.789584411309505,58.00700190813899,58.22591543876357,58.44102882777118,58.64785906901566,58.81852506381448,58.94944671134668,59.048013222178405,59.13268754784913,59.23880772764439,59.363314629515784,59.50339344184024,59.6461886642787,59.78798263880924,59.92791079841037,60.090127560825955,60.29319397939665,60.491381501937695,60.72554728677575,60.97628166427965,61.22847600654431,61.478311547521564,61.74318666782597,62.02632514421364,62.326086273503265,62.640155070901834,62.953022052759636,63.30510522867724,63.6618889433634,64.02490779454209,64.45008180992464,64.943716978277,65.4349590810742,65.84728321906026,66.17072306512901,66.42925423070865,66.63922832456488,66.80773098892354,67.01012670615565,67.30887567221252,67.65784943793095,68.07771414234568,68.5660204170594,69.07804783529367,69.59762688002192,70.12738722430005,70.68485182753395,71.26835927708335,71.87536677965493,72.49977536846222,73.13449505139046,73.7733648303917,74.3950287025368,74.95942533694894,75.43287412968492,75.81440898921589,76.08935479630173,76.23153337639825,76.22168472930719,76.06275948866694,75.76385304417431,75.39418688688424,75.04705532798255,74.79790476069479,74.66687046681545,74.6726399600043,74.81427956747012,75.07280006154683,75.44618829772563,75.86626073238682,76.32084504071415,76.77448938844616,77.18426579430017,77.52312556147439,77.77703553379347,77.94961528526647,78.02852362543517,78.00621138220197,77.87857945466472,77.66557101633715,77.3944703844718,77.08957757907692,76.76755233467446,76.43229286386716,76.08531422199096,75.74853306134823,75.44850976375986,75.17777226954433,74.96627325258879,74.82703348409567,74.75777770113952,74.77220080463927,74.86797518735756,75.04825479804644,75.28337613598619,75.519635678096,75.75018940830392,75.90739429460123,75.9417305919351,75.88615074326134,75.74426315961638,75.4536382226483,75.03222649258214,74.51783087502413,73.94146599789372,73.33355029256836,72.72406560524578,72.15400448000135,71.66466535789695,71.28636412620628,71.00618889261234,70.83222638126293,70.77313396871165,70.81680165295747,70.94967650633328,71.16222039786379,71.43907704815544,71.75796309203382,72.13611718249325,72.50845820497916,72.85261046867241,73.11926677884075,73.29102815249198,73.32950143705627,73.22036830792071,72.96727289818313,72.71743586493336,72.38161183291355,72.11087346161456,71.89826874460691,71.90376472608374,72.05840981593556,72.33381101426745,72.7065625711631,73.16712109929165,73.67454522085895,74.16705798689124,74.59320227988607,74.89252473614002,75.08271438466218,75.15268540720746,75.11544748449712,74.97754653528499,74.73874782915645,74.42277763847663,74.07644645968767,73.69592277403312,73.30376197901667,72.9554577522933,72.64086607062087,72.380564744298,72.18557424546324,72.04565100666369,71.96727483325098,71.94709589863426,71.98438184232056,72.04617569025181,72.17316151241474,72.3219769363389,72.46645942200398,72.55536047506122,72.6041269079822,72.59241260251905,72.51320125033783,72.36362035445163,72.15013514261281,71.87913265410431,71.5546509936225,71.19165852943524,70.8018294360803,70.41024627246368,70.02731805169019,69.6644189313405,69.33549283964972,69.08996974348433,68.96512940980105,68.9848604532562,69.1049039625796,69.2699231680101,69.43156811537429,69.48972062208921,69.44072528961034,69.28739036381413,69.04036784960577,68.71970690112127,68.31094375321123,67.82554734769673,67.2866087444218,66.72152298643054,66.17319595846803,65.68510493550922,65.26112618672148,64.90834871315758,64.62438742472375,64.41240281536975,64.25764805781249,64.17372542145516,64.1566767750178,64.18611089366435,64.26881528647635,64.39778879234649,64.57089560179475,64.76427473318023,65.02407826402526,65.32633326803264,65.64096068595028,65.95799000962421,66.25413190994621,66.54768435326001,66.82229599133251,67.07204824468312,67.29118588879427,67.48017338888485,67.63109559018649,67.72916772226105,67.78353160080047,67.8032267600738,67.7994602548561,67.78064135011567,67.81910620060891,67.73734260898348,67.78345398055014,67.72366487148592,67.74790677688185,67.79163049392375,67.85524548959832,67.93946575675021,68.0455962791179,68.17353542901495,68.32295278858402,68.48908454626891,68.66921919576042,68.8648656932812,69.06763607447736,69.30798681457621,69.56557413743067,69.8446185954956,70.14674608190857,70.46990860054497,70.79980694167209,71.09580652190947,71.30710612922462,71.38769921627255,71.32262509881087,71.185622246325,71.00436315727016,70.80984534539441,70.711251680586,70.73543008533252,70.85576114463022,71.09254583741114,71.43097898686693,71.84657985860014,72.32482276961927,72.86531533705232,73.44073832055763,74.01913560760246,74.563016455749,75.06330969931791,75.51798821423164,75.91122917968312,76.23719285853429,76.44521191536207,76.4690693716044,76.3439371666677,76.0863357205006,75.82552817785987,75.43831434665157,75.18080130602469,75.05279828144646,75.04606904875236,75.14841237585473,75.34632118705818,75.62282058354748,75.96135888948629,76.33612680928961,76.71507345788619,77.05336878226731,77.3350945372705,77.53550081721997,77.62505751376594,77.6276627887166,77.54314937292564,77.38476299548869,77.16246266171034,76.88354358845504,76.5678570318266,76.22833863524933,75.8758467114939,75.50987849776389,75.1230553288002,74.7130776326613,74.32020798261001,73.9554449098651,73.63330798745328,73.37168057101745,73.1653121492917,73.02554963501345,72.97092135902248,73.01003974162639,73.12135700510224,73.27475327233596,73.42590877178057,73.49453043936576,73.4145747259485,73.1969285258388,72.86167918448432,72.4259161751045,71.90111373529498,71.30096706361051,70.63598608746429,69.91975646022077,69.17159561775189,68.4289591477699,67.74968284672694,67.16925770266232,66.71318968628198,66.4277506397516,66.27605330934797,66.23690857356712,66.29789365594138,66.4657754438325
49.504900665442385,49.71206018053083,49.97000659193953,50.247833113976846,50.54661040201916,50.835850586604856,51.12977295119396,51.39423352739391,51.638862682258065,51.87086819603462,52.07078237889343,52.240670040060465,52.38534914568607,52.49760680608837,52.57520163897521,52.60374862252236,52.58986070318635,52.538501304507285,52.455193323038756,52.34230050604727,52.20506508240824,52.05073292488403,51.88674991802083,51.720584022082306,51.55666376797055,51.40646249389378,51.27046095977796,51.1872566916358,51.08424780712697,50.993302155844106,50.88544099726474,50.830357625134035,50.80508852306619,50.811612636115825,50.82471474852163,50.824558240580885,50.83307808290525,50.86265343992153,50.91974945596833,51.01731636857679,51.18832569622667,51.36127704745362,51.55128428045694,51.71998717013964,51.951563170943516,52.22773561222579,52.524754601786825,52.793196626719826,53.062725234095076,53.319138910000454,53.56380218380021,53.79652711458246,54.01866593740428,54.22719747637337,54.40860668182951,54.548427258540436,54.634687842352236,54.65497244908145,54.597360148061455,54.4587112826591,54.25073688708616,53.9744226028746,53.65754688090493,53.34540818829617,53.081130046283725,52.892016293594615,52.79002532023643,52.80512762931397,52.98373044068324,53.33229542700069,53.69962028418617,54.01734839679477,54.33758055951884,54.55726987144796,54.71768240449139,54.78938622048399,54.7603282645534,54.63884481464458,54.43968869098845,54.17820225418467,53.87108988285865,53.53728243358783,53.19709757763491,52.8708762568085,52.57255696294302,52.30336626269366,52.06483117922706,51.85923603353845,51.691476208855754,51.566475041234106,51.48756856332373,51.41836623673634,51.41417776026809,51.47072874650156,51.54414735570858,51.64039399086471,51.77488326974559,51.94536259940182,52.15549020571013,52.34924364467928,52.550321317608834,52.73890508197734,52.99828425559428,53.28793372954722,53.591512761127404,53.89876867465305,54.202735659357195,54.5018123992222,54.7979413113078,55.091474635024994,55.38399089033049,55.673372937219426,55.96428490794984,56.21514293603594,56.48195990449501,56.738824132344305,56.98279505594202,57.21342154496719,57.436394574157276,57.65884746852011,57.885884785817666,58.11463971062903,58.3406719440711,58.55984024842647,58.73021825172777,58.85851721128968,58.9512989153591,59.026789114062325,59.12867754468424,59.25920221763008,59.390466950914636,59.52255291589475,59.645909033652984,59.77467781988016,59.929764405407596,60.1270800398549,60.32263499255126,60.55995612794412,60.809397980082124,61.0605932880878,61.30962581916802,61.574710811365364,61.85717752567881,62.15392751597067,62.46378514894893,62.75177023000749,63.10977611219246,63.4637917843653,63.8219835046061,64.24807977013316,64.75549574801187,65.27609267529537,65.72024904685478,66.06856756424926,66.34126972633311,66.54487768714078,66.69735856307756,66.87871880683542,67.16260865880375,67.51021637841684,67.92284456728845,68.40560679862058,68.91567116917763,69.43384288450764,69.96743732972364,70.52028535669854,71.09841964394201,71.69969786268433,72.32071960540242,72.95752103244351,73.60230674864142,74.2360426176142,74.81789144686879,75.31098841924859,75.71712683070663,76.02419718413246,76.20448523574416,76.23567389973635,76.11029026653682,75.8306140361896,75.46476410198437,75.10357244025053,74.82797736430398,74.66393295583696,74.63613379868428,74.74870888939517,74.98376615666596,75.34097062177786,75.7551673636482,76.20930024119087,76.65399732354432,77.088548084236,77.45556449668943,77.71774137823859,77.91032728190537,78.01084774122133,78.01165463498351,77.90846210153634,77.71988642164453,77.47141999728983,77.18595763681621,76.88294287945313,76.54455199765144,76.1824990728435,75.82551602931044,75.53033564693116,75.23619101610822,74.99931156517931,74.83567648900537,74.74839627790851,74.73974698344108,74.81916570909084,74.99079878600837,75.22538586818102,75.45101475810382,75.70503893062265,75.89523191061498,75.93994887772679,75.91541718370998,75.7872332570069,75.52007569015186,75.11904437342369,74.62154321314276,74.05941306033404,73.45934510391102,72.85199768715688,72.27312942352926,71.76534011895825,71.3610493190319,71.0548270582137,70.85595770474906,70.77190312367735,70.78808564919008,70.8960454261631,71.08496418842861,71.34369371162494,71.63850903316451,72.03060173469386,72.39909296778366,72.75592591712973,73.0458471926239,73.25687054044688,73.33795377831134,73.26767969960314,73.04077729998409,72.75665110891443,72.41373401679476,72.12404283481972,71.91544492880126,71.88570122862177,72.00410973686218,72.24718380857772,72.59649751015179,73.04580385757002,73.55554268620327,74.05768231589072,74.51800739381102,74.8291147408291,75.04510901906637,75.13902030626902,75.12843064275552,75.02117846503111,74.80775661404654,74.51194038791829,74.19603472512581,73.80605535079216,73.39524788117714,73.03456624244524,72.69850524365239,72.41652413064679,72.232014544326,72.07437671749571,71.97848892722601,71.94329095903808,71.9623484124823,71.98722869974426,72.12039063435584,72.28265750106003,72.4460827605808,72.52444195140365,72.58572372443986,72.59062195271497,72.53305897823795,72.40739258991856,72.21729450429358,71.96738381882302,71.66235925353232,71.31295658714981,70.93462389998805,70.5339307041561,70.15220248210035,69.76997548486779,69.41200315120524,69.12189931198733,68.95446512856236,68.9433527079488,69.0454999615244,69.20587154949295,69.40047056463314,69.47052163092194,69.44353947662727,69.31721946454745,69.09990923550833,68.80735461275013,68.4227559305723,67.95531968974787,67.42583990017883,66.859656226762,66.30222079963872,65.80502197377682,65.35879396336452,64.98804484266303,64.68535399706116,64.44852030303703,64.26478863261288,64.18113641957044,64.14081490090861,64.1586082933581,64.2223122581743,64.3326679342937,64.48999569239615,64.63624789396533,64.89114637700855,65.19416505740176,65.51379016652298,65.84022216314824,66.12630650560315,66.42294963718969,66.70564243851152,66.96641300661429,67.20110407099058,67.40936439523675,67.58094853185561,67.6973598805816,67.76615379495883,67.79915943129059,67.8051278766264,67.79268293000293,67.80017849541106,67.74441904768905,67.76012299774008,67.72628263136511,67.73955766331518,67.77053304686711,67.82045608131007,67.89077552640309,67.98330840388854,68.09999848338191,68.2366389931779,68.39016058576996,68.55773947572202,68.74049736685137,68.91908181245405,69.1624106460586,69.41682416415863,69.69515090085277,70.00367146273265,70.34117711315879,70.69632233996288,71.0247721647998,71.27575941361178,71.39634612972593,71.35837057884092,71.21087679966209,71.011334855454,70.7982894896154,70.66886784245386,70.66387392140398,70.78074282985413,70.99313953263882,71.31033884961228,71.70909605721853,72.17548407253169,72.70893461613174,73.2815909019712,73.85940512209554,74.41025007817902,74.91874307734683,75.38589526189733,75.80306636273863,76.16456242703211,76.41832493721893,76.48728581035526,76.39861681668702,76.16591121802857,75.87412822139372,75.50286640590603,75.21948685717864,75.06033761864751,75.0233887623197,75.09564210697467,75.26969669848584,75.53023061294157,75.86245009664295,76.2385653110335,76.62704410832666,76.97434190672189,77.28232530043672,77.51130448322502,77.60654134399262,77.6287139241797,77.56399979987991,77.42517070478696,77.22218774149881,76.96152678305327,76.66139912971477,76.33926889999194,76.00242156595415,75.64678464639023,75.25587065889951,74.83042776331705,74.44651523594834,74.06416079912634,73.7214887824114,73.43965971101173,73.21108497233155,73.04991087079198,72.97468320975113,72.99762221989826,73.1010615903684,73.25950470141704,73.43120531444791,73.5273393142437,73.47347167606735,73.27874250836763,72.96235394157331,72.53960452576993,72.02581685333806,71.43394041654221,70.77731718995642,70.06892396980417,69.32363076789802,68.5714655139749,67.87137533055996,67.2628806676514,66.77750026546292,66.4580920390612,66.28377058705813,66.22248589247167,66.26775092787553,66.41566475668013
49.384481290325496,49.57717163585096,49.80791658721321,50.09064456281188,50.39779188805291,50.68039892773351,50.98041920667028,51.2534960961264,51.508388682804615,51.7534075555783,51.96669307635369,52.15169435516921,52.315481326201834,52.45071164856351,52.55427040967188,52.6056129156573,52.61450730113524,52.583177774921445,52.51830913300862,52.417061108689595,52.2863648631523,52.1357858009069,51.97234149387704,51.80400807540339,51.60699258547774,51.47237077810115,51.33205117823356,51.19862852440384,51.087637717838206,50.99248138693202,50.92371649471771,50.85345760921943,50.814434753712355,50.80987451951856,50.80916574102158,50.789050296054654,50.77811848643003,50.790011632530565,50.832610303068556,50.91528141516202,51.076673666528414,51.23927992684043,51.41906765988125,51.55528238527053,51.78955721182869,52.07406117296622,52.38065461650553,52.64157460453732,52.91199215760097,53.17137011460521,53.42334930873817,53.66530739903022,53.9025658038667,54.13344371514289,54.34359634689959,54.51586158702612,54.637777411023755,54.696487170576376,54.67958285524828,54.56331264497849,54.346925218845314,54.06965328204378,53.738393631555795,53.3974430580846,53.11129456302966,52.8893065924153,52.75128306407426,52.73797092055276,52.89405321411782,53.226423788862334,53.58986661948358,53.899508739513564,54.25248352452945,54.48045480185791,54.6627679425893,54.76152002743718,54.763066999273946,54.66991761282197,54.491179746645074,54.24371612656152,53.94601763601875,53.618227673865334,53.28162700555857,52.95636066123084,52.65360290697917,52.37585283892525,52.12539450673224,51.905781522185706,51.722910293480155,51.58317451985803,51.490626867380136,51.38414677393878,51.36178715363542,51.40690023503411,51.46234673400077,51.54454506726258,51.66819861073675,51.82963842216167,52.05185277032189,52.235117633602776,52.42537487286479,52.58097228539272,52.83491727622688,53.12090502951158,53.422533791055685,53.73003046654702,54.034763343619915,54.33485505622089,54.633015245721275,54.92916051054381,55.22495332996658,55.51794371015734,55.814746647076404,56.05010634854654,56.3181541903173,56.578475616292735,56.82683080779985,57.06349162372876,57.29413664122237,57.525845198391266,57.763613597211126,58.00341924771699,58.241898842828135,58.475235147999896,58.645514552349596,58.771255564631964,58.858158001218214,58.92413984045146,59.021994606786166,59.16082864918721,59.28304429175512,59.40390066753863,59.50678687739237,59.62361193044694,59.77115279354482,59.96235608387558,60.15533569961142,60.3968511355175,60.645058032524965,60.89530989413583,61.14349653318891,61.40896240168544,61.69065989111744,61.983802581113146,62.288532116190396,62.547649808290544,62.911641722818615,63.261478911435844,63.612998192655745,64.03860945836455,64.55972700057347,65.11190770222814,65.59099131917061,65.96733336363432,66.2569768775628,66.45455408032505,66.59068839467483,66.74963263922417,67.01798791654578,67.36611058832113,67.77158383590181,68.2489230517575,68.75736556133693,69.27416490426856,69.81236925310247,70.35956212367313,70.93082091047718,71.5243233528442,72.13970184744049,72.77655814068787,73.42506982353716,74.06898578825657,74.66678363964148,75.17820715399387,75.6084177058131,75.94843190328703,76.16902073200474,76.24520643590071,76.15802597113324,75.9022133489214,75.54417223363181,75.17096594744025,74.86920608399221,74.67106121584926,74.60781043303402,74.68900993809355,74.89809616097763,75.23653944864719,75.6427384546336,76.09406926467894,76.52568366081617,76.98533356742539,77.3812182206843,77.64940944275705,77.86155051783696,77.98376787371866,78.00849613711813,77.93139707177723,77.76964716326003,77.54671767936098,77.28390415042219,77.00372031019066,76.66298824549204,76.2856290576828,75.90779971508418,75.621006284681,75.30261366112957,75.03902837544025,74.84947095246935,74.74352046971039,74.70941819702524,74.77025744769446,74.93108683136133,75.16318896872626,75.37411439962891,75.65185565301599,75.87597398905882,75.92903848471778,75.9371712604747,75.82066657988491,75.5778047257798,75.19890311451726,74.72086106834243,74.17636009364564,73.58753978994578,72.98580128778883,72.40043403773635,71.87534524822682,71.4450541135377,71.11267997707151,70.888641280203,70.77878728240044,70.7656704754891,70.84669405729598,71.00924210911735,71.2470277004441,71.51323191700382,71.9192306974395,72.28054947994788,72.64845776776734,72.96140098869172,73.213765935058,73.34089734851528,73.31425295441788,73.11866664354692,72.78670800143594,72.43987226000185,72.13433676950328,71.9443868999089,71.87747516468369,71.95656305707234,72.16371439070748,72.48607440904226,72.921000918649,73.43075915614727,73.94034665939144,74.43570381644493,74.75628568636655,74.99811356754658,75.11620977725488,75.13332098317468,75.05896097012058,74.87355140152881,74.60082529058813,74.32056520781579,73.92120554280419,73.49116558840645,73.11817680439093,72.75973960460144,72.4550234450821,72.28497838921203,72.10864451640383,71.99387482538982,71.94224708482108,71.9404295096641,71.92271193417992,72.061754211431,72.23760240355982,72.42047051329358,72.48443862025786,72.55764768550394,72.5791904727374,72.54415338281699,72.44401460851807,72.2793967387423,72.05297161078302,71.77036323431412,71.4372800124995,71.07378951351726,70.66446878589292,70.28719141621704,69.88629326306825,69.49909245504854,69.16102429647356,68.94660569660421,68.90022004595582,68.98041711541812,69.13271311040002,69.36118104802523,69.44100783354574,69.43578283819411,69.33716196194736,69.15119881177274,68.88901275559134,68.53130768272433,68.08475333623831,67.56748413922872,67.00237320424604,66.4374118932572,65.93287008380733,65.46412134136978,65.07581025201308,64.7545620920174,64.49161475289164,64.27712148109502,64.19669137962345,64.1315175407283,64.13824921407085,64.18178298478246,64.2720692471843,64.41230522044538,64.5050684832389,64.75439690292627,65.05782492449816,65.38231800543277,65.71832210873295,65.9915706786281,66.29020331779417,66.58056103120303,66.85226468200189,67.10312423279646,67.33194961024712,67.52600370048121,67.66275341514877,67.74785152928462,67.79640076977486,67.81414460274726,67.80991713440038,67.77416236717981,67.75804895432881,67.73174468091082,67.73831400256533,67.74052434483046,67.75831005502417,67.79382970637316,67.84934078000697,67.92721418945193,68.03179938717152,68.15426941194917,68.29361350872647,68.44689652214917,68.61473579819445,68.76532099214995,69.01139975877227,69.26112321367323,69.53714181871013,69.8510016483791,70.2023300217206,70.58329955362117,70.94578304712024,71.23987978058553,71.4053958662584,71.3994989706568,71.24085966598973,71.02138496937894,70.79366757928396,70.63298476206174,70.59811094436212,70.71550722235716,70.90183750695059,71.19582674355215,71.57564123158757,72.02809122702554,72.55235444636823,73.12007501596771,73.69482470216076,74.25086599236185,74.76540179550017,75.24291783655929,75.68306828923744,76.08065241867654,76.3826516766331,76.50105168416076,76.45378693329752,76.25124992705696,75.91821519678138,75.57798657598296,75.2690490052884,75.0775855248696,75.00862998989383,75.04805836265349,75.19555866734527,75.43759456782155,75.7613755749661,76.13691203364225,76.53346407246167,76.8879880636245,77.22276717987893,77.48120084498797,77.57992045662877,77.62153429448433,77.57682066946022,77.45818626534744,77.27571173271167,77.03495950470209,76.75231705649604,76.45027547626505,76.13198594510406,75.78929567870158,75.39484653242317,74.95358791531812,74.58272466936418,74.18248001434459,73.8184878016628,73.51551720486371,73.26338290955484,73.07930655097758,72.98144300068415,72.98595154373622,73.07947932740194,73.2416551107275,73.43373839593478,73.55774842991431,73.53021447257413,73.35841725514479,73.0606933111225,72.65031497045071,72.14728425356648,71.56372050441152,70.91657511326405,70.21846470003035,69.47929605156908,68.72008821693873,68.0005311207077,67.36435694741071,66.84994482127853,66.49510233274401,66.29825142688219,66.21475665160605,66.24505613984911,66.37193630694279
49.26396367279246,49.44001094621655,49.63915546125187,49.9264700104784,50.24184139575656,50.51542142801421,50.82061627030505,51.101700042511546,51.36637957102286,51.62418064907335,51.85066355002526,52.05088500717018,52.23444827159198,52.393997416289444,52.525447602810075,52.60141305235405,52.63534744440173,52.62631360618651,52.5824244705642,52.4947321671833,52.37209403539135,52.226724186167914,52.06504187922575,51.895527264620306,51.66054332186957,51.54634234797998,51.40256556357975,51.203358367699096,51.084517127695555,50.987110413581355,50.97427248344018,50.88824714023725,50.83490582127312,50.81885171658312,50.80354282113896,50.76194258051801,50.729976840267646,50.72266861232317,50.74958691991104,50.815813228921016,50.96633637869807,51.117086525808084,51.28494287444232,51.38383055393978,51.620400938280504,51.91319114574044,52.229305429766306,52.4803389111409,52.75016031894434,53.011189280956856,53.26965049795228,53.51998589322321,53.77205891387786,54.025729725769054,54.26590826775735,54.47256494360452,54.63292509382842,54.73386296711805,54.76271030658036,54.671864161765356,54.445665870755846,54.170003971000284,53.826434137192635,53.45731032214166,53.15169921548304,52.896008771287335,52.719369229315916,52.675062910875454,52.80551038736172,53.117917152960985,53.47461523165458,53.77217936162112,54.15893767407265,54.39286929949572,54.596565308939894,54.72283533033619,54.75649047801716,54.693706677050685,54.53726352591561,54.30564488178856,54.01923277600616,53.6994268840608,53.368488357576574,53.04621987692708,52.74049150505659,52.455199144825905,52.1934539718539,51.96027212945757,51.76258875087191,51.608362384867654,51.502383646418046,51.35540927907396,51.31420283328817,51.347824347934,51.384497331520365,51.45200494062321,51.56435334771317,51.71632296973296,51.95333956934707,52.12538297655223,52.303976026282314,52.42261015807276,52.67069447814482,52.95269090697292,53.2521165345478,53.559748063477294,53.86515426708827,54.16616234547402,54.466326272928384,54.765094761551715,55.06422279658435,55.36088397638954,55.663840914958456,55.88114424100887,56.15001830074456,56.41374287869438,56.666566140756984,56.909614363576694,57.14855391100789,57.390406219096526,57.64006055022025,57.892174947079475,58.1446987837652,58.39411801323868,58.56449507638213,58.68774709021113,58.76867681888188,58.82482109468808,58.9188537186927,59.06843021538086,59.18136447792486,59.29046003694899,59.370745468876194,59.47481526075748,59.614383786608435,59.79910223480463,59.98957585013799,60.236392604099116,60.48343231116916,60.73280612995487,60.98010742569272,61.24614168537096,61.526974378160894,61.81588839092989,62.114530686935296,62.34060351453969,62.71064170886093,63.054810176993776,63.397707687254076,63.82133323099423,64.3560288072734,64.94208733017918,65.4593058206018,65.86694913506167,66.17644149730326,66.36834247577814,66.48781289374409,66.62290572751625,66.87503995162496,67.22571614208333,67.62415213799869,68.09622898639375,68.60344008706696,69.1189305774794,69.66259188239532,70.20306329855339,70.76589263037475,71.34948970807329,71.95686842882992,72.59165612626938,73.24158598087784,73.89367376912814,74.50580595011063,75.03411818134272,75.48778235887777,75.86153024844147,76.12464040331109,76.2499130743451,76.20579017667771,75.97870306316827,75.63269412718107,75.249669872652,74.92209866249887,74.68877063981923,74.58815240674896,74.63560240921151,74.81612887284926,75.13313879353042,75.52913051776271,75.97519283576139,76.38938016751585,76.8744475578638,77.29991617116055,77.57171996915703,77.80289767837772,77.94685178102257,77.99629403281786,77.94697840997952,77.81452709199213,77.62015311338402,77.38335212298911,77.13000805752773,76.78776053787786,76.39486798549976,75.9955420401304,75.7209046511724,75.3774225226828,75.085782936344,74.86874264330119,74.74349791887924,74.68147930782318,74.7214305778322,74.86920641117787,75.09677852418538,75.2887189806242,75.59041235979089,75.84939723109918,75.90862988904036,75.95109105966083,75.84404162100658,75.62627172755391,75.27127557733274,74.81534108944345,74.29200888303835,73.71799771348496,73.12552672764043,72.53610887656036,71.99496588503382,71.5387069013224,71.18011990125129,70.93068637372807,70.79420149691676,70.74992529577703,70.80193413092596,70.93526077307936,71.14916652613437,71.38200303818967,71.8018633707121,72.1525008196087,72.52975541605011,72.8654047676346,73.16121526468625,73.33792447982832,73.35986714511353,73.20096194511791,72.80586018113529,72.45848491712093,72.14056917370598,71.9856841265084,71.87964377811961,71.91623202241473,72.08373615748468,72.37548837977012,72.79277052171386,73.30014107669392,73.81487157520336,74.34611725812927,74.67370587528603,74.94134829478558,75.08383442660072,75.12969631280588,75.0905295166491,74.93586052043734,74.6892857675781,74.45014501037666,74.04149057262826,73.59162525689507,73.20641670596338,72.82468147386462,72.49615521014134,72.34481114980944,72.1487842695611,72.0137247256742,71.94421562678001,71.91876185388094,71.8524983829565,71.99711042010964,72.18666419635545,72.38947816874223,72.43499089630434,72.51947691415273,72.5576585768881,72.54602344643193,72.47306056066097,72.33607957612166,72.13561985002855,71.87851477011758,71.56460602471259,71.21948051010955,70.80204304749097,70.43267609513646,70.01385647977406,69.59732264988875,69.2078079404564,68.94185109362657,68.85557484588269,68.90957682505562,69.0501858070785,69.31343893404205,69.40076077026492,69.41696391459114,69.34669015194775,69.19371787994501,68.9642101698152,68.6362100813722,68.21356713083748,67.71137868061102,67.14961968041763,66.57880772682321,66.06879754383685,65.57726355360059,65.17184934080942,64.83225501970875,64.54188287460126,64.2947803569702,64.22072289457567,64.1290569237906,64.12537876658267,64.14754319100274,64.21626260236218,64.33805451410569,64.37066938364045,64.61374267419671,64.91721255799011,65.24643511814604,65.59217947265415,65.84966512674858,66.14911272308346,66.44667674132184,66.72919584324146,66.99683777942973,67.24755141295226,67.46594215382096,67.62510489268892,67.72845673831411,67.79488677734041,67.82654662069304,67.83247639441052,67.73973449631033,67.7784414298163,67.69710398083788,67.76017034426678,67.75123693126044,67.75539349957161,67.77578598445545,67.81555766438827,67.87767674051942,67.96927910857087,68.07613062183908,68.19966502176261,68.33683700283248,68.48763456706331,68.60622553212079,68.85481436633252,69.09824791028751,69.37027152007254,69.68833506680491,70.05289339676575,70.46023132392203,70.8583382341266,71.1990699166994,71.41465024195126,71.44605049500446,71.27552404259481,71.03416092138492,70.79612769868858,70.60379261742293,70.53836147353893,70.66060460077637,70.81915126638295,71.0878951902825,71.44659629847202,71.88294805878047,72.39579025969309,72.95630902413528,73.52538960692927,74.0847638233822,74.60305471945769,75.088678909819,75.55074728681019,75.98492181810776,76.33768381728319,76.51000667680985,76.50929516895144,76.342462490622,75.95655945876348,75.66410579942138,75.32999765044798,75.10505403610918,75.0022729969912,75.0060525231089,75.12420510349149,75.3451141746545,75.65824829124826,76.0311878194861,76.43427258741532,76.79414353764163,77.15625632543136,77.44503613742015,77.54489837983921,77.60577789443207,77.58122917111415,77.48341293130834,77.32265622644154,77.10351110700933,76.84035257404959,76.56122016510581,76.26454128141253,75.93754736113559,75.54014269204043,75.0827179677066,74.72925028226337,74.31083293355698,73.92473033916703,73.59966569429889,73.32258758483957,73.11408287327446,72.99147957304982,72.97522182147011,73.05672190374645,73.22125518410704,73.43353779172114,73.5857804862057,73.58480233663455,73.43590428514786,73.15658069423748,72.757830749802,72.26521774427162,71.68994185308443,71.05339105313307,70.36809318207263,69.63845760834046,68.87482842691998,68.13724497494587,67.4738351456101,66.93073096846865,66.53894217726831,66.31970255723978,66.21396859561098,66.23015124072316,66.33491287875701
49.14349758240392,49.300637952760134,49.463583197989166,49.75515509017423,50.078593230436795,50.340631630927604,50.65001857417463,50.93845155186295,51.212395333686054,51.48270888097455,51.72217665484779,51.937697781211796,52.1417017279711,52.3269428167504,52.48826527230288,52.590732239341605,52.652042583604704,52.66765452256844,52.64739315475762,52.57524973652373,52.46225738276506,52.323625538507194,52.16499424974499,51.99534201540065,51.71721798277975,51.628586660762544,51.482271592432156,51.20001739729533,51.07345568835926,50.975971452876436,51.03764019299777,50.935252816948626,50.86702367638696,50.83906691808718,50.80835209706366,50.743691495960775,50.689055622136806,50.660974192810365,50.670993933875316,50.71916978150398,50.85752590214952,50.99484851029512,51.14898968674867,51.20549146284795,51.4439378648576,51.74496217224551,52.07053485093581,52.30920063713339,52.5768578558744,52.83814624950724,53.10219629731641,53.3599833298935,53.626513468799715,53.903397356146016,54.17489146763068,54.41792214275682,54.619594151403255,54.766697691170265,54.84654992325207,54.78428602886248,54.54673394018533,54.27540398648354,53.92177067502461,53.5252377482447,53.2028330247209,52.91265420300195,52.694743495994665,52.616778431296986,52.71835169670736,53.00685209475617,53.353798739453346,53.63507870535382,54.05666812122371,54.294077313797054,54.518551134485506,54.67276294692138,54.74003223713797,54.709682128799976,54.5774529266902,54.36355452924627,54.09036780522351,53.78059326629859,53.457489568770335,53.140362977487776,52.833212548526035,52.54145848190495,52.26911197248147,52.0228538845004,51.81069584180715,51.642258604296586,51.523091454612704,51.33226933657424,51.27152904347397,51.29361521503469,51.310697211095444,51.36285873598903,51.46342360667415,51.605483588828704,51.86017432869856,52.02024057087216,52.18629731274499,52.26381147594932,52.50559736820809,52.78326370530682,53.08022575778108,53.38788258956413,53.69386579199046,53.99568728953139,54.29782499284536,54.59922638004853,54.90174760878803,55.202140911554245,55.51151952558778,55.70808065783878,55.97734708464697,56.244408477890815,56.501776443879585,56.75157025753501,56.9994445811635,57.2523591488094,57.51509785274595,57.780827705768544,58.04906102660516,58.316563089645605,58.487240934527506,58.608077106864776,58.68294170747625,58.72891424444373,58.819349685146356,58.98224320740478,59.08566652298703,59.18245914186444,59.23791410695321,59.32838994145857,59.45954844596928,59.637398615988,59.825447671150734,60.07874082829228,60.32469130557571,60.573262300811415,60.81964223278798,61.08644890900666,61.36632312444047,61.65036186742015,61.94191557549281,62.130574075685736,62.506715718624676,62.84364543345784,63.17586781696415,63.595913444397596,64.14401923942317,64.76631472745525,65.32498833574235,65.76734355030881,66.09972939845993,66.28632784516046,66.38882447031405,66.49857559590605,66.73379127022763,67.08921711414297,67.48076966339204,67.94778441245295,68.45420382166307,68.96847754231496,69.51851410556088,70.05117005143507,70.60396435732065,71.1754433863103,71.77236568382418,72.40286473933389,73.05178714646237,73.70992211489316,74.33466241311974,74.87830934871701,75.35472153424315,75.76296351427176,76.07084478779423,76.24942455161442,76.2534064573917,76.06013525972878,75.73061262798645,75.34011823898612,74.98716284256328,74.71757662071371,74.5776422635245,74.58890599839538,74.7382030906481,75.03101267162425,75.41450006545509,75.85271167902135,76.24491861089759,76.75571536954672,77.21148778581978,77.48435319924667,77.73398144884398,77.89966722122848,77.97460646629472,77.95480016073547,77.85420005864931,77.69151598205774,77.48423655761118,77.26192955210509,76.91902780529783,76.5103796652854,76.08890092590983,75.83041372056832,75.46099991884235,75.13993450086305,74.89381733031443,74.74867626774916,74.65619517826627,74.67286527416786,74.80524500253051,75.0261476211219,75.19461287904252,75.5204818352544,75.81527833790237,75.87835356682685,75.9568546673736,75.85683687312813,75.66492309349596,75.33563462334007,74.90453992526605,74.40606121372196,73.85058223734082,73.27122432721052,72.68034449393899,72.12448716871044,71.64233607398477,71.25751908281873,70.98250225142756,70.81856081926209,70.74121927397651,70.76207737824718,70.86322679346401,71.05019770021708,71.24469369135996,71.6783590544936,72.01462006490313,72.39936825744297,72.75733513004289,73.09871945769244,73.32862750441073,73.40430134443855,73.28768422094332,72.81236128664996,72.46803034273809,72.14155395546848,72.03992607717827,71.89276431277972,71.88357887873799,72.00758250573732,72.264934534271,72.66117090594985,73.16363489384617,73.68107762113645,74.24907342920555,74.58104361012114,74.87443346546614,75.04147486074214,75.11713443870039,75.11551957071224,74.99441229960615,74.77717523998011,74.58488123542747,74.16702766282346,73.69673704283352,73.2994132149956,72.89344317183856,72.54001194836191,72.41185819580633,72.19512584314063,72.03833082601102,71.94944793571163,71.89748216514778,71.77646103547171,71.92631743686117,72.12969543196408,72.35296121552665,72.37573919422356,72.47078953336458,72.52556667946885,72.53820815143973,72.49410459675799,72.38698074659429,72.21505235660375,71.98666569509241,71.69491184301734,71.3718511232065,70.94683601876719,70.58904775995475,70.15314934881744,69.7072556344349,69.2627134874494,68.94050129932926,68.80952948633488,68.83290049123177,68.95802759587562,69.25698359117494,69.34936198138388,69.38659124609845,69.34527633048242,69.2269477415712,69.03247569559201,68.73707419822074,68.34147991721481,67.85736074336539,67.30134141681167,66.7264467878365,66.21295263210139,65.69837583292023,65.27636650865361,64.91867609025158,64.59952137783361,64.31789901394977,64.25356355738857,64.13370527940928,64.12034206167351,64.11990860153706,64.16551787117113,64.26747390154038,64.23298347780948,64.46909652323824,64.77222764654587,65.10603242012932,65.46168388118781,65.70033054769212,65.99934518106757,66.30361454078272,66.59679906272842,66.88183611610816,67.15579218238842,67.4004449496325,67.58417087992842,67.70780135658352,67.7945534558011,67.84237011793802,67.8604931411359,67.69557156319773,67.805805575065,67.6549858482969,67.79226301564958,67.77212553243787,67.76221536168615,67.76674453522492,67.78982232637333,67.83505916180246,67.91277861576697,68.00250919978899,68.10853683150263,68.22770758556257,68.35924725321082,68.44166735092233,68.69251468235461,68.92797487831463,69.19422017594489,69.51527014596716,69.89239330882961,70.32661039214048,70.76193679107469,71.15293250850694,71.4239110728857,71.49806537262972,71.3148231267642,71.04931013381172,70.80581793211783,70.58148158655068,70.4848458282663,70.6165852437489,70.74559231697238,70.98699671139929,71.32234217463673,71.74035839347614,72.23945748803757,72.79041128806202,73.35109509553226,73.91184319632475,74.43147071489892,74.92280145327787,75.40561568308749,75.876829609966,76.28291304284772,76.51379047209139,76.56498917610107,76.43965955175985,75.98793136208077,75.76165501876027,75.40284269275148,75.14325518836276,75.00479804912834,74.97001596855868,75.05593401677964,75.25299115990751,75.55318121228194,75.92141351093527,76.32940889031173,76.69264461343974,77.08262888692825,77.40265659543294,77.5011786417888,77.5810987188244,77.57684249428917,77.500453956808,77.36264281378104,77.16685094358292,76.9252474442546,76.67196476755126,76.40008900734837,76.0916754601298,75.69191888042059,75.21797779952463,74.88650607405177,74.44964993480056,74.04064168888358,73.69251782104278,73.38908062206379,73.15458603538688,73.00507176807625,72.96562716142985,73.0329010069455,73.19835560539534,73.43063327728697,73.61145818294591,73.63723448941438,73.51115511735429,73.24989949202384,72.86193510447904,72.37931913374477,71.81223898842696,71.18739620530931,70.51752394710437,69.80098157778762,69.03568731417704,68.28161165105011,67.59146386591941,67.02006632177319,66.58977222910238,66.34833070655054,66.22036946912712,66.22337817935878,66.30491725625932
