1,265.4268311039145,287.49819028581874,268.7841087404624,289.0012760591435,272.0075815852744,290.7734456796358,275.08442650029065,292.78966386484655,278.005138419373,295.0262061946988,280.76153129016654,297.46248167896874,283.3480422878722,300.0785077699438,285.76683096703647,302.850520021044,288.03142375160274,305.75005020987084,290.1638199499143,308.74830341632793,292.1891457658669,311.8200174453269,294.13379881104913,314.94351314548743,296.02452524165767,318.09999540433193,297.8858132938263,321.2739498842225,299.73678526573565,324.4539372280045,301.59129909110277,327.6318590415451,303.4601455891601,330.8013680946822,305.35407691779596,333.9559421063434,307.28438578754526,337.08837295673777,309.2622470600329,340.1909786365017,311.2969637121163,343.25658088702164,313.3932228042054,346.28042531231426,315.5527660016639,349.2593988245143,317.77632774080513,352.19089178643185,320.0650393470167,355.07180084093426,322.42006894168014,357.89874787751927,324.84293994731144,360.6677594419875,327.3353259310008,363.3743604211067,329.8972448559035,366.01523775823335,332.5257121007446,368.5899000011151,335.2151853718181,371.1007894833184,337.95869358466354,373.5525456453026,340.7491540399276,375.9507498476767,343.5792753703259,378.3020411759086,346.4416733243597,380.61395051374683,349.32932154905626,382.89425769084096,352.23638904284354,385.1497653250735,355.1579335433193,387.3864956009315,358.0893948946256,389.6102175415963,361.0259114146519,391.82726225552864,363.96149308153684,394.04554403215525,366.8896301536277,396.2736385882638,369.8009019288243,398.52369868131404,372.6771255768826,400.81834014962715,375.5116919075801,403.1642546348231,378.306526761878,405.55737508816367,381.06387257007316,407.99360465683503,383.78614741228023,410.46896921630275,386.4759180821211,412.9796224804334,389.1358456934422,415.5218779585958
2,269.57038319843497,289.1278810386015,272.75005861235775,290.9775518651016,275.7801143305968,293.063477680213,278.65148442137445,295.3630590489941,281.3556337916595,297.8571932123707,283.88336394304986,300.53000721224305,286.22837805223685,303.364548405866,288.3942380606037,306.3383873856849,290.39868199094144,309.4235248823566,292.2729158713093,312.58963935671966,294.05775248777,315.8071369461662,295.798599587068,319.0487136045646,297.5391483119857,322.2904526615191,299.3125911086805,325.51428497568116,301.1373726317429,328.70931908759206,303.0201064190186,331.87054547342507,304.9609614670452,334.99642431535136,306.95932800832423,338.08585272105415,309.01455225508676,341.1377520173944,311.12605155551387,344.15099009767255,313.2933837758874,347.1243214168544,315.51621958467786,350.05638930908185,317.79432872958256,352.94571979322404,320.1275727883045,355.79071059039615,322.51589924388753,358.58961818840925,324.9593212850344,361.3405562024997,327.4579172885272,364.04147650503114,330.01181765482585,366.6901600127637,332.62117057047533,369.2842273475685,335.2861423900601,371.8211164983046,338.0069675727259,374.2980014551331,340.7837546784619,376.711977115348,343.61563499747507,379.06107937133186,346.49935149063265,381.3462655023772,349.42908059037364,383.57218228152715,352.39691046528105,385.74706952934434,355.39405976539945,387.88139942444707,358.41084085757456,389.9879123456441,361.4369858434618,392.0809626291945,364.4613959348603,394.1765150978902,367.4680089498063,396.2974891991515,370.44792716491344,398.45580750810444,373.40208814881714,400.6492536242358,376.3319813141267,402.8750164020044,379.2391846901713,405.1303393794693,382.1253539276424,407.41252210305305,384.9922121322732,409.71891991636323,387.8415405525087,412.0469424069627,390.6751701151478,414.3940506995581,393.49495494727597,416.7577761555489
3,272.76475422776093,290.21286721364146,275.8022538122122,292.2870399383135,278.63524119411306,294.6329940114614,281.258164572762,297.2120562036653,283.6833052019473,299.9782812469134,285.93389541892293,302.88857683440585,288.03610138009043,305.90800191645445,290.01686709868204,309.0085879501479,291.903179700507,312.1676238170132,293.721542572882,315.36631725402384,295.4958633284122,318.58968298990976,297.2456480700746,321.82644705285884,298.9861183523335,325.0682336304352,300.7309262797751,328.30768568623273,302.49403663496867,331.53720430445316,304.2895440404046,334.7488088564082,306.13085808342095,337.9343519253778,308.02964150384787,341.0859543542702,309.9955684197634,344.19609298081934,312.0365387173521,347.2574859608187,314.15867131786166,350.26316678766943,316.36517066079114,353.20745780950136,318.6555131486637,356.087012798303,321.02652229668973,358.9005269145151,323.47444254325455,361.6473921573624,325.9963380382199,364.32650403525514,328.59015941606333,366.936040577602,331.2543024500795,369.4737416529682,333.9866903803337,371.93781549638766,336.7832704908246,374.32880223002377,339.6380941843097,376.6499618206572,342.54402076883827,378.9068436749775,345.4939230108139,381.1059610099744,348.48097965408493,383.25436369295073,351.4987124704562,385.3594803202284,354.5409671787347,387.4290173283549,357.6018685536942,389.47088771862883,360.67535591434796,391.4937739810189,363.7551528555589,393.50704640289393,366.83393114861286,395.52187394121296,369.89959740778403,397.5565760407612,372.9460605624093,399.61991954040053,375.9741049777192,401.7102026232486,378.9848007021276,403.8253997690167,381.9792662828358,405.9635143849296,384.95866353371764,408.12257897455595,387.9241926256804,410.30065470310194,390.8770875015374,412.4958304268903,393.8186116094107,414.7062212521099,396.75004375667993,416.9299800639928
4,275.57200381727574,292.14303011314956,278.400981670891,294.49441663913734,281.0523371221875,297.04457126567166,283.52535260413816,299.7681444265572,285.822647378556,302.64161751004355,287.95309775092494,305.6410236444199,289.93401737263406,308.7413685744043,291.7878079920034,311.91948396630005,293.5390205175674,315.1553467295942,295.2129912450925,318.4319016040879,296.83647650865817,321.7338062077935,298.4364393004907,325.04719193743165,300.03879944303327,328.35941728276356,301.66778298228786,331.6586113793564,303.34491064723176,334.93356338020556,305.08759386230355,338.1740752627919,306.9085456796365,341.3712286687945,308.81767355871585,344.51649334314203,310.82150134064875,347.6022662387846,312.92188206319724,350.6231456121417,315.1152253573929,353.5772318784168,317.39529926008123,356.4649214439228,319.7563237133145,359.28682120128497,322.1939736307258,362.04280715958186,324.7050355824919,364.7320794331534,327.2872114794027,367.3531455147753,329.9389553472244,369.90380366569383,332.6594812576958,372.38095901935793,335.4487742573572,374.78040731652504,338.306074807927,377.09844778492936,341.2294768736285,379.3325479814621,344.2162264188154,381.4812259892451,347.2637202889776,383.5428450499815,350.3692527697884,385.51595798666517,353.52548463208944,387.4069960375429,356.7186755633566,389.2350073086587,359.93743886152754,391.0176645180011,363.15482510447913,392.80279073743446,366.3364705609533,394.6507137956691,369.46619626388264,396.58527615921196,372.56491796753,398.5692833441235,375.6652675233875,400.5507400021178,378.7887435565629,402.49550978244184,381.9360893667089,404.4014151558723,385.10486159054756,406.27148736466796,388.2927244802913,408.1088337525902,391.49744463996416,409.91662296769766,394.7168840804908,411.6980723599374,397.94899196605877,413.4564373613398,401.19180788882704,415.1949791637555
5,278.1867852863932,294.285773807157,280.86571164405603,296.8070700262306,283.37738392962154,299.4951147696516,285.72151265766263,302.33053977249307,287.9013507589562,305.2942236106541,289.92535307412635,308.366552408511,291.80791709322114,311.52762908343243,293.5672993199288,314.7589791658775,295.2237210819372,318.0443716732398,296.79912554671796,321.3694332361847,298.31780910144676,324.7208255323552,299.80744851196215,328.0852527281667,301.2980640215818,331.4492466525612,302.81990080438743,334.7992054221701,304.40070981970234,338.1216960717381,306.0640069168636,341.4036115363393,307.8274554542647,344.6327675409486,309.7021321946561,347.79860961623393,311.69293322230385,350.89272055825654,313.8020136245974,353.9074298810433,316.0289037946636,356.836186732506,318.36969353821104,359.67475081737564,320.81616349106656,362.4227858845719,323.35912622292165,365.0818138685781,325.9897879452539,367.6541402148501,328.70023700112677,370.14228053802617,331.4835101716053,372.5487048620656,334.33356180193283,374.87567336389066,337.24492022505245,377.12548558098456,340.21222952123725,379.3009922182223,343.2298687182429,381.40615396451363,346.29200036029266,383.44608212609256,349.3929030737033,385.42659995225597,352.5275202492498,387.3533314989359,355.69203895724473,389.23055998276885,358.8835332324542,391.06156046845103,362.09959352219084,392.8490678880036,365.3380282307277,394.5957199554722,368.5966401412891,396.30444084595234,371.8738076206594,397.9773009830191,375.1677807108173,399.61683429099,378.47395305452164,401.2316403065012,381.78962889933473,402.82684458087664,385.11371811723455,404.40444432956525,388.44518582417066,405.9664044176247,391.7830252898318,407.5147033532555,395.1262546715658,409.0513307891722,398.47391359511795,410.5782853336667,401.8250596123354,412.09757262904094,405.1787672532182,413.6111976844005
6,281.60991797483763,296.83409015812214,284.01840131180245,299.6146931667231,286.2216618473185,302.5606385698548,288.2214225944961,305.6484972117792,290.0385925173515,308.84744223126756,291.70714509236893,312.1265631494777,293.268411266339,315.4582490527131,294.76579106838534,318.81921330886775,296.2364179146865,322.19199595792287,297.7067959885705,325.5648876143296,299.19331989357477,328.930688369539,300.7080619268694,332.2838747220806,302.26346975963133,335.61837640719733,303.87274106914964,338.92719652388126,305.5492368678765,342.20243911374547,307.30606245641525,345.4352675522488,309.15604070266534,348.6156625332101,311.10993584350217,351.73325433741905,313.1739105502232,354.7790646059155,315.3470013530174,357.74800984437235,317.6254200900917,360.6369212604595,320.00513412337347,363.44298189481617,322.48300869939817,366.1627519113734,325.0562555687576,368.79246591441085,327.7224474412292,371.3278907593731,330.4792937526995,373.7644290658094,333.3239802499857,376.09781075286736,336.25180702224657,378.325994666116,339.256246994445,380.4497771331295,342.3298396375617,382.4722200217575,345.46580706461964,384.3965564963208,348.65836120681274,386.22550385608173,351.90227578082664,387.9617519945601,355.1931222592858,389.60731905868886,358.52854502106896,391.1605515236306,361.9022982455879,392.6287536515065,365.3032895686863,394.03283665263854,368.71697391227093,395.40584714297404,372.1288938100846,396.7832259138,375.52487563330874,398.199357774476,378.89174655709706,399.6832694059698,382.2218364208083,401.247999982294,385.5284687251852,402.86185325040753,388.823915674575,404.49843633415276,392.10967090382593,406.1543941339633,395.38675533929955,407.8274479655584,398.65622545294787,409.5153352646411,401.91916813694735,411.21580849672614,405.17669578087856,412.92663362238596,408.4299363805057,414.64559792239424
7,284.5831275566289,300.1965911485306,286.71191288643297,303.19710057726894,288.6756465861819,306.30825636500657,290.48914791096496,309.5094191411424,292.16948944889856,312.78253203255707,293.73507519908367,316.1121341935438,295.20580249411546,319.48477157315574,296.6042041142939,322.88808516589387,297.9557303780467,326.3103196022928,299.2879767669084,329.7401204158378,300.6286400933065,333.1666335399357,302.0047742844694,336.5790293441486,303.44213273057585,339.96604816667497,304.9639813508649,343.3158992983291,306.58881961096887,346.61696946278386,308.33022890318483,349.8580098064123,310.19840389077865,353.027616894577,312.20362624708287,356.1122837898083,314.35157286519814,359.0992832110066,316.63992186751955,361.98015416189236,319.05818134027845,364.7529152157225,321.5953973830206,367.4172952305332,324.2427001638201,369.9723444381896,326.9932891984577,372.4158671337515,329.8412101257048,374.7452343831106,332.77945137352515,376.9596102100842,335.79942047928205,379.06120856400656,338.8915138483584,381.0552268868401,342.0463341130854,382.94849838686054,345.25498895079596,384.7490836598877,348.5096769731729,386.46510776917756,351.8040628128399,388.1036649680697,355.13330680128007,389.67021196434445,358.4930807451073,391.17019065616233,361.8797524766933,392.6084272019568,365.290385131429,393.98890246678735,368.72135334353203,395.3180657644133,372.16545588799465,396.6128740197957,375.61227790839234,397.9004403712881,379.04955333793765,399.21322027257565,382.46468447061324,400.58247277149195,385.85374187380233,402.01509195962507,389.2204618450527,403.49947230608984,392.5665776088918,405.02974674134805,395.8936486020932,406.6010096556025,399.2034106424864,408.20842293819356,402.4977503176929,409.8472205671827,405.7786810187662,411.5127085701317,409.04832071019064,413.20026108989686,412.3088624498255,414.9053303076883
8,286.50314977357374,302.5491112966428,288.4259345410559,305.68577248374595,290.2004712785283,308.90869639905395,291.83658460930917,312.20410580004824,293.3442505260934,315.5602740271875,294.73868229826894,318.9651201178254,296.0447501242295,322.40490256750064,297.29556238165384,325.86521374673686,298.52653357301534,329.3326516485641,299.7727002574264,332.79464357374474,301.0669290142615,336.2389175797757,302.43552771749063,339.6542733918619,303.8972776372202,343.0307693465143,305.46543395700303,346.359137696164,307.1515732507254,349.62926887206805,308.96715894883806,352.8292840579867,310.9187569458134,355.94818503762195,313.00563591575275,358.97823906455284,315.22133645923316,361.9154249492319,317.5595178870399,364.7560853512823,320.0150467279834,367.4959447504171,322.5839329090926,370.1298081320153,325.2632195792011,372.6512691819895,328.04950437077247,375.05395693816274,330.93780308679317,377.3330054733497,333.92104015102416,379.48631300217096,336.9908138822966,381.51438479823287,340.13884365923303,383.4187568153934,343.3574919609432,385.20121215285235,346.6397512465505,386.8636603222127,349.9789004379627,388.4087009302794,353.36983856632384,389.8364959389165,356.8075138867076,391.14783688318465,360.2836508118644,392.3536716169874,363.7871294553923,393.47779123760824,367.3071785862187,394.5490226314007,370.8344128173467,395.5964139497289,374.35977420574034,396.65007837864715,377.876006094384,397.7337714636714,381.3793292238727,398.8584920445582,384.8697271812268,400.0227086686266,388.34663647775756,401.226604144277,391.8074891163921,402.4758787712617,395.24989851829116,403.7751142775087,398.6743756552625,405.1209175997908,402.0818979086555,406.50910141793986,405.4735949089114,407.93552445400155,408.850730028555,409.396098169248,412.21468275265926,410.88679002112775,415.56691645451554,412.40365800992157
9,289.1631224828955,306.3993488183941,290.88026182809836,309.6531289590393,292.44228221194743,312.9842438052996,293.8663193571102,316.37673027728226,295.17463694520075,319.81558384143784,296.3927641225486,323.2874766362162,297.54845807711644,326.78069551946453,298.6712758754011,330.28464603934935,299.7925077620042,333.7891056433086,300.94384227713016,337.2837663585493,302.1561571662222,340.7576947061185,303.45858693149603,344.19878152861514,304.8778021221246,347.5932827752893,306.4359046378262,350.9262284165799,308.1489280627764,354.1821871625141,310.02605128097906,357.3463210543244,312.0702216380909,360.40515767736235,314.2769917932707,363.348857885491,316.63594902850997,366.1721151419962,319.1338529476924,368.8732651131438,321.7586966203406,371.4512770325309,324.5002318280568,373.9048621211504,327.3499848028174,376.2318934503302,330.30123258607813,378.428781474291,333.3483344043012,380.4906543236475,336.4849905730913,382.4135654250364,339.703111464074,384.1968398067301,342.99251048107095,385.845018448492,346.34218994992847,387.3670644329182,349.74130804230845,388.7753681372338,353.1798117091959,390.08469133507623,356.6489034565067,391.3107798298955,360.14153477507557,392.4681881375916,363.6524197875189,393.5690346512271,367.1777814387876,394.6226366619941,370.71459867756926,395.6371474982887,374.26006802838396,396.62101960449877,377.81132966147584,397.58379509133755,381.36523373183746,398.5367812239798,384.91785664620403,399.49452505629256,388.46427114984976,400.47496712107426,392.00011352982983,401.4928592806481,395.5251162878837,402.54768702136323,399.0398411449075,403.6362795823808,402.5449399562992,404.75548635766717,406.0411450302249,405.90218019892023,409.529259729427,407.07325919947283,413.0101494125265,408.2656471349255,416.48473274101906,409.47629273442595,419.95396993952136,410.7021775718763
10,291.2086171499373,309.646142854373,292.5996203742571,313.0522485843878,293.8573905167059,316.509852496492,295.00436516489737,320.0058486716224,296.06736353957217,323.5283516565971,297.07839092005895,327.06616610395236,298.0724694771412,330.60879560718433,299.08531388012864,334.1460892200716,300.15096519908946,337.6677905529887,301.2997673143735,341.16318973581707,302.5553620382387,344.62160610187635,303.93420700593515,348.032706480858,305.4475127256468,351.3862707610839,307.105545580177,354.67063264857757,308.91777241357653,357.8724324395827,310.8903881078074,360.9779485816101,313.0219618614222,363.9765779307219,315.3058100592653,366.8609364103358,317.7343916259906,369.62453664249244,320.3021895123492,372.2592678911359,323.005781984143,374.7544197282637,325.84211679986385,377.0975249273119,328.80590196505295,379.2771659361454,331.887733773857,381.2864638553123,335.0745088969775,383.12486805741776,338.3514107353439,384.79747836994056,341.70268382508846,386.3157947594641,345.1120405439772,387.6989938976498,348.5642205771318,388.9717811705675,352.046489847923,390.1599480235673,355.5492931974614,391.28623869266295,359.06660822486435,392.3664073369271,362.59546069288274,393.4082812114246,366.13468657717647,394.41435495268297,369.683934599348,395.3844790413032,373.24294059876377,396.31816853111354,376.81140453088807,397.2150318216433,380.38885007403445,398.0753741669082,383.9746789561567,398.9000795023576,387.5683849863803,399.6897666050093,391.16657229310937,400.45883011461103,394.7656452565172,401.22374271923917,398.3651032738042,401.9868414865117,401.9647701255115,402.74895463022347,405.56447026125403,403.5109105621577,409.16402822298176,404.27353779355894,412.7632680681501,405.03766483622246,416.3620127931135,405.8041201012947,419.9600837572687,406.57373179301027,423.55729853745987,407.3473350875522
11,293.2555302813287,314.9923363819939,294.3584427002962,318.50242468549396,295.3618164848461,322.04235302865015,296.30609992775237,325.59856098479423,297.23202449622136,329.15961141328506,298.1739099065979,332.7164616178187,299.1578922915595,336.2618745264348,300.2033554538784,339.78961973792343,301.3267807295489,343.29328403279885,302.5439194441161,346.7654652823322,303.8686254914318,350.1980086414399,305.3126762646901,353.58203129410214,306.8885172948877,356.9066634720944,308.6151478727802,360.15541620975586,310.51580011631904,363.3053445477831,312.61191199175767,366.3285443622627,314.9136448277569,369.1981595162427,317.4139272772192,371.89658043752263,320.09196330019677,374.4188489456592,322.9214005409633,376.7701744473803,325.8827517316887,378.95311682277094,328.9613150626221,380.9674388356869,332.1457126233579,382.8098998522744,335.42667881381885,384.4743360766284,338.7918684397397,385.9612621273269,342.22174729312576,387.2926620690763,345.69425044662586,388.50891281340483,349.1943398733049,389.6435338499073,352.7136985066463,390.71697171738805,356.2476862554587,391.7412622333088,359.7933304124173,392.72446890472395,363.348855504766,393.6713340561831,366.91319716553437,394.58445584826995,370.48574895904,395.4649097085424,374.06624531647105,396.3124744530549,377.6547487787737,397.12546368040955,381.2512859210018,397.9021365329141,384.85521139622955,398.6437911600365,388.4646813153107,399.3580064215681,392.0769937658225,400.05772982274726,395.6875445017014,400.7664525710284,399.29170114011276,401.5069754163123,402.8889684499238,402.2802798592911,406.4795528659465,403.0840505097557,410.0637192461344,403.9159796192879,413.6417859448742,404.7737694998284,417.2141199474531,405.6551342156158,420.7811320971682,406.5578006167895,424.34327243741023,407.479508779807,427.9010203227123,408.4180320975821
12,294.52285377868606,319.9637592574181,295.37809983773093,323.5424159869761,296.2020677269611,327.12842633104947,297.0217066617837,330.7154313048449,297.85966437164575,334.2981914714228,298.7373811193545,337.8713987724426,299.67561586487125,341.42916395257635,300.6948815598413,344.96452417790374,301.81582969454007,348.46891474940065,303.05937431154973,351.93162628397397,304.44654319388053,355.339250743927,305.99794355955214,358.6751971224714,307.73296036145905,361.91930097804004,309.66868634399765,365.04763212647,311.81759891849185,368.03337852024356,314.1818655757584,370.85162343727285,316.7468214545265,373.48860281002413,319.4875058137897,375.94262305961905,322.37810950939183,378.21830521079613,325.39657425835685,380.32158272867287,328.52471795461526,382.25809309493616,331.74757564356173,384.0325979842502,335.05294503169284,385.6482737854101,338.43077152898377,387.10645681031014,341.87189197179924,388.40833185145135,345.3649953380527,389.5637100527725,348.8976663626713,390.5920504545371,352.45820123035475,391.51960008227326,356.03680190656087,392.37502041138873,359.6258437484295,393.18564192716764,363.2201607246314,393.97258344590625,366.81761040354553,394.7450836212065,370.41888680711565,395.4995277996266,374.0247704084501,396.2316326292306,377.63602490319545,396.93672804588056,381.2552364413473,397.599694043404,384.88350698924756,398.2111155277556,388.5177545367307,398.78612620325777,392.1512994178688,399.3655361270573,395.7775838577041,399.98856589523086,399.39064853291484,400.6839759241214,402.98765854165254,401.45825463905203,406.5705971687515,402.29532215096106,410.1402642382411,403.1873174795456,413.6971313646597,404.12908084731623,417.24188430228025,405.1154822169072,420.77539739175495,406.1414359056951,424.2987086348484,407.2019093232185,427.8129957497212,408.29192671932805,431.319542584469,409.4066025164121
13,295.30349320792425,325.0451761140478,295.9881834195485,328.66036165790297,296.66240237786525,332.2775214583594,297.35288154517974,335.89160240471574,298.0863631037183,339.49717383399735,298.8916355288831,343.08734122905884,299.8000280196511,346.65272822939187,300.84416974526334,350.18063779153016,302.0532658607695,353.6553437618412,303.4504519403889,357.05865666642114,305.0505175938576,360.3713423804841,306.85801113067185,363.5755228820596,308.8678842399184,366.6567913857686,311.0724715759815,369.60187795158555,313.46543345475345,372.3960155236238,316.0428558303432,375.02088308450635,318.8007158751892,377.4553619534532,321.73202594423964,379.6778471586287,324.8236368109381,381.67135472237703,328.0530634878663,383.4330729412313,331.3922813287656,384.9770273127778,334.8139198012882,386.32900183694574,338.29489586171974,387.5203515061173,341.81703141528885,388.5842424618849,345.36740422567385,389.5499705724402,348.9373891459861,390.4406125178112,352.52138752003367,391.27317097422895,356.11516054751974,392.0625377638785,359.7155144622093,392.82136311213003,363.3202431965826,393.55914443031827,366.9281178365151,394.2813926060673,370.5385253103979,394.99087392948303,374.1511405637455,395.6890278885215,377.7657372351034,396.37685098163723,381.3820872542236,397.055396496905,384.99993653106503,397.7259036968708,388.6190129223023,398.38975684669776,392.23900725246057,399.0485873369186,395.8595325174795,399.70449461168425,399.4803833730307,400.3586022692117,403.1008856610603,401.0146341735303,406.7197203585909,401.67979865504765,410.3366274407406,402.3553667344536,413.9516536046777,403.04092897953007,417.56484892565516,403.736076438425,421.1762667147575,404.4404006544816,424.7859633733584,405.1534936957065,428.3939982484797,405.8749481769199,432.0004334890561,406.6043572748801,435.60533200688394,407.3413239933678
14,295.15081826569764,330.7956198483989,295.6663710298092,334.4386577606798,296.3016888813395,338.0626434917964,297.07966396065115,341.6586543347921,298.00649795265605,345.2191916855844,299.08359092124545,348.73718086280536,300.31188936538615,352.2052593221049,301.6928394167563,355.61541074670066,303.22913714297056,358.9584243001992,304.92741985414614,362.2220646213039,306.79816271174474,365.38990296622467,308.8533122419206,368.44121001877085,311.10233857985344,371.35242594044695,313.54980380184287,374.0987867409548,316.1925567148722,376.6577266075809,319.01707393955945,379.0145256109322,322.0052070679463,381.1601616253527,325.13725366613835,383.08975827394414,328.3928998134983,384.80275746379357,331.75092002731145,386.30538729803163,335.1932342911758,387.60348167436973,338.70467259695994,388.70104497430174,342.270516872252,389.606798279086,345.8726980427384,390.3559088442201,349.4955418519,390.9984746950236,353.12732362464163,391.58882794829685,356.7595067672764,392.1767311803858,360.385445306623,392.801827867287,364.0006383352339,393.48626143619975,367.6041403423218,394.22988772554305,371.19980806274646,395.01061519011205,374.7922413259657,395.8061269693455,378.3884460096942,396.58432562657293,381.9959277162672,397.3083106978024,385.6158093150575,397.9675089083435,389.2444343853989,398.5769205769029,392.87730306394764,399.1605840474506,396.5110295783154,399.738898610731,400.142706143979,400.3299200578591,403.7698744507582,400.9479623267394,407.39100369457674,401.6004498207918,411.0077469602178,402.27689546936114,414.6303019196442,402.9212587058263,418.26322790794705,403.5043255489761,421.9048407922336,404.03046881345017,425.5535298670586,404.5051129612458,429.20791793500433,404.9337264938308,432.8668385266723,405.32179765216944,436.5293115651011,405.6748167877352,440.19452113605047,405.99823032116245
15,295.4197765698414,336.26488749880366,295.83818776106807,339.9203860944243,296.3669714314582,343.5614535987319,297.0470550171863,347.17716746022916,297.91950314174653,350.7511442597244,299.02028062482844,354.26135578505864,300.36039188667553,357.68730482361366,301.9281705663059,361.0153400422472,303.7032470380322,364.2376367366747,305.6754477004503,367.34318992823944,307.8433956101711,370.3153187914083,310.21054646804066,373.13122037944396,312.7805979853928,375.76306859824166,315.55178917033004,378.1820620813505,318.5117171460208,380.36603051981706,321.63727655097216,382.30577069719794,324.8984336530326,384.0080442849938,328.2653477268626,385.49062169226386,331.7118651565903,386.77780470648173,335.21644538131505,387.8977285969492,338.7622024917115,388.8799044383759,342.3368192659069,389.7515108524072,345.9317453049492,390.53534909155803,349.5410637093402,391.25013821106256,353.160442386028,391.912214527469,356.78642402853995,392.5371958049584,360.4161320101863,393.14020462736363,364.04728300529496,393.7344764789933,367.6784620970946,394.3285772973151,371.30913094713463,394.92578791819733,374.93924828847116,395.52634205492944,378.5689680312554,396.1292949813366,382.1985009698996,396.73337158506445,385.82807508344905,397.3372006939369,389.45790693264297,397.93947826578244,393.0881813009108,398.53908237049546,396.7190376826298,399.1351517049288,400.35046350799206,399.72774224105063,403.9824377452627,400.31696193954167,407.61474142271095,400.9041476011493,411.2453496815572,401.5017067954902,414.87302485772415,402.11682077229784,418.49778614395166,402.748881250379,422.11970675444195,403.39702339670043,425.73887135678206,404.0603837283801,429.35537541600786,404.73810034554,432.9693245425089,405.42931311038535,436.5808338453405,406.1331637755232,440.1900272918475,406.84879606475334,443.7970338387523,407.57537168239014
16,294.3472409927037,341.0001223826523,294.89767800051953,344.63804696419294,295.56503463938196,348.25628437274685,296.38225838105353,351.84346392862557,297.40598463289314,355.3769413434404,298.69058774130303,358.82377309190315,300.26209346406085,362.14951953228376,302.11073199052504,365.32965338916165,304.2088394524065,368.35118022057236,306.5299575340855,371.2050783132111,309.0521450204125,373.88300772449014,311.7571119279433,376.37621809709447,314.62973831927803,378.6742646973835,317.6549786422855,380.76735117326615,320.8156944286577,382.6497279850951,324.0919242789578,384.32315156959964,327.4629937166905,385.7964549283579,330.9092257126641,387.08447461724006,334.4128133590318,388.20749270145234,337.9582856476028,389.19066371648114,341.5331894186652,390.0610800097465,345.1282242890699,390.8444403114139,348.73687878152754,391.56260423977204,352.35485597897326,392.2323176806319,355.97902372166993,392.8677394448349,359.6069351246586,393.4814619932549,363.2367228868911,394.0840014542718,366.86738108413925,394.6812768806716,370.4986197336305,395.27501302855757,374.13054982996744,395.8645040498139,377.76338711399893,396.4483770923986,381.3973747643886,397.02504530277474,385.0327613190727,397.5928256239698,388.6697973977643,398.14993883197906,392.3087329174051,398.69450373584004,395.94979139562355,399.2246841414632,399.59323830866765,399.73818703854386,403.2390610783081,400.23454938989477,406.88633345938104,400.72016198785906,410.5330296241914,401.2100671107556,414.1754455288405,401.73066926277363,417.8090725148907,402.30933699930165,421.4327903696176,402.9471544559623,425.0464193067175,403.6398782811462,428.6499710944505,404.38326938358705,432.2436322125004,405.17310995544506,435.8277467751489,406.0052161740606,439.402799633513,406.8754469786529,442.9693999565917,407.7797093423704,446.52825582165764,408.71399701473314
17,293.90840297043883,347.31615297211226,294.4350280653404,350.9569323177946,295.25132951205904,354.54351036602606,296.39577809685534,358.0390092166002,297.86953111813466,361.40892479591446,299.64611535157974,364.6297248640262,301.6863168880688,367.69059849647294,303.9526946018179,370.5881935328448,306.4181273683624,373.3185398164888,309.0631309211479,375.8753662462303,311.87361500028953,378.24908396329045,314.83924866980544,380.4258077084344,317.95035183218556,382.388912346091,321.1944575747679,384.1233785207535,324.55365628277184,385.6230286819586,328.0033485457157,386.90129213796996,331.51736510244876,387.9910488666349,335.0736433290298,388.93440712509084,338.65647079269814,389.771705697658,342.2562011553939,390.53329510221414,345.8669073772614,391.24114143939573,349.4849944775122,391.9102966062075,353.10836105296823,392.5502785263249,356.73569919662816,393.16736960274426,360.3659972582967,393.76681481838193,363.99836159512375,394.35361840934087,367.63198387679046,394.9325867648105,371.2661831651523,395.5079241986221,374.9005333654363,396.08230780774437,378.5348939534401,396.6566256884187,382.16933937495037,397.2304064161305,385.8039935159008,397.8028633450499,389.4389810802219,398.3731990328741,393.07440702717867,398.9407334496846,396.7103360637584,399.5050356827321,400.34677799099865,400.06602332147304,403.98368762274725,400.6239709862237,407.6209478336671,401.17962902248814,411.25832509177815,401.73452054001797,414.8956347763583,402.289854737103,418.53208249265,402.85079537712244,422.1659726489512,403.4280568910296,425.7969512921526,404.02336053261763,429.42514054985287,404.6354378165521,433.0506802310515,405.2630214394571,436.67372630708275,405.90484644715946,440.2944495322125,406.55965046012443,443.913034077303,407.226173790392,447.529676178357,407.90315946008957,451.1445808251099,408.58936350777117
18,293.67879163892917,353.9244264749979,294.7216770616509,357.4517184604767,296.08243123387723,360.86894069846846,297.7434378542662,364.15085393665726,299.678018439972,367.2794525503536,301.86122539714,370.23999270315056,304.2738075132961,373.01684269325204,306.8955026234658,375.5972583183604,309.7044521492926,377.97257233532684,312.6781537888384,380.13819551155336,315.7945657645644,382.0930124232042,319.03312749713956,383.8381544926525,322.3742697587524,385.3780058368473,325.7988936110338,386.72225205040087,329.28862998783427,387.88738329643553,332.82746116752844,388.89394068295235,336.40224599405036,389.7645635928543,340.0026385085496,390.5226646807904,343.620728327013,391.19149170306747,347.25049019427524,391.79397853584265,350.88739926752635,392.3518382667054,354.52824807599853,392.88344707834887,358.1711162495328,393.40105884306405,361.81488334633826,393.9123103382101,365.45883474035185,394.4222476491757,369.10238002286263,394.93507694419947,372.74512176304097,395.4535813310847,376.38683441683236,395.97926380392266,380.0274022035064,396.5128165201894,383.6667203355565,397.05482667485666,387.3046754551712,397.60591018391636,390.941137631024,398.1667596111369,394.5759536399897,398.7381791304824,398.2089421144415,399.3211032262186,401.8398919488547,399.9165918061284,405.4685593775882,400.52583156203366,409.0946624713248,401.1501496967897,412.71787266389987,401.7910399426011,416.3378424914356,402.4499833851405,419.95416012277127,403.12867871974754,423.5662902141833,403.8293151198719,427.17417791861135,404.5514839248538,430.77809325343355,405.293227080923,434.37839330077196,406.0523283993946,437.975470631292,406.8265607116236,441.56974572342216,407.6137026735589,445.1616627506203,408.41153852482256,448.75168543167285,409.2178575401307,452.3402929392875,410.0304532272584,455.9279753651242,410.847124490183
19,293.34601899404873,358.4014030613026,294.5102385450109,361.8902056868485,296.0344887675118,365.23709633687236,297.91843495567775,368.3955503004375,300.12975561313266,371.33432340942153,302.6239733711241,374.0374740746628,305.3556355510998,376.5007893310426,308.2831202963278,378.728176725044,311.37023666661406,380.7287806239934,314.5866232971968,382.51444773936544,317.90664993020636,384.0994044722157,321.3085494615258,385.5003164238341,324.77397645802563,386.73603333527757,328.2879151990406,387.82644880624036,331.8382910366789,388.7918946044186,335.4155523981507,389.65261229890825,339.01233609216695,390.42789624785394,342.6231287825277,391.13520674941856,346.24382573969297,391.7900319138411,349.8713911325521,392.40573627851967,353.503784842953,392.99232060791644,357.1397320313263,393.55647668496107,360.77841682250147,394.1027089418706,364.4191631266645,394.6350361829168,368.0613541359948,395.1573934980654,371.70441078931566,395.67368284246004,375.3477761510611,396.1877905467901,378.99089791083316,396.7036205696457,382.63322283317217,397.2250439133158,386.2741687617388,397.7560047507319,389.91314448653026,398.300297875903,393.5496921900966,398.8605792620935,397.18371324670824,399.4370240395101,400.8154835586257,400.027489618447,404.44556130462786,400.62827878371786,408.0746065583176,401.23527715268966,411.70333018345394,401.8441964711846,415.3324754746249,402.4505959995884,418.96279407518136,403.0499268837331,422.59497489976695,403.6378594255422,426.2297699623507,404.2093938760289,429.8676820068465,404.76073749423057,433.5084813110417,405.292685913282,437.1518538179631,405.80671894979804,440.7975073869272,406.3043205582164,444.4451700646185,406.7869778263909,448.09458831999336,407.2561801421123,451.7455252510797,407.7134185174814,455.3977587707248,408.1601850558015,459.0510799240247,408.597971363199
20,294.11630997897515,364.94565015151943,295.98568751445043,368.1131505606333,298.15217498053204,371.08547633312486,300.58525304917094,373.8439979490947,303.25027732535835,376.37936895877635,306.11230492660974,378.6903137429466,309.14025866703327,380.77932356403375,312.30962361018237,382.64696464468227,315.60060768050954,384.29093192652596,318.9954201778202,385.7081984557472,322.47565953362505,386.90065340754467,326.0206182989852,387.88470281188313,329.6088389689908,388.69785026602835,333.22257391654875,389.3896360537228,336.84958498411083,390.00846717115246,340.48339164499873,390.58621672772415,344.1207798106493,391.1410148079449,347.7601350360093,391.68277451745416,351.400541215362,392.2174319243818,355.0414909151603,392.7483770746231,358.6825534364037,393.27854834421436,362.32329606572574,393.81091090863936,365.963291817089,394.348354164183,369.6020989689881,394.8937832736361,373.23925052622826,395.4501406131642,376.87423741636087,396.0204631903754,380.50647804998704,396.60801350567647,384.1352777731764,397.2164439849813,387.7602343607155,397.84736855343255,391.3816060499153,398.4985670245584,395.0004992611061,399.16341393733785,398.61828383641614,399.83427325984036,402.23656884536166,400.5024247712504,405.85708818522056,401.1583472718171,409.48135001681845,401.7932368956335,413.111402395206,402.39406310395134,416.7482453762875,402.95231370877053,420.3904303175597,403.4746651859348,424.03409194203454,403.98666594673153,427.67491452929863,404.51838792510284,431.30934603819856,405.09209619978486,434.9362203739869,405.7118242224555,438.5581704813618,406.35979655128097,442.17721840651166,407.0237923775273,445.79353862884034,407.7024887317574,449.40725147122674,408.3949353977539,453.0184880826115,409.10018363769206,456.62738965474506,409.817286340574,460.2341066450772,410.5452981161533,463.8387954791286,411.2832876438212
21,295.33434722002835,370.02968570904113,297.5903044986586,372.93452228642866,300.11738846890654,375.6070307437597,302.8789821219437,378.03669668865825,305.83799224163,380.2219026342413,308.96165521307586,382.16472313060444,312.2208513055626,383.87071112136846,315.5890516898499,385.3502140997644,319.0421684572478,386.61931969931527,322.55955711422337,387.69797394091194,326.12421426447423,388.6087470663587,329.72257632559047,389.37603934195033,333.3441189226406,390.0255906884184,336.98096676423785,390.58347457999184,340.6273745934551,391.0752936188084,344.27924434451046,391.52493860952774,347.9339094669244,391.95134395026435,351.58967545763505,392.36822674451463,355.24538462766685,392.7856067784011,358.89997771021086,393.212631800026,362.5523111488655,393.6585375529443,366.20105546692537,394.1328685834862,369.84477443828627,394.644332386783,373.48236623969035,395.1976767740529,377.113455434609,395.7922165925141,380.7382860393682,396.42381811270707,384.3574664781121,397.0870532734949,387.9718693073752,397.77586932007307,391.5826788456471,398.4832967077053,395.1913539435807,399.2015432014517,398.79953725752955,399.9222586070173,402.408952577152,400.6367720678612,406.021176492085,401.33693501768533,409.6373052173697,402.0166331438261,413.25763316575325,402.6735956024271,416.88179253506524,403.3090894664486,420.50908801566317,403.92644155079495,424.1386790247383,404.5301606244571,427.76967211209234,405.12539482464916,431.4014954552722,405.7155435363954,435.0347423854307,406.2968496674676,438.6708243800675,406.8601383152585,442.30976733514046,407.4046419670986,445.95130541813194,407.9315137766398,449.59518962833494,408.4419102937143,453.2411867482283,408.93699083590855,456.8890782859621,409.4179168594459,460.53865939754166,409.8858514285778,464.18973779275103,410.3419587763313,467.8421328008248,410.78740261118287
22,297.4302239357882,374.8750259797924,300.0348385877751,377.47181861928107,302.8905638635148,379.78942984353415,305.96713087900395,381.8048849023537,309.22129368004903,383.5195245473243,312.6065193557497,384.95903168704035,316.08388748098076,386.1598347970454,319.6235224783341,387.16315265814046,323.2035978005255,388.0116343720904,326.80890290412145,388.74607347520316,330.42986502535047,389.3992721723608,334.06077428956945,389.99485143526715,337.6981588331001,390.549611099078,341.33948465211694,391.0779378666504,344.98309679042615,391.5902822326029,348.62803651949895,392.09310169160415,352.27377986193005,392.59006441433553,355.9198470762312,393.0846467818419,359.56576627520576,393.58031845936273,363.21106472215365,394.0805322525028,366.8552613003035,394.5887068036422,370.49785786712835,395.10821996228196,374.1383279927686,395.64242282002687,377.77612217355033,396.1945456148168,381.41066133351325,396.7676944894647,385.04127065758956,397.3652203384925,388.6673865341842,397.9894304336681,392.28882505203177,398.6402354552437,395.9060281827598,399.31419568200647,399.5198158506233,400.0062480968722,403.1311846894235,400.71082237582533,406.74121032672883,401.42225151079447,410.35103031700277,402.13472410359316,413.9617866067609,402.8424329847736,417.5745973411347,403.5395706722571,421.19052849810123,404.2203262307087,424.8105527984415,404.8789528670396,428.435503278269,405.50988334788826,432.06617117170885,406.1070021749341,435.70326378916553,406.66361501962916,439.34706306878223,407.1744421650448,442.998001287128,407.631372475239,446.6531169070426,408.0539110686427,450.3044839584989,408.5074990318781,453.94966870046954,409.00836534496455,457.58836137015874,409.5544147128436,461.2203314091051,410.1435349382455,464.8454221471036,410.77361446669465,468.46354668697273,411.442547384143,472.07467263121174,412.1482932880664
23,300.1597303431114,379.2049634152236,303.1728947856482,381.3143045655799,306.37009423088796,383.1328164504167,309.7134266316458,384.66677307680965,313.1640801499005,385.9419132440401,316.68864876531046,386.9965596893593,320.26157007318153,387.87436202156,323.8658457438609,388.61350936782276,327.4909533664504,389.2429396029854,331.1304728520243,389.78310593936993,334.7798349999557,390.25241650027095,338.4357309672015,390.66795095832276,342.0957453635513,391.0456229805235,345.75805208085706,391.4004569579242,349.42116674907203,391.74687930367134,353.0837440448158,392.0989193498786,356.74438610534247,392.4704819014276,360.4014493015406,392.87565995581787,364.05293985610666,393.32820027792263,367.69686116574536,393.8380548212468,371.3317200559729,394.40894114911373,374.9568996461935,395.038400834882,378.5722301103188,395.7221937750724,382.1777560477041,396.4559539478752,385.7737831694675,397.2349634621684,389.3614741425538,398.0515407801036,392.94317659947416,398.89403356343075,396.5223145868244,399.74737305024337,400.10280738743694,400.5950016521904,403.6877702602844,401.4234980111226,407.2789557766732,402.2245771306908,410.8770838813669,402.9938591930289,414.4825746108678,403.72784694288504,418.0956532508242,404.42350938670864,421.7163274907968,405.07848191845017,425.3444574383217,405.69079610610703,428.97986157874874,406.258318730463,432.62194127334385,406.7813061944898,436.26916967596395,407.26717494062234,439.9192029233212,407.731568142303,443.5699835648631,408.19006309100854,447.2222935320236,408.6361671401548,450.8775293648272,409.0576134774903,454.53546478074946,409.45495649921446,458.1957628306695,409.8299200262699,461.8581183253146,410.1842329758757,465.52225549927925,410.5196277796244,469.1879256189957,410.8378390919697,472.8549045495863,411.14060276755725,476.5229917194965,411.42963668459777
24,302.9193431211338,382.5517097049236,306.1679707482149,384.2775470113522,309.5358689033365,385.7573167220511,312.99908441423713,386.99814352425244,316.5330260711176,388.02084550203057,320.1168594964701,388.85261713501524,323.7347650875437,389.5214100667849,327.37523724486186,390.05443696978443,331.03014997604436,390.4778082890827,334.69395677618894,390.816178991971,338.3629583942967,391.09301223672753,342.03471128939054,391.3308852969956,345.7075294460032,391.55184043367336,349.38003649431994,391.7778664852919,353.0507404285344,392.03129558567025,356.71779103557736,392.33277937398725,360.3790388497068,392.69785884413574,364.03227476601035,393.1358084250472,367.67520402518875,393.652464722167,371.3056860839904,394.2503559241703,374.92254384190534,394.92585237299255,378.52626705078404,395.6683388792189,382.11880587373344,396.4632673180546,385.7031005451717,397.2946397336105,389.28267218996103,398.146150881806,392.8609402246739,399.0031312925843,396.4407577224953,399.8536096234564,400.0242482779186,400.6884627085972,403.61312025842426,401.49985139064665,407.2088504274393,402.2802606609742,410.8126109015019,403.0226779410533,414.425023585629,403.72176535982226,418.04571842707213,404.3766127246862,421.67364582282295,404.9901543315713,425.30760882588424,405.5668924237608,428.946773679487,406.10985390204,432.5905754218868,406.62077918236344,436.2384408856171,407.1018492470534,439.8896759605873,407.5566596893772,443.5434414739162,407.9907013680929,447.1984237689444,408.41440013626476,450.8537250952654,408.83533924355623,454.5092650848301,409.25420076908784,458.1650179834431,409.6712000545098,461.82095836588286,410.08655248191536,465.477061097846,410.50047346911424,469.1333012979642,410.9131784642628,472.78965429978246,411.32488294080406,476.4460956137068,411.7358023926772,480.1026009339611,412.1461519282686
25,306.391456659164,384.96773218885113,309.8538956946551,386.21100466717417,313.38119493746905,387.2567384379143,316.954808911016,388.1316681388131,320.56145328275875,388.85894951767244,324.1912317187918,389.4606256431595,327.83681030593056,389.9580518735361,331.49292159995946,390.3713384684118,335.1558408170945,390.7194483203376,338.8229557577027,391.02038531241436,342.4924159168637,391.29138598157505,346.16283411247065,391.54915677999645,349.8330294872444,391.81006474441773,353.50177289861733,392.09055507688174,357.1675770863283,392.40700224107,360.8286186104369,392.77431761038576,364.4829725028518,393.20299010991613,368.12875884768835,393.69923239849345,371.7641624396642,394.2665177438271,375.38714650372674,394.90832054116345,378.99544117158484,395.62810235687766,382.58726038749546,396.42607400465465,386.16256933470095,397.2951073687756,389.7238626249296,398.21999357158336,393.2753128733926,399.1820498953971,396.8219740203404,400.1616451418058,400.369210473873,401.1391515128106,403.9222278169009,402.09539511426175,407.48576650077865,403.01158063196647,411.06366235644646,403.8698939795571,414.6582339766045,404.6553471135323,418.2698150537342,405.35839299035473,421.8971227158007,405.9751813190898,425.5377452837716,406.5078556722976,429.1885540369942,406.9656997483029,432.84637248056225,407.3639060822547,436.5084637656733,407.7208671578354,440.17265583068655,408.05568189867193,443.83713210849567,408.3873871631195,447.50042929388366,408.73182941873733,451.1616851356535,409.09732615895365,454.82095595560423,409.4821992680859,458.47835250103253,409.88449945655367,462.13397668530354,410.3026035171591,465.78795139532224,410.73489024698364,469.44041832658127,411.1797404417259,473.0915357908929,411.6355370938518,476.74147653884035,412.10066543590943,480.3904255983838,412.5735128493808,484.03857736933287,413.05247443497905
26,310.95216412339164,387.4044500570051,314.54918449348935,388.17545728168864,318.18762208207795,388.7202170174502,321.8485772080296,389.0859970310032,325.52065788463545,389.3165268782495,329.19759608050475,389.4508528164273,332.87629778278324,389.5244225502531,336.5554699843748,389.57021375306573,340.23458905585545,389.6198871838876,343.91303282901714,389.70505744871014,347.58931695954897,389.8561143269511,351.26060975113796,390.0993244527353,354.9226046686022,390.45563409011476,358.56928788113424,390.94397268346444,362.19358056625697,391.5772481903706,365.78992482395256,392.353893956081,369.3579953403958,393.2518357384554,372.9025458982882,394.2388112250092,376.43123006588496,395.2812445682462,379.95288143671286,396.3472568303684,383.47625753525284,397.4075442071136,387.0076520725316,398.44077123633997,390.55020664181984,399.4350403018262,394.10461180078164,400.38606577201944,397.67073374531645,401.2921612652226,401.2484427145697,402.1513558658445,404.8377150663223,402.9608706078718,408.43848224056075,403.71760287811884,412.05031973988895,404.4195917853679,415.67230564364496,405.0671973270508,419.303215040486,405.66276502238213,422.94173256290856,406.2099660153696,426.5865595524628,406.71346616131257,430.23645896961375,407.178814440167,433.8902758111031,407.61237352976104,437.54693989530534,408.02126144321403,441.20545336355485,408.413286234688,444.8648538688303,408.7969586246349,448.5241945487808,409.18120012451516,452.1826545976066,409.57373022760027,455.84021527495753,409.97455930741285,459.4970876148626,410.3816216859747,463.1533447096438,410.79417442425705,466.80905513666596,411.21154418611246,470.4642901323041,411.63305792852964,474.1191232185969,412.05804287939463,477.77362983088636,412.48582650612894,481.42788694632327,412.9157364769359,485.081972713113,413.3471006160839,488.73596605894755,413.7792470354169
27,315.94754917838156,388.0623477114741,319.60380448805114,388.4734524506937,323.27052407564173,388.7782060003678,326.94306896950803,389.0028218895709,330.6186454471763,389.17131493724804,334.29562654357386,389.306166398499,337.97303268768025,389.42905348360296,341.65009394118323,389.5617270352388,345.3258444228302,389.72641127011485,348.9987344897826,389.9453908112587,352.6664647299528,390.2379843868576,356.32594261871947,390.61991847555413,359.9732699925347,391.10410739278984,363.60355151054824,391.70264613557896,367.2106137727915,392.4279137080284,370.78763206504846,393.2891274065193,374.329398264304,394.2855599378183,377.83720436167545,395.3958864842168,381.3190684719257,396.58530583567574,384.7870129894093,397.8148316781474,388.25359425874336,399.0482069365013,391.7304572599274,400.2522224819091,395.22711031672975,401.3973672879048,398.74963290337666,402.4601532885828,402.2999011486213,403.42613191246016,405.87633196171305,404.2902208851316,409.47535225757906,405.0548625337682,413.0926615594632,405.727804915458,416.72417852989634,406.31942775459254,420.3664306836316,406.84103222931924,424.0165500783934,407.3045195545133,427.67214541946464,407.72275304154476,431.3311369946582,408.11024843574944,434.9918386059352,408.48129223499313,438.6532857794883,408.84491209163883,442.3155003242721,409.2007078223962,445.9794263396237,409.53836910619856,449.6459774358611,409.84613081833163,453.31547692498793,410.11644509006084,456.98756990212877,410.3489142945973,460.6616515411149,410.5475601374216,464.3372460617342,410.71594368425417,468.0140178210759,410.8563283497588,471.6916842490007,410.9709476210786,475.370009815635,411.0620390020426,479.0488020158664,411.1318416600727,482.7279072898093,411.1825946237192,486.4072069082849,411.2165354791924,490.0866128457142,411.2358995127965,493.7660636720271,411.2429097214077
28,319.6065080137149,388.399968106018,323.28577796807383,388.4333695810539,326.96523039466916,388.42952721964326,330.6446774427465,388.4204638661479,334.3241239505822,388.42716074997935,338.0033691776731,388.4652069851637,341.6818168846151,388.550015869483,345.3582343051912,388.69815589333825,349.03042486961505,388.9278259959497,352.69474543021016,389.259640788775,356.34544603197224,389.7170462890551,359.9742318409033,390.3238206907831,363.57194752794953,391.09356759343063,367.1312412078604,392.025086275783,370.64922966605945,393.10237792381406,374.128816819322,394.29817450147726,377.5799991832741,395.5738917713535,381.01818591722656,396.8843381530808,384.4584649085905,398.1892700104423,387.91238026184135,399.4575969707797,391.3882628017699,400.6643147343975,394.8913732115352,401.78945267948404,398.4225383063396,402.823137400214,401.97950829509944,403.76422894077757,405.5587996372785,404.6165462116216,409.1570035016703,405.3851689385138,412.77112072697435,406.0751548613295,416.3985515038773,406.6913796140252,420.0370544438563,407.2384977854245,423.6847073094394,407.72090713840214,427.33986510370784,408.14275295709876,431.00111962442645,408.5079716223615,434.6672674276515,408.82032145257233,438.3372839328369,409.08339963834646,442.01030379083926,409.3006127940439,445.6856169345857,409.4748165758989,449.3626267262724,409.60858052156874,453.04079339334334,409.70559675906526,456.7196339325995,409.7726455630401,460.3988045816062,409.81845348655094,464.0780846782784,409.85471863822016,467.75724042479607,409.9016338023031,471.4360999114946,409.96782390656045,475.1145795399101,410.05255085034156,478.79261137203713,410.1549008245857,482.47014059681516,410.273959565972,486.1471248462159,410.4088127569373,489.82353350610146,410.55854636057137,493.4993470238161,410.7222468940907,497.1745555294601,410.8990155009834
29,325.55540030903643,388.2767962591138,329.23405437239325,388.2001878068956,332.91241734358414,388.1103940103378,336.59102124721784,388.03135022789235,340.27019466637233,387.98764057028757,343.94954609816386,388.00550795050896,347.6272746407775,388.11409974527584,351.2990896532175,388.34755125517097,354.95675627065356,388.7439185506523,358.5869860394142,389.34052503183347,362.1727419379148,390.1628007858904,365.6998404540753,391.20869054940454,369.1654533389528,392.4438339910116,372.5829734349907,393.80695370005645,375.97431965847,395.2342132537388,379.36038691072565,396.67398985199844,382.7561970925144,398.09059570409346,386.1700966466114,399.4629847009267,389.6064054066847,400.7782151995783,393.067971586359,402.02540193997834,396.5571603138559,403.19300919262815,400.07584186828956,404.2683811091277,403.6247989336838,405.23907403496486,407.20272632489497,406.09680662326497,410.8062037799862,406.83996219085276,414.4305414641715,407.4737187329394,418.0711342538034,408.00637454513446,421.7239063596887,408.4480360860926,425.3854536772219,408.81002693398335,429.0530834756028,409.1042975878553,432.7247549791998,409.3431406839713,436.3990117171288,409.53842478467465,440.07489863468345,409.7002909382393,443.7518842061942,409.834989644743,447.4296773077901,409.9454890564394,451.108095848755,410.03273138597655,454.78698836388145,410.0969487729584,458.466214531367,410.1377720042878,462.14562905760886,410.15439915970614,465.82506811679616,410.14518871124125,469.504328411196,410.1077944009013,473.18325810427626,410.0457039780918,476.86178901769233,409.9632550548151,480.53986701404637,409.862578522309,484.21746590523867,409.7456800489709,487.89458602360617,409.6145649150357,491.5712509239498,409.47123739544236,495.24750408774304,409.3177004088012,498.9234056348153,409.1559553946273,502.59902893740633,408.9879999875178
30,329.8728581917926,387.5602436960491,333.5389568537762,387.24711346268947,337.2094428079984,386.99143986267165,340.88580904932456,386.8457299828599,344.56486579270535,386.860095668033,348.237672021756,387.07267314442424,351.8909660496701,387.5058203005573,355.5102129565531,388.16553094380674,359.08376786125797,389.0398725659273,362.6057507567542,390.1035299857116,366.0768837690748,391.32331542037036,369.5031250453061,392.6643109143649,372.89450550626964,394.09137085450624,376.26385000284466,395.5698223075105,379.62557602065283,397.0655543333005,382.99451777292757,398.5449282428227,386.38291387590226,399.97910532332224,389.79836645686447,401.34753752062534,393.2435220863646,402.63932630805175,396.7184894245847,403.8486062118643,400.2224478854653,404.97109411810766,403.75411364996165,406.0030816754893,407.3117646309185,406.9415644217035,410.8932403658726,407.7845633041566,414.49603610192935,408.5312119118345,418.1174617643397,409.1815272214249,421.75481697736063,409.73586686978194,425.4054981076267,410.19431872525115,429.066919550697,410.5571655626695,432.7364594858356,410.8258437004557,436.41149927075213,411.0043698240384,440.0896613900716,411.0993411150464,443.7690120679359,411.1188148633359,447.44812124554653,411.07135828476794,451.12603442036357,410.9658285296756,454.80222727080553,410.8113539292997,458.4765576799778,410.6174071612531,462.1492236238228,410.3940350982448,465.820736758859,410.1523823896905,469.4917943091035,409.9038786880425,473.16332934600126,409.6625802389464,476.83638259714576,409.445718286476,480.5109817778257,409.25683093778156,484.1868328398454,409.09409034670205,487.8636804536897,408.9556542312878,491.5413059217684,408.83967712531233,495.2195244517534,408.74431208735695,498.8981823841,408.6677120517501,502.5771543924709,408.6080308502039,506.25634084890766,408.5634393209114
31,334.8853203709884,386.5243426148869,338.56274236860884,386.4056015689051,342.24196203574024,386.4105254676263,345.9169394427472,386.5836326997471,349.5757354960945,386.96733898170675,353.20188351917983,387.5875604397919,356.78042903885853,388.44085024088565,360.303417536405,389.50090919079526,363.76995246414697,390.7335214660493,367.18487183047074,392.1029738300257,370.55778072290065,393.5730861650496,373.9014483728285,395.1086874037558,377.2305059295815,396.67577703781876,380.5600896135364,398.24174677253586,383.9041731260342,399.77645272748856,387.27332678233387,401.2552311314564,390.6738051041586,402.660419616839,394.10791153142924,403.98125168091576,397.57572392471076,405.21083360546265,401.07657007192597,406.3428994292385,404.6094759816603,407.3704920723711,408.1731745385383,408.2855183065522,411.7657888172166,409.0793695246315,415.38377228753325,409.74816305876607,419.02215229861173,410.29539744883385,422.67547595783856,410.73213957484273,426.3390989106,411.0721671557841,430.00952308963434,411.3289035836525,433.68429836645856,411.51346583540436,437.36175733529836,411.63348256973285,441.04066909308096,411.6948736212929,444.7200904230789,411.7028753197327,448.39930411671867,411.6624912717801,452.07778585801185,411.57852568285057,455.7551766506124,411.45562595671606,459.43125838466415,411.29828758267445,463.1059307779842,411.1108414468343,466.77918899662416,410.89742947947127,470.45110339892346,410.66199551146445,474.12179641865373,410.4082086697476,477.791418007457,410.1393591179149,481.4601215527289,409.8582504460487,485.12800842846445,409.56667603241976,488.7951359859596,409.2656995114569,492.461567950324,408.9563623518123,496.1273751611056,408.63970547039384,499.7926346797361,408.31676920902305,503.45742889958314,407.98859334815444,507.1218446588586,407.6562171523816,510.78597201885,407.32067576953165
32,341.14722544850116,385.7730762190186,344.81732686681596,386.0308395491511,348.47035261695635,386.46767387697025,352.0940259119441,387.1031180373946,355.67503788945567,387.9463429207542,359.2017995171798,388.99364931112274,362.6663239098343,390.23156087301055,366.06523091608204,391.63990195874163,369.4022041133699,393.18958506128837,372.6892414275168,394.8427885330126,375.94368451501737,396.55941836426564,379.1857037160126,398.2994544149908,382.4361055651562,400.023744184841,385.71380339361104,401.69545760001506,389.0323458239974,403.28440510526025,392.4002826960428,404.7656319294482,395.8214222605547,406.11932514666654,399.29492886148256,407.33227645631007,402.81558199012034,408.4007076679642,406.37642859326917,409.3264803816632,409.97049619214897,410.11355014058273,413.5914913703901,410.76572719836724,417.2331320928088,411.2907177674919,420.88971137127277,411.6991634112276,424.5565157558284,412.00271668790737,428.22993038766543,412.2119661827396,431.90720664585547,412.33658651117867,435.5862844281708,412.38538641413516,439.2656477853878,412.3663035685915,442.94420576678493,412.2865455583118,446.6212380536813,412.153682676737,450.2963629739776,411.9755446440542,453.96944018264975,411.75917426209054,457.64034261987615,411.5085658117669,461.30896464361007,411.22651081384265,464.9752113318303,410.91508744411067,468.6389456645868,410.5753747218068,472.3000772560713,410.2086626508584,475.9589271195134,409.8198073736765,479.6165025895038,409.4191110613682,483.274599448106,409.02322804462307,486.9358873496796,408.6582592046043,490.6037094241108,408.36737872844236,494.27901027766194,408.19620228926243,497.9579634219062,408.1448735075532,501.6368314359676,408.20354030719733,505.31276999920783,408.36213529597006,508.983752448914,408.6105544141592,512.6484784517336,408.93878739356467,516.3062677611819,409.3370839926444
33,346.01856929981386,384.89568931838613,349.6234999482986,385.62859152936414,353.16685048860035,386.6172843643848,356.6364389444475,387.8404039718264,360.03121699346633,389.2585295250959,363.3614996566947,390.82254701611885,366.64395856484407,392.48486034707236,369.89674325351587,394.2046393466112,373.13580094190615,395.95017727869686,376.37302437417446,397.69911902804245,379.61867713470167,399.4323501831143,382.88215227553997,401.13174890721103,386.1718920849302,402.7796751487719,389.4948002221014,404.3595848224282,392.8563635950239,405.8554035472344,396.260722523565,407.25097790309496,399.71062504601423,408.5296966358011,403.2071467894475,409.67465020059194,406.7488173120596,410.6710718685654,410.33142528958973,411.50836190004185,413.948403866094,412.1818564084874,417.59181765937535,412.69355190437153,421.25346443994073,413.05272257405574,424.9260419811983,413.274591110605,428.6039447317516,413.3767376289878,432.28330312528476,413.3760079776286,435.9616367942759,413.28795957789225,439.63752058862093,413.1269172771919,443.3103198532337,412.90617133109447,446.97998879700054,412.63820222226644,450.6469291067343,412.3350588757726,454.31185788018024,412.0084277329886,457.975607975811,411.6687994295869,461.638909975868,411.3243634484126,465.30232119663196,410.98109226815245,468.96626214683715,410.6435284064743,472.63111581166623,410.31603184397056,476.2969717156203,409.9999483495234,479.96356457628605,409.69252055249154,483.63040733571034,409.3880833199618,487.2972520112529,409.0836691025622,490.96416937474265,408.78013264097774,494.63138069613694,408.4801697067626,498.29890392203464,408.184044493121,501.96672035036585,407.89157310278824,505.63481182792475,407.6025715730591,509.3031607239889,407.3168558946589,512.9717499028102,407.034242017152,516.6405626960615,406.75454585383403,520.309582965754,406.4775844821606
34,350.5823052196874,385.8290297402869,354.07605171184093,386.981346437727,357.4931802289834,388.3443682894612,360.8301080615232,389.89370449607,364.0943785091884,391.5911406710541,367.30270382549514,393.3923489677987,370.4769340651371,395.25313189536234,373.63998761058576,397.1328947935764,376.8108480485207,398.9994373641698,380.0037360191019,400.82799648192355,383.22956693484934,402.5977172158755,386.4986820440364,404.2860308667088,389.8195727374004,405.8699339223867,393.1974614276164,407.3281919906198,396.63314739554903,408.64441121540597,400.12241315882926,409.8111833587222,403.6582351110991,410.828254808752,407.23268925211005,411.69999430475434,410.8382302183744,412.4327470605903,414.46793894566514,413.03464600401463,418.1158295707821,413.51438524778604,421.7769105547286,413.8803111807235,425.44706609470296,414.1401372397039,429.1229085723085,414.30090291491683,432.8016471077779,414.3690192671735,436.4809796650589,414.35033257761404,440.1590080108029,414.25025289382137,443.83419619930504,414.0742707751777,447.5053773325502,413.8283443285688,451.1717816171199,413.5191481275647,454.83304281657877,413.1539658710066,458.489188323807,412.74061856896066,462.14061283177693,412.28739537827516,465.788035586447,411.80297288610274,469.43244120254354,411.29631789309605,473.07500344067165,410.7765563423858,476.7169963112581,410.25281430838703,480.35969237954635,409.73399257213663,484.00426909358174,409.22856916465645,487.65168160268144,408.7440582296835,491.30262332147805,408.2869316552293,494.95755848822535,407.8629438819903,498.61626639725625,407.47283483903755,502.27820981018056,407.1143501031213,505.94290635303344,406.78518226977184,509.6099293683793,406.4830153228754,513.278903748192,406.2055280353132,516.9495016299857,405.95039668396623,520.6214380030603,405.71529713482306,524.2944677255485,405.49793182979187
35,354.54744247770947,387.55373062471284,357.8900416923375,389.09109135443975,361.1716477945784,390.7548737054688,364.4011706581804,392.5177720389824,367.58956988813657,394.3541047740856,370.7491079952827,396.23972893215955,373.89287494459603,398.1515661145257,377.03437447989467,400.0671316973628,380.1871731669404,401.96401766483507,383.36464881521954,403.81921287705944,386.57974095261534,405.6083277295983,389.8442091381138,407.30553341796343,393.16772842760645,408.88378013734587,396.5568760746407,410.31542495658,400.01385154432415,411.5742091701079,403.53554339916684,412.63836055809173,407.1132799877307,413.49536841549934,410.7337226754546,414.14920935081994,414.38287181344447,414.61787016011084,418.04909916469074,414.9267307764909,421.7242995119763,415.10007062557605,425.4031614258806,415.15922057051586,429.08235752532255,415.1229603536095,432.7599422260511,415.0073975240428,436.4348333436102,414.82497602790454,440.1063579431164,414.5839948846033,443.774026833314,414.2900398044521,447.43747465416726,413.94742069541485,451.0964885066062,413.56026954985884,454.75104194577136,413.13302461322087,458.40132992946974,412.67071677802846,462.04779582355343,412.17914045964477,465.69112567617134,411.66481172116244,469.3322037039531,411.1347585429265,472.9720492762721,410.5962976007024,476.61173387490686,410.0567483633052,480.2522704611896,409.522984078186,483.89454599378803,409.00122915046313,487.53921504597866,408.4964756604477,491.1867507409454,408.01289748472675,494.8383567604121,407.56115404042373,498.49445953693623,407.14737212160964,502.1544503006456,406.76950229133723,505.8177402394133,406.4250624425132,509.48380895853364,406.1115579458824,513.1521997539115,405.8264864280337,516.8225146698974,405.56734163761763,520.4944094104478,405.3316164659443,524.1675881606805,405.11680519523225,527.8417993191048,404.9204235827085
37,364.4071429993165,393.0245453481876,367.4754156608288,395.0551817517053,370.50083912090497,397.1491923612604,373.4959581358246,399.28637648939986,376.4783229928578,401.44135074250624,379.472743553438,403.57950105209176,382.50858571001316,405.65826627032465,385.6132734414791,407.63247712456734,388.8050444897991,409.4622673675244,392.0903420980224,411.1180840153057,395.4657994633592,412.58124011597226,398.9226904332508,413.83992121231466,402.4489100577904,414.88883733949626,406.03029325945823,415.7305902074717,409.65246257963565,416.3749430761936,413.30285606907165,416.8335795172562,416.970972399215,417.11818257349955,420.6481340378954,417.24012971962543,424.327242699165,417.21094265037874,428.00269866400566,417.0435485449524,431.6704745049417,416.7524716105463,435.3281011383796,416.35328439665807,438.97451782823146,415.8618883072745,442.6099003453239,415.2944179450393,446.2354635631015,414.66713560625544,449.8532629530538,413.99643435731576,453.4660003024124,413.2989263114958,457.07681898517785,412.5915326512605,460.6891018228299,411.89167043062844,464.3062073821461,411.2172343801299,467.9310021428451,410.58551257997993,471.5646252745212,410.0067746758418,475.20645444162363,409.4821041639641,478.854808540438,409.004850023174,482.508133272236,408.56720888372536,486.165174006847,408.16174314849445,489.82506266096254,407.782821412592,493.4875159521481,407.4295749074188,497.15323530363264,407.1121344025599,500.8229596650036,406.8451898023006,504.4967704466436,406.64235865145173,508.1738323944412,406.5111963302262,511.85272640659133,406.4496447412891,515.5321421605896,406.45229577770203,519.2110539020738,406.5136842529382,522.8886978505706,406.62832715043254,526.564547349309,406.790750204476,530.238287017223,406.9955069677496,533.9097866938495,407.23719118413,537.5790734479381,407.51047362165923
38,370.3846392411727,397.7343323134676,373.27796726508217,400.007444541223,376.1715266763501,402.2802614865032,379.0895952430157,404.52146499547393,382.0562348268587,406.6978407071759,385.09443869612335,408.77292482293007,388.2244504757313,410.7064274981725,391.46117269662295,412.4550023331187,394.8107616879215,413.97570050651956,398.269042027152,415.2291610476249,401.8195981650864,416.1906864480559,405.43442222706557,416.87300498818007,409.08605681444334,417.320724413483,412.7555948758848,417.586842910798,416.43274814309007,417.71183530167497,420.1120652920596,417.7183144497721,423.7900792990683,417.6193386617823,427.464258451935,417.42407132292334,431.1327570236334,417.1412891473711,434.79437324856997,416.77999785306105,438.44854643050775,416.34977065923607,442.09531849707173,415.86065992303816,445.7352468451022,415.3229046748156,449.36932960475303,414.74691114001644,452.9989318820895,414.14328607147957,456.62570843677406,413.52288388768443,460.25152767346884,412.89690261361744,463.8784168961413,412.27716112077593,467.5083653472243,411.67562737747966,471.14285715212895,411.10220895330815,474.7821048184582,410.5597911471869,478.42517001441524,410.0435999899121,482.07064107831314,409.5446554975246,485.7171480553591,409.0533267714382,489.3634903687224,408.56077849014486,493.0091501250137,408.063203698537,496.65463427818474,407.56434333777935,500.3015945415124,407.07642124627887,503.95226067155215,406.6171477728619,507.6085914872204,406.2055776936536,511.27228574634114,405.8663387174962,514.9441913507412,405.633005785654,518.6214805029766,405.5104309255104,522.3007770916524,405.49048469027514,525.9793953855967,405.56477729450495,529.6552969520452,405.72483478446867,533.3270312497358,405.96220396545414,536.9936694688856,406.26852805362006,540.6547365405313,406.63559626109947,544.3101354524061,407.0554492745218
39,373.237744889041,401.28290576647294,376.07376134386357,403.62696237700607,378.9799466949829,405.8833516447141,381.9631801344628,408.03677306453284,385.0275629191337,410.0729783318541,388.1771925406035,411.97452810988955,391.41654194563813,413.71864242578954,394.7492221493544,415.27671601487424,398.17529748151054,416.6165620245136,401.68923886025357,417.70475125534745,405.277921123359,418.51259596452104,408.91977393183623,419.030655418472,412.5902736873124,419.2765156465749,416.26919620656804,419.2856801046802,419.9434994292261,419.0978024368116,423.60621205987184,418.7495807334587,427.2546709220163,418.27406080348123,430.88913317691043,417.7009047359683,434.5117560335246,417.0569058382736,438.12592228413644,416.36689107801715,441.7355410783765,415.65341011549214,445.344176611881,414.93496241103355,448.9541243414375,414.2231438297271,452.56650003476886,413.5237565221802,456.1818417583815,412.8398718231543,459.8005326223539,412.1739415834623,463.42292298523216,411.5284448845556,467.0493487030582,410.9060271491082,470.68012690146514,410.30953396780654,474.3155624974782,409.7421315731647,477.9559874844253,409.20769728156483,481.60176872968367,408.7111505429909,485.25320436759034,408.25809829477737,488.91039442158166,407.85417251345893,492.5731388013854,407.5042235779353,496.24070650267925,407.2090487560434,499.91191788771226,406.96314664163157,503.58542678954507,406.754160661015,507.2601883296711,406.5683556079134,510.93542715968636,406.3921839077047,514.6105789258804,406.2142096537846,518.2853365542124,406.02828785210335,521.959631104703,405.8334245881414,525.6335042967077,405.63076872643467,529.3070060047439,405.4214839896069,532.9801923959651,405.20673370859015,536.6531248231057,404.98768084200435,540.3258687195673,404.76548803003527,543.9984924963672,404.54131767544936,547.6710664442478,404.31633210378806
40,377.12462356141083,406.0271693460273,379.9626036211194,408.36850611613966,382.9225320485238,410.55324543939986,386.01926694664354,412.539038920699,389.24846807208644,414.3011287253481,392.59471349932176,415.8293714419181,396.0393069920566,417.1208486686716,399.56375954032677,418.17519000150486,403.1503187555585,418.9938826189183,406.7821631543634,419.58009317427224,410.4435594955836,419.93840255818344,414.1199416523061,420.07543727964526,417.7982310819414,420.00284400819663,421.46813866432007,419.7426386911987,425.12352361705075,419.3244305930851,428.7622565302545,418.7794766868274,432.3846848163443,418.1346655791801,435.99267850039706,417.4132587039711,439.5890892246114,416.63604239701976,443.1774603268757,415.82244031005047,446.76191246707424,414.9917084778211,450.34683923671264,414.16303133424935,453.9362634132539,413.35408832020653,457.5329905273134,412.5783019299999,461.1385203653982,411.84454774588755,464.75354900142594,411.15915487926156,468.3782467807374,410.5269122948271,472.0121917141574,409.95019885494906,475.6544547234615,409.4285745637949,479.3039009092075,408.95981108732815,482.9594252735063,408.54104727814655,486.6200441874521,408.1694109749187,490.28489489532257,407.84209709048486,493.95322657489805,407.5563939799775,497.6243902534236,407.30970080299187,501.2978262552215,407.0995025039061,504.9730539060097,406.92334692185364,508.64966282084464,406.7788180740662,512.3273058191663,406.66351328511814,516.0056942172822,406.5750682806621,519.6845885133137,406.510948969026,523.363799887984,406.46869345987574,527.0431881473257,406.4465755179889,530.7226418061894,406.4429951337047,534.4020735727418,406.4563511097059,538.0814182674857,406.48504190089903,541.7606307284325,406.527466258017,545.4396837094893,406.58202368803245,549.1185657779067,406.6471147506749,552.7972790125041,406.7211508542503
41,380.64968328466153,410.49729030990767,383.6684469400041,412.59989291847705,386.82389093114443,414.49086298933884,390.1120155596219,416.14010317985935,393.51860015262656,417.5281838595484,397.0225212763253,418.64824228671057,400.5996664935612,419.5065787585855,404.22755783551906,420.1164428598041,407.8868954276576,420.4953990104141,411.56205584407803,420.663654405352,415.24109284523206,420.64219476402195,418.9153135690648,420.45134815481197,422.57868843601693,420.1101114216919,426.2272578894426,419.6357207018192,429.8585838692199,419.04338925464236,433.4715585104076,418.3476568211246,437.0665434743828,417.56409925088224,440.64562689746134,416.7107153886774,444.21239189274996,415.8071315563673,447.77142323425585,414.8734944096117,451.3278982394983,413.93014779951307,454.8872796693371,412.9978496080771,458.45501074443155,412.09810120191804,462.0359707227018,411.252657854442,465.63366399732575,410.4816625811684,469.24925659494323,409.7996324787543,472.88121796370484,409.2109502018333,476.52651678112153,408.71133369949206,480.1818198311135,408.2909473281963,483.8443187605109,407.9385298875643,487.51183486479385,407.64267778457946,491.1828336104495,407.39361359026515,494.8563424073399,407.184731144055,498.5317550269464,407.0125198648535,502.2086218038971,406.874766415818,505.8865704729978,406.76975541668514,509.5652805068196,406.6960459147873,513.244471311776,406.6524463219593,516.9238930582208,406.63815963996797,520.6033137432305,406.65276511489884,524.2825053035626,406.6963048115484,527.9612005279857,406.7707033408574,531.6391296227159,406.87643784733507,535.3161052492628,407.0113580023567,538.9919971882807,407.17316591918257,542.6667255847295,407.3595629185173,546.340256581056,407.5682518248917,550.0125979204648,407.79693865818064,553.6837945505429,408.0433337771503,557.3539228449439,408.3051719132193
42,384.67479182630916,414.2967457342031,387.9865287028536,415.89921449330126,391.3769036297063,417.32768839664516,394.84317032327243,418.56030138908613,398.3816093674786,419.5665982728894,401.9823359956017,420.3197850969684,405.62838988687565,420.8086891409369,409.2994624490387,421.0472736931907,412.9784052385839,421.0617935545719,416.65310547248185,420.882008281103,420.31597782406357,420.5358340911714,423.9628953706958,420.0489775467803,427.59229141414687,419.44486806735966,431.20446205394455,418.7448598090159,434.80105365833947,417.96861115643395,438.3846989593385,417.1345270439637,441.95867520269684,416.2598725543965,445.5265551933822,415.3606372274389,449.0918659563335,414.4512550782771,452.65797101400136,413.54499658783305,456.2280660206619,412.65460547049446,459.80514664426875,411.7927435106374,463.3918904139179,410.97207748980526,466.9903582566253,410.20451610308135,470.6015893463521,409.49949274899706,474.2254481286868,408.86258228343326,477.8609361455967,408.29581428547726,481.50667524640755,407.7992294461331,485.1611334223436,407.3714777514211,488.8227528073355,407.01007593741053,492.490081957779,406.7120864712769,496.1618237177474,406.4745078846754,499.8368381973527,406.29443274067313,503.51412941383006,406.16908204941814,507.19282894826017,406.0957594837493,510.8721842882523,406.0718497219143,514.5515485728647,406.094780942789,518.2303740830555,406.1619333796787,521.9082094961026,406.2706156552211,525.584699301583,406.41801414090946,529.2595922603883,406.60100505188774,532.9327621016206,406.8158682191683,536.6041221445201,407.0597312911197,540.2736090060135,407.330341335309,543.9412078166652,407.6254542468118,547.6069485429506,407.9428275505438,551.2709017671027,408.28022205275676,554.93317447119,408.6354029698208,558.5939058458819,409.00614058854325,562.2532615508832,409.39022544173883
43,389.22246821549413,417.90875090111604,392.694326782615,419.12463404421584,396.2465445808354,420.08088051996685,399.8566405683521,420.78846491522626,403.50458980304074,421.2646608327006,407.17418587012224,421.52735805202354,410.8526584657687,421.59300541755783,414.529933486452,421.47662027967436,418.1980277503926,421.19146191922596,421.8504731910644,420.7486196906931,425.48202651831906,420.15823884938845,429.0892278019908,419.4335582981889,432.6716980259834,418.59485548112985,436.232373897727,417.66775320957987,439.7769184218372,416.68061693961585,443.31275357182665,415.66264729424137,446.84752037351444,414.64096559649164,450.38788529575083,413.6388893836145,453.93878735252736,412.6748726828727,457.50332927652266,411.76263866722616,461.0826838362485,410.9104056117816,464.67660572113556,410.1218728211784,468.2842315953869,409.39862995050015,471.9046507816861,408.7424368603715,475.5369842185617,408.1557976554405,479.18027508796087,407.6416043465454,482.8332932379953,407.2018163794976,486.49438260076346,406.83518897252037,490.16178297761695,406.53817554912484,493.83387613347475,406.3061706766155,497.5092821750911,406.1343130675584,501.1868491830639,406.0172832703327,504.8656601786999,405.9495371375773,508.54502571905346,405.9265755239328,512.2243973437237,405.9483079374908,515.9031851265449,406.01717473840387,519.580739325875,406.1347509652928,523.2565256251504,406.29861892950794,526.9302530256188,406.50361973778666,530.6018914497506,406.7432225013418,534.2717095126777,407.00933389103375,537.9403514159601,407.2912489949517,541.6086983709833,407.5769905064994,545.2772562358543,407.8600106618612,548.9460263135888,408.1402667347016,552.6149844290599,408.4180504920929,556.284106997292,408.6936537457953,559.9533709538723,408.96736834576444,563.6227536853787,409.2394861732905,567.2922329915563,409.51029870331723
44,394.761909919615,420.26717659413794,398.37135491098996,420.97833834314196,402.01793752102043,421.4650662445941,405.6865072300961,421.7418802786358,409.36466523928385,421.8235712122474,413.0424540028909,421.7245711721384,416.711956055648,421.4580676956175,420.3668493710207,421.03582126018244,424.0019245550475,420.4675392310919,427.61271833608856,419.76109435706513,431.19614776340603,418.9267245047075,434.7520142455944,417.9815488618198,438.28431802226527,416.9515815219641,441.80167002947945,415.87150706082633,445.31515185818625,414.77886857946663,448.834553511971,413.70549192635605,452.3663768059755,412.6737835514438,455.9141519232417,411.69840703219165,459.4802410802626,410.7923569325898,463.06563544767465,409.9660631284502,466.66966190508975,409.2252684607963,470.2901698415505,408.5697222345466,473.9245314618339,407.9958720071795,477.57021594223664,407.49894418046813,481.2250324391946,407.0742967136044,484.88711258753744,406.7176082524295,488.55487520336817,406.4250087549529,492.2269757565675,406.19304315195,495.90226061299467,406.01857029604224,499.5797354233486,405.8987216857819,503.2585399780499,405.8308750238938,506.93792741928866,405.8126285361893,510.61724694580164,405.84177152285224,514.2959296896712,405.91626559518147,517.9734774219796,406.03421353110707,521.6494543133549,406.1938220878394,525.3234817112041,406.39335832690887,528.9952313192042,406.6311753726384,532.6644391734172,406.9054526555279,536.3309340039525,407.2139078729416,539.9947784209373,407.5524479393458,543.6574691307779,407.90332398689657,547.3206176255522,408.24938419076733,550.9843673762653,408.58901957373575,554.648718237557,408.92210674221997,558.3136694081128,409.24852224223997,561.9792194176,409.5681425660835,565.6453661137496,409.8808441579187,569.3121066494373,410.186503419918,572.9794380249521,410.48498988767386
45,400.27540341978147,422.44490317404154,403.9390468557535,422.7786450521523,407.616592550508,422.87704443489815,411.2932748796933,422.74902135685704,414.95626438992537,422.4063514543043,418.5960724658101,421.8701909760414,422.2077480318883,421.1685487363968,425.7906056818542,420.3317211981431,429.3467538580381,419.3875544173617,432.88044286248817,418.3623493221797,436.39771092015303,417.28203306386604,439.9057318764861,416.171998103646,443.4117158732475,415.0555341026314,446.922108869908,413.9530329764542,450.4424486676567,412.88276407752267,453.97706792830525,411.86069768300405,457.52839969574717,410.8983594344068,461.09731601469707,410.0034734316679,464.6838011357471,409.1818640731733,468.2874070085417,408.43897928984023,471.9071966220626,407.7794919460541,475.54159935661335,407.2059904598816,479.18853344195145,406.71845951972585,482.8456674901143,406.3144415956099,486.5107683855483,405.99048609658433,490.18181534673414,405.742741185794,493.85702829789204,405.56717704944214,497.5348678406469,405.4596795340549,501.214027068834,405.41621869440957,504.8934098438457,405.43296291209947,508.5721035268536,405.5063302499472,512.2493516651455,405.63299507929275,515.9245264256285,405.80994686425527,519.5971213114728,406.0342059780909,523.2667900087062,406.30217793596626,526.9334685908142,406.6084205778084,530.5974429377457,406.9455420977707,534.259352771273,407.30444465509464,537.9201197387417,407.6748493826079,541.5808020422879,408.0460907959131,545.2429693129124,408.4023174383713,548.9077780714039,408.73022727518185,552.5749930335893,409.0300462131666,556.2442567082021,409.30366884353714,559.9152523422122,409.55299592638954,563.5877011096693,409.77993218177124,567.2613592231444,409.9863844616169,570.9360149893744,410.17426030441504,574.6114858298528,410.3454668405878,578.287615572504,410.5019029288233
46,405.5957353095652,423.3714842224926,409.27430698867425,423.3181036515983,412.94404099265944,423.05714724760804,416.59473814824224,422.6011867311526,420.2188869178072,421.9674885597795,423.8120431401566,421.1764138725995,427.3727610323838,420.24994190924815,430.9021459960801,419.2102642728323,434.40367167722127,418.0801440838373,437.8832221586246,416.88394628391825,441.34911867743216,415.64866490298516,444.81128587870137,414.40294688833984,448.2801078144966,413.1759225294553,451.7652666053932,411.99620030840447,455.27447137928175,410.8901959162529,458.8117561811348,409.8777139937692,462.3772527059701,408.96960416584517,465.96813595657596,408.1677138478334,469.5803412064646,407.4680363969718,473.2098626524511,406.8644931999361,476.8532164911916,406.35092405343283,480.50745735298756,405.9215066355885,484.1699664141404,405.56939844163014,487.8389850007722,405.2932974220097,491.5124094398828,405.0831589360835,495.187882473737,404.91224854329005,498.8650723590935,404.78382362614576,502.54377435029676,404.7113983559062,506.22316695650534,404.7085745318725,509.90165602912003,404.7890046082573,513.577003834937,404.96121911527547,517.2501865072231,405.1760236436926,520.923113974319,405.3950756069931,524.593697142161,405.65020453594684,528.2614902092411,405.9428103429816,531.9264527505188,406.2689596688572,535.5883058960209,406.62835110502687,539.2469239597125,407.0193146098119,542.9021598488299,407.44073392788033,546.5540149977853,407.89052527337645,550.202901679329,408.3638247987874,553.8497678198422,408.8524680973603,557.4950205441083,409.35300749010594,561.1387681096988,409.8643905820314,564.7811265396064,410.38557745634625,568.4222202321057,410.915529278717,572.0621810568886,411.45320831626333,575.701147456673,411.9975779117993,579.339263554228,412.54760241869127,582.9766774981961,413.1022521136954
47,409.21257243122056,424.0102301955969,412.8719034672845,423.6297664114292,416.50722915429174,423.06405076883624,420.1100752308636,422.31890421938544,423.6725589185789,421.39989515187676,427.1892224295881,420.31851100894573,430.66014784138343,419.0979676853114,434.09406168575936,417.7765837748984,437.5059155990671,416.39906252267025,440.9138288343476,415.0117898969903,444.3355676686618,413.65907288889883,447.78434497664466,412.377020941515,451.2673626238561,411.19128124137916,454.7861872371032,410.11651581489315,458.3381436353182,409.1568978670268,461.91840030339375,408.30886564375845,465.52194197093723,407.56588331577996,469.14431041717614,406.9208163291685,472.78167643194666,406.3664269833932,476.4308546445427,405.8959223569454,480.0891242740574,405.50217136776257,483.75428784666383,405.17874953403725,487.42481308468774,404.92321288509913,491.0992034145935,404.73092045480564,494.7761370137274,404.5954938149226,498.4545895610117,404.5105152959105,502.1338020261129,404.46956935409816,505.8132462064327,404.46625574375435,509.4925902172052,404.49419734904404,513.1715175503522,404.55538770050464,516.8489721233844,404.6753055656147,520.524064426455,404.8539210389269,524.1964358974552,405.0817415113506,527.8653502824368,405.35973522604274,531.5302667387425,405.68626129531555,535.1907263155667,406.05946122709213,538.846279198061,406.4780116011735,542.4964834842591,406.94089818898436,546.1408001125978,407.4480552825003,549.7785183015749,408.000545262975,553.4091913705545,408.597607858183,557.0333034698465,409.23331139354076,560.6511778157624,409.9036173302002,564.2630561307036,410.6055259344656,567.8692580128668,411.33604834420714,571.4701733693778,412.0922073741501,575.0662545183555,412.8710396059992,578.6580084413724,413.6695963913446,582.2459892169879,414.4849439034389,585.8307902176033,415.31416422095185
48,414.9755658173224,424.03488174602256,418.5574609199513,423.19532284513195,422.0902641170064,422.1681468179681,425.574429830099,420.98608638302375,429.0154036189259,419.6833542307673,432.422544148129,418.2943438025232,435.80779746859076,416.8526954830115,439.18456698134213,415.39124322239877,442.56669137902,413.9422530192438,445.96730790775723,412.53730246283027,449.39679305171694,411.20449725749364,452.86112295239275,409.96518088074765,456.3611748048027,408.8307232803672,459.89464236564476,407.80507251987524,463.4579260020472,406.888339031185,467.0472272541075,406.0794281781993,470.6589692582228,405.37744172692345,474.2892413072317,404.77853970602365,477.9352090604277,404.2842425752378,481.59374069321365,403.8931535849015,485.2585536316537,403.56552794619296,488.92922242824966,403.3129809394263,492.60623735444744,403.18614117938927,496.28545927916036,403.2095216283872,499.9638677125427,403.29717483262556,503.6409679376902,403.4275232746797,507.31493458652506,403.6276234254736,510.9853851247633,403.88451941622475,514.6521314805398,404.18983532425926,518.3152599533554,404.5359576672647,521.9753440980184,404.9129805867369,525.6332240633446,405.3108636125359,529.2898725750304,405.7199305021825,532.945984019656,406.13377363074665,536.601710811143,406.5509998841912,540.2566559975777,406.9750122956051,543.9101698634586,407.4111718720292,547.5614316861514,407.86577637064187,551.2096635647422,408.3440788039083,554.8548248552048,408.8452587513383,558.4978787758638,409.36156168600706,562.1413497660856,409.87489512517743,565.7886194641228,410.3604359435193,569.4400313346323,410.81378770391905,573.095078443578,411.2368442587646,576.7533011501234,411.63151118666974,580.4142845582589,411.99970183768033,584.0776557121026,412.34333470403914,587.7430806846529,412.6643312532334,591.410262978834,412.9645971824401
49,419.7660030119076,419.21435194211057,423.2780658594705,418.1171676671581,426.78658085277965,417.0086847154537,430.29353832863825,415.89528144629844,433.8009400689921,414.7832791954371,437.31077655959075,413.6789898564677,440.8250042154341,412.5887628580788,444.34552137317183,411.5190311204872,447.8741418594433,410.47635546839564,451.4125649461943,409.46746677585764,454.9623405141737,408.4993048151718,458.5248282879645,407.579052369946,462.1011501137067,406.714162648267,465.692134470489,405.9123774006032,469.2982527976006,405.1817324322372,472.91954785273805,404.53054645645636,476.55555526406556,403.9673885638054,480.2052207608334,403.50101914844504,483.8668172781524,403.14029917110486,487.5378681592532,402.89406345024764,491.2150848113623,402.7709555815929,494.8943665367746,402.77645006705865,498.57225312862863,402.8818092059,502.2477430599272,403.05180685256005,505.9202154250379,403.27795396798604,509.5895616926695,403.5503071146035,513.2559359345343,403.8601788808576,516.9195256351039,404.2014404492633,520.5805673752068,404.5690585678522,524.2393462166626,404.9585745119054,527.8961990235242,405.3657906479609,531.5514635080823,405.78703407455066,535.2053580425244,406.22000318727123,538.857888594116,406.66433092800827,542.5088887897512,407.1210592194659,546.1580848941101,407.59198009842936,549.8051600453273,408.07904860453704,553.4496983972524,408.58474088382457,557.0913875365532,409.1105587574392,560.7303440635336,409.6549772436614,564.367580882152,410.21078613207135,568.0062118725302,410.757352567388,571.6490003343716,411.27546038045347,575.2957913283766,411.76460923829944,578.9461551563509,412.226347640456,582.5996972705699,412.66223214778057,586.2560564970532,413.0738253045906,589.9149031705304,413.4626938584602,593.5759372008058,413.8304072640658,597.2388880954957,414.178514907267
50,424.4170025911341,410.3213549214678,428.0547039867971,409.7686507341403,431.6885725372213,409.19126250878566,435.3193999998127,408.5950341626257,438.9480607235577,407.985747371495,442.57548536935957,407.36913842605856,446.20263572764645,406.7509167880539,449.83048017901,406.13678456380273,453.45996931763074,405.5324561607094,457.0920112530235,404.94367740411843,460.72744612072,404.3762433677648,464.3670193711463,403.8360141105787,468.01135346906403,403.3289274214049,471.66091773491996,402.861007553724,475.31599619973906,402.43836879663075,478.97665353675785,402.0672125898836,482.6426993919921,401.75381676871183,486.3136517558897,401.5045154526801,489.9887004205052,401.32566810405655,493.66667201589377,401.2236164276542,497.34599865645407,401.2046212152957,501.0247881315097,401.27076775415577,504.70141448434265,401.4136073839675,508.37469674287104,401.62585690808794,512.0438152000071,401.90098630063744,515.7083373668036,402.2318439419522,519.3681060170368,402.61176211173165,523.023321566067,403.0333048850026,526.6744322052691,403.4890775385144,530.322084556384,403.97178745374794,533.9674902794834,404.4712104106968,537.6116898045206,404.9793685379524,541.2548854377385,405.49466965312064,544.8961289172228,406.0235718350929,548.5341028592518,406.57448422160667,552.1672594976468,407.1562787427774,555.794101424744,407.77619749672925,559.4138616066617,408.43621973197713,563.0275357848221,409.1288358617752,566.6382809235389,409.8366040004668,570.2510392794791,410.5339856569677,573.8720813652009,411.18667550036963,577.5126514942598,411.7179968474042,581.1744661890265,412.0744049083389,584.8487568170041,412.2638029784202,588.5278010853045,412.29939788167684,592.2055780839063,412.194946557708,595.8776398277897,411.96429518666145,599.5409258361271,411.6210474194277,603.193547215575,411.17827869757076
53,440.55244324637954,410.92571788579266,443.78573571221546,409.1696948005446,447.06360027172167,407.49843286774376,450.39253421983364,405.93149999133885,453.77677059303073,404.4879846605552,457.21696692235724,403.1837066839391,460.7225931713363,402.0679360562537,464.27457005844934,401.10814212537315,467.855950657033,400.2672217147947,471.5036706217498,399.80124498663776,475.1771216456523,399.5929264193969,478.85463729221084,399.48082756861663,482.5331453645545,399.54682473492693,486.20601355409593,399.76386827724804,489.86970778158906,400.10246459923326,493.5219429667871,400.54834101198804,497.1624637621327,401.08173440575445,500.7919639925423,401.6857326032858,504.41191841442634,402.3446400612918,508.0244437845943,403.04320232671034,511.6320539652071,403.7667627787178,515.2375787874741,404.5006616758816,518.8438038798635,405.2311066639601,522.4531110336885,405.94614821902513,526.0672249408203,406.63645766864727,529.6874413159485,407.2939814085022,533.3147769280915,407.9109799774461,536.950014291482,408.47951753330636,540.5936516925957,408.9913913198646,544.2458111004736,409.4383267236644,547.9062320215987,409.8114529294058,551.5740843965232,410.1024736777046,555.2476110339073,410.3100324965186,558.9244745875437,410.44715887185095,562.602636143296,410.54472464806815,566.2805444053871,410.6510231686731,569.9560240134203,410.8202988086575,573.6263643363865,411.0779454185076,577.2909765160623,411.40784050533773,580.9535166722869,411.76028070206337,584.6183485119675,412.08778355172757,588.2871275323128,412.3675869511928,591.9591372099203,412.6012581381553,595.633574794514,412.7930848012019,599.3097720894273,412.94765117167753,602.9872007685904,413.06955440875595,606.6654554215713,413.16339496008806,610.3442362527503,413.2337701588253,614.023331658727,413.28527059807067,617.702600975835,413.3224624635402
54,444.2741526498519,399.3970919282518,447.9438521101375,399.1293208680316,451.6149717378431,398.88183310871057,455.2878702605882,398.66240284035996,458.9627333243092,398.4789157976025,462.6395199320878,398.33938923895414,466.31790501200624,398.25198238110755,469.9972181440869,398.22499426556203,473.6763791449254,398.2668456125953,477.3538321091499,398.3860409072562,481.02748065336243,398.5911069053109,484.6946284702269,398.8905041284875,488.3519307738284,399.29250893992634,491.9958374798345,399.80187806486634,495.6254293103162,400.4050983642998,499.2411086332004,401.08687966110114,502.84389416364945,401.83392838199796,506.43688927823314,402.6268337151921,510.0249640378818,403.4417748841561,513.6141563505907,404.25176429584565,517.2106100755136,405.02878134613525,520.8188922805383,405.74874453940924,524.4400378361386,406.40090404731177,528.0727313728177,406.98536712531705,531.7148433224996,407.50800617575794,535.3643860149878,407.9760234064367,539.0195810859819,408.39771043190194,542.6789682308661,408.7813840468831,546.3414720513526,409.1341145855723,550.0063212691214,409.46161396837334,553.6728820806704,409.7693898098953,557.3405999712999,410.0630780254311,561.0089818737529,410.34836679605144,564.6775311117129,410.63149977481277,568.3458102422417,410.91810621567254,572.0136422265495,411.2103820423492,575.6814106951354,411.50345500948,579.3496891217303,411.7900592535087,583.019163440417,412.06086969925923,586.6905317601445,412.3045531902574,590.364208848522,412.5104231579199,594.0396615004933,412.68188885822957,597.7156747421056,412.8410725922033,601.3908010186013,413.01942992058275,605.0646579748249,413.2222772357623,608.7371960875778,413.4477604852273,612.4084000515011,413.6940259835899,616.0782859423384,413.9592213418139,619.746898355456,414.2414964105244,623.4143066336193,414.5390149786865
55,450.1443673422776,402.6729593262698,453.5776426115776,401.35704987481216,457.1231910081639,400.37435047840455,460.67505672801553,399.4142562123839,464.2924089556062,398.75472676849284,467.95859737050046,398.44937185249876,471.63552172841185,398.32197265539696,475.31428352858825,398.3732913103939,478.9878624788876,398.57766841841163,482.65260703347826,398.9047815839628,486.306661094252,399.3355658348576,489.9498781751522,399.8502702747964,493.58313212132686,400.4313028157224,497.2079579451821,401.06288678814417,500.8262465184113,401.73096357375823,504.4398124507116,402.4241627218734,508.0503809001059,403.13282557910276,511.65971955158295,403.8477326369734,515.2696811852294,404.55948387628047,518.8819663452944,405.2593353600684,522.4979291809794,405.9399141126661,526.118596351813,406.5949857583744,529.7447638012642,407.2188685467725,533.3770661685717,407.8059510819388,537.0158724952641,408.3512434301576,540.6612135859579,408.85096639213987,544.312775228577,409.3029841942839,547.970046193287,409.70620398430526,551.632422930206,410.0600557298697,555.2992484551661,410.36436932233534,558.9698085534486,410.6197428259996,562.6433049497876,410.8287372750747,566.3189405871797,410.99606366235895,569.9960154175739,411.128184607804,573.6739952561569,411.23226895707865,577.3524999728033,411.3159258403648,581.0312676798974,411.3872033556107,584.7101053894221,411.4548109064867,588.388822010238,411.5286436709215,592.0671682648499,411.6189104765025,595.7446472563164,411.73907087870936,599.4203030577545,411.90570808878283,603.0934685766385,412.12040922825145,606.7637677765098,412.37958375708905,610.4309552778664,412.67962969871985,614.0949054096387,413.016947266017,617.7556011094391,413.3879466422727,621.4131227454965,413.78905350697886,625.0676370150366,414.21671253831227,628.7193816099169,414.6674243235937
58,465.7725524141185,394.63338782870386,469.4509812380087,394.7131243080382,473.1242681849131,394.922453222313,476.78632855493106,395.2771096197489,480.4291888119216,395.79248305495116,484.0428850755792,396.4829848228889,487.6184185011861,397.34998134116887,491.1569398046574,398.3579497216756,494.66577144792836,399.4651795638834,498.15665752194514,400.62795007485073,501.6440522317046,401.8011879221591,505.1398137010869,402.94919714658465,508.6507415761021,404.04989466514377,512.1800127473014,405.0902183413729,515.7294689972268,406.05937482917653,519.2999677701015,406.9478164577837,522.8907393688211,407.75039172810796,526.4995657080086,408.4674656891012,530.1234905436631,409.1039179992074,533.7598184039543,409.665251807043,537.4062425015312,410.15681096427204,541.0608283375343,410.5835341575946,544.7219847161261,410.9496842903522,548.3883885733491,411.2589547792531,552.0589159104518,411.51473684816887,555.7326016689282,411.72029801567606,559.408621807795,411.87880012751333,563.0862777709623,411.9933246640091,566.7649825136521,412.0669580501692,570.4442518243956,412.1028353623316,574.1236983140335,412.10405808258065,577.8030259462807,412.07413036379603,581.4820430359105,412.0175253263588,585.1606849190568,411.9401519452624,588.8390130456464,411.84898375528616,592.5171886634245,411.7518156168876,596.1954269903415,411.6570696706491,599.8739381391186,411.57369075147756,603.5528638271987,411.51150025752463,607.23216372181,411.47856346244544,610.9115878296858,411.48528603358386,614.5903516538858,411.55392924452536,618.2671705533455,411.6918921820882,621.9408364566425,411.8973921072807,625.6102449484747,412.1685244593985,629.2743927557913,412.50335556626004,632.9323752568677,412.8999335563109,636.5833833157684,413.3562982005505,640.226699588863,413.87048967419213,643.8616855722381,414.44061060388236
59,471.50461545325135,394.1126137004259,475.1680537481162,394.4510842776903,478.80743949056966,394.9893648507045,482.4134186003591,395.71924922547726,485.98409778509705,396.60632761403855,489.52068756977155,397.62112231455455,493.0279840616445,398.7331865698622,496.51369889932886,399.9113087012069,499.98697206464135,401.12569926728594,503.45701357381455,402.34931199086805,506.93185801737906,403.55919643380054,510.41826928490093,404.73528333751716,513.9221316091501,405.85822956492933,517.4483447912725,406.90877106602056,521.0001436453583,407.86912883688393,524.5784714613419,408.72525802783707,528.1817237336732,409.46948649422484,531.8066477088367,410.09976231398645,535.4491859767467,410.61874504362476,539.1050823663376,411.03350113472146,542.7703511750777,411.355365391038,546.441838430095,411.59648267540956,550.117230865849,411.76845101354604,553.7949091914802,411.881867329955,557.4737793811963,411.946452690858,561.1531405773802,411.97126779364567,564.8325856542051,411.96485182037065,568.5119223125703,411.93536126534104,572.1911091078528,411.8907328896148,575.8701850726238,411.8376727710118,579.5492075083658,411.78100288825743,583.2282181890097,411.72357207029296,586.9072557025073,411.66789345153853,590.5863615362296,411.61695516448907,594.2655738657287,411.57446561753363,597.9449105572472,411.5447960326523,601.624345970689,411.5330635350684,605.3037767155953,411.54518086084494,608.982975335654,411.5878356496621,612.6615444188697,411.6679311515611,616.3390009655608,411.7887260188343,620.0149186778071,411.94973033395047,623.6890164118541,412.1480188317195,627.3611132529184,412.3804726817574,631.031115151414,412.6439721993978,634.699006786594,412.9354017943101,638.3648433658786,413.2516535106198,642.028742443471,413.5896293030581,645.6908758170883,413.94624219809873,649.3514609814928,414.3184218919973
60,477.1056084477345,394.62425377394766,480.69731515224123,395.4212798579237,484.24823253696064,396.3842785268281,487.7596117858652,397.48307353947325,491.23729650646675,398.68450466004896,494.6897422895448,399.95680514467466,498.12721393853695,401.26911135531606,501.56102536556824,402.5909860525004,505.0027072912802,403.89218615604096,508.4631336313988,405.14257290488274,511.9507208550343,406.3149237308289,515.4700937407935,407.38796250986337,519.0215373227222,408.3494709245587,522.6021879494053,409.1957610384823,526.207677127937,409.9291257759737,529.8333589146802,410.55516677915097,533.4750860883549,411.07998374599174,537.1292433835262,411.5099276576775,540.7927345249818,411.85146610358663,544.4629533494434,412.1110806455023,548.1377418287731,412.29524640034396,551.8153531069331,412.41028700748916,555.494399654559,412.4626907817787,559.1738280071327,412.45971413990475,562.8529329867938,412.4101218196062,566.5313573315987,412.32336905181256,570.2090306021722,412.20894340388645,573.8860838014652,412.07597187721905,577.5627853741744,411.9335591016104,581.2394809057866,411.7909896668123,584.9165304154694,411.6579211600367,588.5942272336663,411.5442666576237,592.2726560828314,411.457635490206,595.9516774494643,411.40157688175566,599.6310350110062,411.3755847486209,603.310484838438,411.3778153865134,606.9898173854224,411.40730021100006,610.6688267790629,411.4642524854238,614.3472824699951,411.54975800476893,618.0249096582934,411.66549023710024,621.7012837689072,411.81574156872244,625.3759179398165,412.0038061510326,629.04855275395,412.2275783299442,632.7190306687102,412.48434098186783,636.3872672588634,412.77137585707914,640.0532450281944,413.0859676604063,643.717007161527,413.42540709136324,647.3786512791997,413.7869929362271,651.0383232395848,414.1680333105008,654.696208967357,414.56586474911495
61,482.0520105315285,395.29762584828836,485.5639689533838,396.3940585771408,489.0274521691252,397.6355182622664,492.45080847889153,398.98396631006096,495.8461517869965,400.4016447907787,499.22795534616387,401.8514042680692,502.61179742597113,403.29638763226677,506.01302322935135,404.69985787421797,509.4461343189196,406.0231945362592,512.9216029967139,407.2306560554281,516.4426596663925,408.29774664719224,520.0041881592937,409.22087292779213,523.5984312042777,410.0072245638548,527.2179763884503,410.66757850746825,530.8567853734096,411.2120533978703,534.5098892039429,411.6506889586356,538.1732732048217,411.9932423625525,541.8437560260455,412.2490016022719,545.5188595933942,412.42671466542686,549.1966878628795,412.53460327680625,552.8758240293947,412.58035812638695,556.5552414929148,412.5711146308701,560.2342276654831,412.51355402962326,563.9123546617053,412.41512699627583,567.5894971558923,412.2848115724544,571.2658280215545,412.1331920067194,574.9417267087346,411.97137446895067,578.6176942172419,411.81113784498746,582.2942172678775,411.6642831455135,585.9716065503444,411.54114152394976,589.649869086322,411.44775961977143,593.3287952675488,411.3857818202828,597.0081065391116,411.3538936066185,600.6875552988741,411.3499938401977,604.3669422163914,411.3718944893217,608.0461155039582,411.4172921415037,611.7249705269245,411.48371196887484,615.4034490834478,411.5685042661822,619.0815411053917,411.6687097653803,622.7592765300537,411.7812724047991,626.4367201473726,411.9030174788573,630.1139622352222,412.0307125234426,633.7909203938403,412.1663141870767,637.4674602214777,412.31281665729017,641.1435593263022,412.46999277258595,644.819209560725,412.63734017901453,648.4944069441304,412.8143565411657,652.169151455257,413.0005396102463,655.8434468242904,413.1953872807321,659.5172996875272,413.3984090311172
62,488.2529945695516,397.5306022982609,491.6377085986369,398.9734163540059,495.00085022579253,400.46592427238613,498.3551636309625,401.9782057195388,501.7132602912302,403.48205207900423,505.08742462330645,404.94942465040873,508.4889265024023,406.3521381638216,511.9265691439105,407.6636367832521,515.405440121103,408.86133457614324,518.9266354746063,409.9280493379015,522.4883404056718,410.850383436437,526.085958598415,411.62082118822804,529.712471890168,412.24131395810866,533.3602052248139,412.7219014630035,537.0225700102054,413.0744015521519,540.6943764355643,413.30935732095224,544.3715408690781,413.43577338158434,548.0508058287087,413.46122719353036,551.7295525547197,413.39347667804805,555.405845370053,413.24246098830326,559.0786875574486,413.02258669894456,562.7481398318728,412.7516707310657,566.4150933763735,412.44864267845014,570.0808845055345,412.1317975140186,573.746989172507,411.8186180657913,577.4148438020947,411.5267541503128,581.0854772639417,411.2723801748845,584.7591871509106,411.06733469878117,588.4355173988391,410.9164625916951,592.1136941166608,410.8206062180418,595.7928834123392,410.778768771852,599.4722969594239,410.7894579535112,603.1512147574657,410.850919171116,606.8289938970038,410.96123725031214,610.5050708740731,411.1184088587392,614.1789807941159,411.32004006423233,617.850546526641,411.5607058625516,621.5201358687178,411.82995360737317,625.1887624450935,412.11207990076133,628.8578534250194,412.3880588257431,632.5290819711942,412.6337109850826,636.2030849774145,412.8335824830004,639.8792177727116,412.989525977421,643.5568522290596,413.10484185190774,647.2354700306242,413.1828447228415,650.9146540539411,413.2268548584884,654.5940793949065,413.2401915327426,658.2735042052464,413.2261681380329,661.9527604619225,413.18808888028207,665.6317442926437,413.12922083780813
63,492.6595521130532,399.6159284892932,495.92658637584384,401.30852659956486,499.19802337644234,402.9925783319917,502.49367578904895,404.628618261045,505.8301503294945,406.1795300913832,509.21786115194277,407.6148821363099,512.65990635558,408.91443046745445,516.1538950406277,410.06699633662697,519.6944966532677,411.0672190477175,523.2753967925138,411.9118785161593,526.8893326825057,412.6017279395161,530.5285898191744,413.14254058468805,534.185814076253,413.54459542361724,537.8548935359337,413.818496777751,541.5309413590566,413.97341574646896,545.2100129893145,414.0169186522371,548.8888612730843,413.9562967189066,552.564985075768,413.80171942295533,556.236892411815,413.5670122664278,559.9042346030901,413.2690626451485,563.5676320068064,412.92580090626956,567.228445315712,412.5558834856849,570.888487589507,412.17838164129466,574.5496205263267,411.81164666024324,578.2131858277068,411.470141798257,581.8798749521317,411.164069075648,585.5498892863543,410.90094468236765,589.2231171219527,410.68743052959763,592.8991122162677,410.52864789669724,596.5771491447204,410.42776451402347,600.2563339419107,410.3862402889953,603.9357074863751,410.40452097415573,607.6143032143444,410.4823800440122,611.2911865331146,410.61901194699664,614.9654841184877,410.813149575197,618.6364016892026,411.0632152823242,622.3032839087929,411.3668093610046,625.9658642031292,411.7186091164998,629.6246335554429,412.10815967086427,633.2811633483043,412.51827850847985,636.9377186564682,412.92816762112403,640.5974022909448,413.30886937038116,644.2630482840445,413.6267677684006,647.933900590445,413.8775949389741,651.6084975569066,414.065892439897,655.2856115445363,414.1962611950416,658.9642341473534,414.27333198151473,662.6435593816165,414.3017423596373,666.3229656753922,414.2861190255395,670.0019965465151,414.23102637039256
64,498.4912929694655,403.2815020966634,501.74741204195294,404.9948896555988,505.04310805271683,406.63071889420274,508.3891569651544,408.1607406502246,511.7917027657346,409.56044676086816,515.2521056858608,410.81013483755913,518.7674441627166,411.8955915903965,522.3318818717951,412.8068743139426,525.9371253189834,413.5403191696951,529.57343710523,414.10002312506464,533.2310397631717,414.4979876432019,536.9016729717628,414.7495644808035,540.5789690304289,414.87070396150324,544.2582934629137,414.8767784935757,547.9364436711526,414.7823788355317,551.6113731627645,414.6013138491457,555.2819638713802,414.3467366833979,558.9478423084328,414.0312915247643,562.6092339109034,413.66731331246604,566.2668513589983,413.26709201607974,569.9218038419011,412.84316372009965,573.5755056898843,412.4085613919197,577.2295606994371,411.9769465507071,580.8855938518162,411.5624709616324,584.545013954386,411.17913906038103,588.208734673388,410.8394727331408,591.8768954039721,410.55178587212083,595.5490488106354,410.3206324209921,599.2244359966578,410.1484435895574,602.9021824779286,410.0376487395367,606.5812973639048,409.99098117985613,610.2606438149083,410.0117725539113,613.9389015236525,410.1034761161371,617.614623254161,410.26796176520116,621.2865532037366,410.50242960063565,624.9540006985936,410.7990479522797,628.6170612154558,411.14581815271345,632.276543677092,411.5286213992792,635.9338691430942,411.9315810397609,639.5909236968076,412.3370008407539,643.2497755114229,412.7258002815335,646.9120911936634,413.0803759742967,650.5780595685171,413.39497163056404,654.24701894952,413.6725527861722,657.9183829191456,413.9163125775159,661.5916537925164,414.12945478650465,665.2664145012352,414.31518790367903,668.9423202448191,414.47672067359224,672.6190900154099,414.61725896959973,676.2964985271133,414.73999012914766
65,502.14370253372897,406.22135396755317,505.3950604582049,407.942969611905,508.73624518058955,409.482878410575,512.1599390027469,410.8294001015752,515.6542834906436,411.9802647191412,519.206872269972,412.93641554553074,522.8056558374894,413.7006637752845,526.4391337483765,414.27810398318496,530.0965067889329,414.6775700133351,533.768191780858,414.91232987612125,537.4464195608358,414.9986780219846,541.1254454850065,414.95433703330474,544.8014189795098,414.79703325458576,548.4721230520036,414.54457486775243,552.1367147545427,414.21473277381057,555.7954459972569,413.82500939666556,559.4493569417359,413.39228413258576,563.0999218518638,412.932110611299,566.7487069434951,412.45800142524024,570.3971150208675,411.98099414838083,574.0463851349791,411.5106379846791,577.6976523046457,411.05607085816195,581.3519336562848,410.6264513934538,585.0100633226048,410.2310024456937,588.6726268631071,409.87907471716693,592.3398905248772,409.5802142581681,596.0117175650238,409.3441509331046,599.6874783764897,409.18073972572824,603.3659696247448,409.10021525768104,607.0453142424776,409.1108968037747,610.7231686057006,409.2162011709061,614.3973631998233,409.41141088423507,618.0665442601586,409.6854580707169,621.7304316693142,410.0232345870139,625.3897739162908,410.40731701672814,629.0462543751785,410.81786223829164,632.7024289015613,411.23113690135204,636.3610279450744,411.62226062734067,640.023655262919,411.97360870984636,643.6891059573968,412.2943203783122,647.3544456063065,412.616276956731,651.0166795701427,412.9717314010852,654.6752995988713,413.362654215244,658.3302718433981,413.7863446661351,661.9816347870432,414.24010421338335,665.6294929605468,414.721240362424,669.2740106567456,415.22706937113924,672.9154056916402,415.75491802587004,676.5539432506356,416.3021245847374,680.189928460604,416.86604795980884
66,507.09565918358174,410.1334492254344,510.4814248713477,411.57174680214086,513.9631263195942,412.7594514653293,517.5177595064246,413.7071589896845,521.1257389686991,414.4259427126406,524.7702375248712,414.9283060631164,528.43689612603,415.22994954371666,532.11405209755,415.35070609217036,535.7930966097792,415.31436852217405,539.4685023876967,415.14522845339144,543.1373301374824,414.86713182602824,546.7986826045023,414.50319068522856,550.4531916724756,414.07569803197134,554.1025740741411,413.6062900443793,557.7492647748699,413.1163348473255,561.3959569468163,412.62638934008476,565.0449238426329,412.1537273541488,568.6973825781325,411.70888816913106,572.3536745280821,411.29675661755317,576.0136901096739,410.9191325259129,579.6772631618654,410.57775890863445,583.3441776646222,410.2743931260557,587.0141614585675,410.0107634983998,590.686886592171,409.7885918791221,594.3619660679376,409.6095689004403,598.0389533247003,409.4753638133007,601.717340424128,409.3875981677362,605.3965576320659,409.34780906829235,609.0759754218655,409.357540144717,612.7549046575641,409.4181946395692,616.4326006612948,409.53106387744515,620.1082596280758,409.69751925246595,623.7810456562365,409.91845431888714,627.4500418392954,410.1952502555513,631.114177080306,410.53026970204246,634.7723095736327,410.9254704920319,638.4237895132025,411.378090045694,642.0688736476073,411.87971342718504,645.7088255280797,412.41739006782666,649.3454026809742,412.97748211317526,652.9803334517101,413.54817781549144,656.6152314695213,414.1190823813289,660.2515389047877,414.6809322893672,663.8895367357526,415.2317316866854,667.5291004994558,415.77208794476377,671.1701104895384,416.3026127280992,674.8124519727675,416.82391855707124,678.4560148895706,417.33661867349264,682.1006935513606,417.84132692267235,685.7463875222193,418.33864891825647
67,512.3020992598139,412.56572209465025,515.7898737606946,413.73513380888596,519.3574161278559,414.6318796634402,522.9828506962913,415.255572777666,526.6416040239898,415.6401912622815,530.3160466249903,415.82513351558026,533.995199206851,415.84469794653484,537.6725589219999,415.7258883559898,541.3443364154131,415.49027331768104,545.0083913951074,415.15498784921886,548.6636438852651,414.7342430621447,552.309952841167,414.2417901188853,555.9484864523736,413.6946898689621,559.5816754491867,413.11304834104357,563.2126109567374,412.5174618326052,566.8444339073437,411.9273257642799,570.4800858973401,411.36132040266256,574.1216344841358,410.8346648571824,577.7699195765276,410.35694571352053,581.4246658181526,409.93148834072923,585.0852060043406,409.5591615219484,588.7508066680064,409.2404956175768,592.4207349837814,408.97630981083523,596.0942402271678,408.76770445947045,599.7705382979477,408.6161299719089,603.4487878070418,408.5233716360697,607.1280659328357,408.4915414874391,610.8073426776167,408.5230984877669,614.485449714655,408.62091753398585,618.1610595827044,408.7879473538687,621.8327302161824,409.02633760285016,625.4990946497551,409.3358229700263,629.1590596813129,409.7135913466737,632.8118696238995,410.1552724142533,636.4570631680613,410.65598513044745,640.0944352064865,411.21071464404446,643.7245668058044,411.8110697950724,647.3495062248242,412.4420992996481,650.9730799709262,413.0809487420625,654.5997068294623,413.7021657927957,658.2342955284557,414.27471531335505,661.8795732683898,414.77462956580325,665.5339026068979,415.2034692525727,669.1953771980704,415.56635816788963,672.8623717744589,415.86849873710526,676.5335238761778,416.1151345060408,680.2077126872395,416.3115204871806,683.884036104738,416.4629008714087,687.5617869356679,416.57449340119774,691.2404296445678,416.65143683102326
68,518.7452995674115,415.31173061892963,522.3754306886152,415.90809924240216,526.0358672629757,416.27660865774436,529.7111254336008,416.44387051165404,533.3902778944889,416.4356259059908,537.0660236646813,416.2754001743331,540.7337597296174,415.9840185652487,544.390804723243,415.57963359118446,548.0358170519493,415.078010854278,551.6683574590407,414.49272405035026,555.2886181835426,413.8356411828139,558.8974642961688,413.1184197399759,562.4973637590597,412.35747181184803,566.0928161935891,411.5757208638956,569.6900532606719,410.8022535731927,573.295811948307,410.06970152785243,576.9161189665934,409.413158412163,580.553736119869,408.8608078279553,584.2071579263861,408.4251657019374,587.8723584787448,408.1031090043817,591.5453520439734,407.88705802146256,595.2228202286001,407.76909713332583,598.9020922489747,407.7415550400109,602.5810661022088,407.79683157576727,606.2581478508341,407.92746380864645,609.932192656381,408.1261356263051,613.6024524939902,408.3856345955529,617.2685259563266,408.69886685379095,620.9303158696353,409.05880785037897,624.5879871176003,409.4584943160017,628.2419228034041,409.8910446648542,631.8927065077427,410.34947077928246,635.5410913718626,410.8266359761713,639.1878629406905,411.3159894855366,642.8335107452203,411.81364980387673,646.4781974001763,412.3183012283325,650.1219255374776,412.829827683996,653.7647042889811,413.3480719785352,657.4065188435108,413.87304874752647,661.0472007899109,414.40582153980256,664.6878003009512,414.93915254965805,668.3314041130612,415.4515124294167,671.9782659451193,415.9401613281242,675.6277857042172,416.40855552809023,679.2795562508463,416.85907355441367,682.9332105458178,417.29405746879513,686.5884115490226,417.71585304828415,690.2448477502892,418.12680856734414,693.9022286566046,418.52927392403416,697.5602805357701,418.9255974018431
69,523.7926774629401,416.56292502652633,527.4643964214384,416.7943611291417,531.1432552417803,416.83747643632654,534.8204108180896,416.7151629628785,538.4898256002306,416.44638420722094,542.1473404023867,416.04673007530437,545.7901291688049,415.52955170006703,549.4166154094986,414.9080834678443,553.0269894700274,414.19879545551777,556.6235916228451,413.42251566089806,560.2109355370984,412.6044003041196,563.7951722514778,411.7727370105553,567.3829955556091,410.95673349400363,570.9803169307428,410.18379631514756,574.5911223998895,409.476668880698,578.2168104783258,408.85043392214396,581.856759400292,408.31332408756106,585.509193798827,407.86901801819863,589.1719004475236,407.5193936388934,592.8425713424484,407.26681032072486,596.5186862460189,407.1125368611614,600.1976017296395,407.0555547936811,603.87678501121,407.0921724679253,607.554008114267,407.2179759113636,611.2273558514823,407.428616748316,614.8951797454504,407.7201118616624,618.5560439509974,408.088915437411,622.2086898451566,408.53181418321833,625.8523439860726,409.04352658543024,629.487250940852,409.61418055731957,633.1152773544885,410.2271670789943,636.7397995589889,410.86061006788464,640.3650674586881,411.4897563330157,643.9949376363645,412.09172006178915,647.6308703578624,412.65588339360977,651.2719416025619,413.18593131349195,654.9161728101247,413.6938440409244,658.5618109412407,414.1915772208541,662.2075359954994,414.6886741523315,665.8520103316087,415.19484338681957,669.4935030334564,415.72198807001575,673.1298695463106,416.283359304544,676.7604513504469,416.88101362416666,680.3853494825933,417.51223753643,684.0047426369383,418.17430797646597,687.6188783434832,418.86451079628347,691.2280663709342,419.58014349708696,694.8326722165192,420.3185169766162,698.4331107234963,421.07695639473576,702.029834330807,421.85282665613295
70,528.9850283312239,417.08204288821776,532.6636498714992,417.03607494427644,536.3339112894585,416.78207682731374,539.987635768062,416.3501991077268,543.6211382975064,415.7717249812121,547.2343416434668,415.07724309672653,550.8297777681718,414.29570899290036,554.4117524389974,413.4544672673372,557.9856752651665,412.57956473498945,561.5574610706723,411.69595721745003,565.1330297117688,410.8278212081271,568.7179228907962,409.9991278273198,572.3164069838433,409.2317348561822,575.9307509284874,408.54302387343455,579.5610712342545,407.94432869987116,583.2062594937343,407.44418174554187,586.8642336203862,407.048320985257,590.5321109192516,406.758144863716,594.2066013854234,406.5690862557351,597.884764783084,406.4750773455605,601.5641376069469,406.4700127511194,605.2426954086548,406.5481142001067,608.9187965816408,406.7037964459362,612.5911358755947,406.93170520893347,616.2587022051869,407.2267135881329,619.9207418687753,407.5839066449607,623.576727016344,407.99856003403903,627.2263269945161,408.4661317566371,630.8693930135049,408.9821826241012,634.5059415794099,409.5423468145879,638.1361105088833,410.1424887729418,641.7602382601915,410.778117099338,645.3789887119405,411.44370189407806,648.9934766680432,412.1320801482913,652.6051978967804,412.83484532466076,656.2156707956055,413.544001600617,659.8263464397743,414.25212384200563,663.4388498280213,414.95085052734,667.0553607917485,415.62849395402253,670.6782748684805,416.2709550122581,674.3099590660048,416.861688718415,677.9525781538676,417.3805281300973,681.6064960710332,417.81249200692776,685.2700498268963,418.15329347945107,688.940499786934,418.4095687767675,692.6155229133356,418.5889674444815,696.2932818016995,418.69922750556566,699.9723791145327,418.74810596867377,703.6518072280039,418.7433290532123,707.3308947617961,418.692490493597
71,535.7396112599412,417.01133700402886,539.3939252316344,416.58447911256803,543.027500612981,416.0066171595588,546.63884444322,415.3026841888636,550.2293700643869,414.4990059325143,553.8027929393296,413.62221967639005,557.3643979529519,412.69848619142203,560.9201881740578,411.752566854985,564.4759069829663,410.80637849266463,568.0367717152664,409.87977965612345,571.6074763599105,408.99192816729243,575.1921991076632,408.16260722405565,578.7942020429658,407.4120655938503,582.4155009829685,406.76123936011254,586.0562979128704,406.2305390572946,589.7139878518752,405.8328483397191,593.3839578826165,405.57164484146784,597.0610107726756,405.44410055688775,600.7402881063366,405.44642933387144,604.4174269910233,405.57246651461884,608.088906561695,405.81265602846713,611.7523294443198,406.15470089727353,615.406342597646,406.58601018126126,619.0503269772038,407.0952776977835,622.6842362319272,407.67215815345276,626.3084583523445,408.3071271768349,629.9236148782825,408.9918812394914,633.5312665074395,409.7151934313356,637.1341549630391,410.4619158796605,640.7363220964442,411.2121167098484,644.3433059486057,411.93873100350834,647.9592341551653,412.6193397273199,651.5846922059844,413.2472626104292,655.2165565258368,413.83709861134855,658.851691410128,414.4064842232392,662.4877025892139,414.97025757247974,666.122709968862,415.5404558657098,669.7549119998034,416.12823750758923,673.3833507485994,416.73881462233413,677.0089006641274,417.36634771963907,680.6348386365801,417.9916210955478,684.2665326584105,418.5823482403012,687.9103984301007,419.0919741202757,691.567908707041,419.49206162195264,695.235281829405,419.78867639693266,698.9091009216946,419.99067079804627,702.5866451921679,420.10705532276523,706.2658306520518,420.1468764228863,709.9451404714666,420.1191278143981,713.6235484868695,420.0326022307449
72,539.5249685547057,411.9357505412237,543.1495862903018,411.30285667473026,546.7729417287588,410.6627692119589,550.3962106637151,410.0221918340585,554.0205707683307,409.38782293343723,557.6471684395191,408.7663854139047,561.2770849026227,408.1646554061897,564.9113007578989,407.58948871370023,568.5506582252222,407.04784366378834,572.1958204709716,406.546798833816,575.8472275992846,406.09356386171925,579.50504918172,405.6954812598441,583.1691336104974,405.36001686477124,586.8389551138741,405.09473633014437,590.5135599806852,404.90726498222546,594.1915143971946,404.80522851042724,597.870857258196,404.79617248546685,601.5491150021803,404.8858592672591,605.2240323296379,405.06697615534824,608.894060293497,405.32928773550515,612.5579584129194,405.6666836759538,616.2148428846676,406.0731888441469,619.8640525278399,406.54368568497654,623.5050753191063,407.07386497039425,627.1375083223328,407.6600365870682,630.7609812343669,408.299283066651,634.3754231137851,408.9877883903342,637.9814013660605,409.71936900559666,641.5804134505727,410.48452384236435,645.1747229994402,411.2715026761939,648.767118457677,412.06718617271173,652.360720041241,412.8573954373608,655.9587802069254,413.6270135952452,659.5642659001544,414.36099763903184,663.1792374977315,415.04667547331746,666.8043693696094,415.6764081533616,670.4387700374828,416.25025288528457,674.0810113515736,416.77206730602296,677.7296086253737,417.24746003799766,681.3833847427682,417.6812762061825,685.0416504448,418.07550225231745,688.7013084230764,418.45670382346384,692.3593391682988,418.85318904569175,696.0152213706597,419.26901236681533,699.668640159641,419.7059432094878,703.3192491358857,420.1657525737979,706.966667633078,420.6502125129046,710.6104779958868,421.16109525510626,714.2502228900215,421.7001719489923,717.8853985731639,422.2692368134149
73,547.0053869887745,415.0734922749743,550.500422995544,413.92363189250403,553.9688943413764,412.6956861563669,557.4258675724669,411.4356300502268,560.8856862711807,410.1834266650145,564.3591060814367,408.9695238636005,567.8511920631736,407.8104896919087,571.3729476017386,406.7454613387714,574.9234120165944,405.7798635191732,578.4765485888645,404.8240302159444,582.0474718692699,403.93806556761615,585.6816471262748,403.38403553363133,589.3595663219418,403.31202598659115,593.0381569995582,403.2410051337602,596.7170573761015,403.20833099084126,600.3930121123815,403.36288877690095,604.0619237181266,403.6394549827679,607.7205484755953,404.02911977607124,611.3669019392123,404.52086916192695,615.0008815157104,405.09714860988606,618.6227904758475,405.7450943132495,622.2337778000017,406.45146473749054,625.8355573606082,407.2034411343448,629.4302391812191,407.98869075290827,633.0202748522477,408.79494290697096,636.6083510328546,409.60988247121304,640.1973461141591,410.4207599363737,643.7900876505473,411.2148514858001,647.3888828704228,411.98101226034794,650.9948259117662,412.71277675941894,654.607967934346,413.4081268617639,658.2277124477716,414.06825474556615,661.8532764682435,414.6956467907273,665.4838269392866,415.29352320906133,669.1185282579745,415.8656393270482,672.7565628168254,416.41617625689855,676.3971405771504,416.94964916581586,680.0394727825756,417.471018917296,683.6827793374325,417.98554176852775,687.3262259777599,418.49907244515725,690.9687142649606,419.0193501296724,694.6098994739742,419.54867319626646,698.2500403116278,420.0851329010769,701.889286041184,420.62763253389215,705.5277749305236,421.175185974014,709.1656493493547,421.72680772256547,712.8030549671231,422.2815127997558,716.4401399537718,422.83831662337684,720.0770541827794,423.3962348730924,723.7139484669564,423.95428314176735
74,551.9813538032114,413.13371275661143,555.4203402180392,411.82560861011586,558.836593741317,410.4590331872935,562.251710595516,409.0896055971396,565.6850164457901,407.76657898459814,569.1549292734438,406.54333232632564,572.6773199283226,405.4806984299379,576.2213899655335,404.491774191539,579.7758179610591,403.5410725990016,583.3795911375106,402.80885370983395,587.0520634157652,402.65980619189907,590.7308484199914,402.7050408953303,594.409475867705,402.62926485767093,598.0876499304801,402.7110098997064,601.7608844932844,402.9233233947373,605.4272520289421,403.23200340828504,609.0838000944452,403.6410769928502,612.7295703123663,404.137273377939,616.3636198852025,404.7131240335817,619.9852834222487,405.3623980335899,623.5945143900651,406.0776208683288,627.1919417442059,406.85008404509534,630.7790492817326,407.66918884788345,634.3581338621765,408.52271327510937,637.9321454204251,409.3972655921497,641.5043848048946,410.27903849801476,645.0779671000444,411.1553465695298,648.6556702637839,412.0146568504486,652.2398475814006,412.8465228959793,655.8322661292522,413.6420159497761,659.4337027222488,414.39561322337687,663.0440790013789,415.10514492965586,666.6627947265347,415.77084287139877,670.2891699202738,416.3934720887935,673.9225379691275,416.97390963706755,677.562260955354,417.51307079555556,681.2077263939144,418.011936898248,684.8583374068965,418.47164701956757,688.5134919734741,418.8937260974386,692.1725901269415,419.28014506979827,695.835024353933,419.6335769086928,699.5000628787016,419.95893383313717,703.16716096329,420.2602075340525,706.8359997227436,420.5394990000228,710.5063045987283,420.798825761144,714.1778340476883,421.0402087841981,717.8503762667816,421.265671049125,721.5237458780925,421.47723647002704,725.1977805863738,421.6769291220646,728.8723385214942,421.86675897824836
75,557.4246166734428,410.1815538803063,560.7799856832333,408.6716721582431,564.1660019325496,407.2320668474531,567.5963260605075,405.9017389864261,571.0821699643922,404.72517747257524,574.6158658128775,403.7001685065945,578.1597269186889,402.7105161579263,581.7257689492795,401.805311126341,585.3591444723362,401.24790200136505,589.0373396256722,401.2090399956037,592.7164366689532,401.1787347781076,596.3954143356153,401.1820331729461,600.0682716760011,401.3963678217458,603.7297869774002,401.7571997034653,607.3746978802878,402.25855883115696,610.9992923221611,402.8906426543751,614.6033149220747,403.63132485108423,618.1881710672961,404.46000334863015,621.7571762259236,405.3546305548823,625.3149925070994,406.2928564165171,628.8668742113962,407.25334598938457,632.4178261193119,408.21727356737495,635.9717717260013,409.170091133367,639.5318406475044,410.0997441517157,643.100434098814,410.9960903960165,646.6789867157778,411.8517872828398,650.2678165155239,412.6632939223007,653.8665590183989,413.42964630519805,657.4745299713522,414.1513088706002,661.0909332844751,414.82945994739407,664.7149904427496,415.46544874794137,668.3460485466446,416.060168992224,671.9836132908413,416.61370034064737,675.6272807122394,417.12551661572246,679.2767959116804,417.5938000917124,682.931706177678,418.01794159089354,686.590832045474,418.4041337694525,690.2515247578083,418.7752744555048,693.9104880584597,419.1629721015745,697.5643955960256,419.5955715824594,701.2113035820983,420.083682545016,704.8527236759946,420.61132928073135,708.4904182332231,421.16409517529996,712.124665544499,421.7390969639481,715.7557131356282,422.33397661698916,719.3838470920972,422.94638115395105,723.0093873293947,423.5739632597719,726.6326829196933,424.2143814378721,730.2541074806585,424.8652997661115,733.874052973079,425.5243963763117
76,562.5770227161617,407.00894427855366,565.9625296941775,405.56815280718195,569.3937030733118,404.24001882894777,572.8773015144445,403.05668139122093,576.4247270463205,402.0824082508815,580.0140358893813,401.2732373991712,583.6253620588175,400.57220599975426,587.2905942436248,400.2786466588859,590.9698578877749,400.24682872189857,594.6489468938074,400.28322692540246,598.3220471008686,400.493232952205,601.9836632166322,400.8532935991032,605.6307472866849,401.3389747039026,609.2596486198078,401.94589883664287,612.868198435078,402.66408490200274,616.4540051993692,403.488388542191,620.0156662397644,404.4115464802509,623.5550749371232,405.4168298881786,627.0797094126295,406.4728952159172,630.6008257427536,407.5406733051754,634.1288261038264,408.5854253901153,637.6702414840134,409.5836970991077,641.227103877585,410.52542150203726,644.7987556662085,411.409413587176,648.3835095183078,412.23870124066957,651.979592708157,413.0174185089511,655.5854747383681,413.7494435338069,659.1998567560616,414.4382931729681,662.8216450913656,415.0870925116583,666.4499293474667,415.69853399748087,670.0839570347691,416.2748700582967,673.7230451144719,416.81835112563425,677.3664395511031,417.3321920012515,681.0132237424108,417.8214193884674,684.6624604304392,418.29202444325836,688.3133710550542,418.74947371573404,691.9653333162449,419.1984573661692,695.6177912939135,419.64339364135776,699.2702589162084,420.0882507445035,702.9221423354066,420.53787324616076,706.5730406563741,420.99542769066966,710.2234922376914,421.45653608682596,713.8737689689776,421.9190267136212,717.5239132619619,422.38256149297285,721.1739660093709,422.8468166290109,724.8239682958484,423.31146834841786,728.4739613119073,423.77619288865424,732.1239862679029,424.2406664859888,735.7740843080105,424.7045653634947,739.4242964257394,425.1675657068629
77,568.049336866346,403.4616389895898,571.52852697458,402.26455823005847,575.0588036367982,401.2300112970735,578.6637313657338,400.501005013589,582.3214759186991,400.1077614924566,585.9894728013898,399.8177153076191,589.66406702543,399.63659061038277,593.3431597924398,399.6486736539731,597.0183895056716,399.81958079576714,600.6832319674751,400.14421656094436,604.3321070895502,400.6159088365189,607.9612885960305,401.2209667696901,611.5682873970787,401.9468203151983,615.1520840677938,402.77985636789003,618.7129026961054,403.70631752268923,622.252267452859,404.7117373389605,625.7736764605141,405.7784481794663,629.2842050045388,406.88052254910104,632.7937280246983,407.98580327374805,636.3121810232437,409.06225806283976,639.8455775415393,410.08853158914485,643.3954287376275,411.05634398568543,646.9607770107846,411.9654210408934,650.5399320351459,412.8185382656053,654.1313465833321,413.61849322051546,657.7336564691369,414.36787480430723,661.3456752682987,415.06897941766255,664.9663839416768,415.7237396766744,668.594902672986,416.3337443912389,672.2304779039547,416.90018458074985,675.8724254198005,417.4241013430072,679.5200507815973,417.9069197138252,683.1725546705037,418.35135306238067,686.8290833939242,418.7613899787407,690.4887955411115,419.142002116892,694.1509108918347,419.4987838760607,697.8146761429495,419.8382341449382,701.4792100142347,420.1693060564668,705.1434313559023,420.5038077186905,708.8061200138638,420.8546496955733,712.4663097792652,421.2306329010696,716.1236251592659,421.63363427627326,719.778328163044,422.05969191007694,723.4305804391826,422.5062784907762,727.080531793518,422.97130297053224,730.7283636359696,423.4526772301761,734.3742853010499,423.94831670744827,738.0185304008678,424.4561406540421,741.6613532118712,424.9740721007207,745.3030235556272,425.50004820285943
78,572.5884328327595,400.46491050417774,576.2136585237766,399.8363790995117,579.857781406101,399.32902883301085,583.5181731383635,398.9572038842101,587.1906614021871,398.7353825696337,590.8693411796082,398.6777515255122,594.5464911927326,398.7971897541988,598.214140767807,399.0881959331293,601.866996664908,399.527908663379,605.5001190968007,400.1086233359368,609.1095289586546,400.8221944546163,612.6924068921816,401.65895824117047,616.2466463724234,402.61013923097005,619.7718145896159,403.6640862659106,623.2724696323378,404.79699057466183,626.7591286397309,405.97239895088063,630.2457626428973,407.1478869131057,633.7425349548374,408.29280433854024,637.25470801689,409.38952835839103,640.7839993264259,410.42982054655363,644.3306822467264,411.40916524743625,647.8939067759163,412.3265058391519,651.4721953007207,413.1832220459465,655.0638687122554,413.9819855103804,658.6673874492631,414.7255049936016,662.2813488982152,415.41650216164066,665.904482584491,416.05768904293757,669.5356423176719,416.65175958315336,673.1737877467355,417.20145043669186,676.8179703081445,417.70960056082987,680.4672620156222,418.1796857481845,684.1206964114731,418.6164437354857,687.7772776790217,419.02605821919565,691.4360766111048,419.4153972822617,695.0962610445773,419.791508774586,698.7570848297189,420.1613552709731,702.4178359938472,420.5319189520405,706.0779512853819,420.9087057455259,709.7372504517615,421.29334123680684,713.3962452839065,421.68086487019883,717.0558487664875,422.06258335421035,720.7177698463911,422.42125338396073,724.3836487740746,422.73681171743897,728.0530623238767,423.00823632783874,731.725293262339,423.23846970796586,735.3997239475705,423.430473665742,739.0758297807822,423.5872209249407,742.7531722385415,423.7116884476871,746.4313916416367,423.80685222815896,750.1101997910307,423.8756824770265
79,578.5780971209612,397.9602120515088,582.247951658111,397.69673749767327,585.9246458887278,397.55938474056717,589.6038566453068,397.56299970592016,593.2795761461579,397.72212889451475,596.9440739782177,398.0498391608081,600.5900111163911,398.5432845622446,604.2126177607843,399.18625089368345,607.8083694077176,399.9656975067397,611.3755483998884,400.8670903233026,614.9142818837494,401.8745278228832,618.4267367378864,402.9702171750686,621.9181220961468,404.13141886069985,625.3965487453793,405.3309655352837,628.8710801963681,406.54177031534596,632.3496111240477,407.74101973939406,635.8380252374558,408.9111745371514,639.34015469847,410.03958428705107,642.857844654088,411.11848955543104,646.3913236445067,412.14449204104204,649.9404495757163,413.1149752209027,653.504932839574,414.0274270901426,657.084352073473,414.8793924337291,660.6781370093861,415.6685531225084,664.2855954833572,416.39262869002505,667.9059173096456,417.0493545095661,671.5380042348473,417.6375493372854,675.1802063956148,418.15950494080766,678.8305124309928,418.6214803077913,682.4870430837753,419.03136758838986,686.1482811388646,419.3969043222784,689.813009203261,419.7256826242477,693.4802825121594,420.0247935698227,697.1492575276111,420.3023133879421,700.8193713690347,420.56432909786577,704.4913257160789,420.798987614469,708.1657296500625,420.991280924468,711.8421470071956,421.14057176819875,715.519252284592,421.2721495581747,719.1958933490546,421.4159063447244,722.8706531288283,421.60111790868865,726.5417554726462,421.848270913953,730.2080549121613,422.15867361742175,733.8688707460616,422.5282398123026,737.5238473391935,422.95173039847987,741.1728608548896,423.423896242033,744.8159950375659,423.93950374231554,748.4535169684161,424.49334935814693,752.0858530034209,425.0802685585655,755.713560243771,425.69516928880194
81,588.9060089362622,395.7661181004224,592.5786804331864,395.9835800033552,596.2355387321805,396.3869127110539,599.8651783465627,396.9876395633485,603.4585366058365,397.7771708648831,607.0095776429894,398.73953181219514,610.5160746059023,399.8536219857793,613.9822330465855,401.0877994796391,617.4181661798127,402.40401209617033,620.8376465713973,403.76251156377293,624.2545688715385,405.12744897079637,627.6786937518003,406.4741903290268,631.1161605327064,407.786471471132,634.5714041401006,409.05115864283175,638.0481934341528,410.2552972604262,641.5487481582934,411.3884444171482,645.0731205864687,412.4451736001205,648.6197163686467,413.4247459198672,652.1861884172347,414.32929845280574,655.7704121413151,415.1607463413968,659.3704448942974,415.9208483579793,662.9843903038914,416.61180864436403,666.6103166701057,417.2368917401518,670.2463659666057,417.8001528383285,673.8908825809859,418.3057782753825,677.5424356520712,418.75783580508454,681.1997821115466,419.16038617732966,684.8618547253169,419.5174361300452,688.5277464203598,419.832912942181,692.1966903559968,420.1106943695765,695.8680385967332,420.3546945251097,699.5412599880128,420.5686970166288,703.2159184118836,420.756458848714,706.8916386057351,420.9221936916984,710.5680570014067,421.07169830184176,714.244850432218,421.2117162840917,717.9217047985032,421.3501324731202,721.5982790599942,421.49576798201053,725.2742886267084,421.6549907393834,728.9497070520567,421.827352022991,732.6248636203447,422.0052336970863,736.3004215386449,422.17452040829335,739.9774199000886,422.30830679349833,743.6559098063456,422.39153737640254,747.335174162453,422.42700462439643,751.0146029542951,422.4183698058623,754.6937180676599,422.3693062758958,758.3721624170229,422.28348893931997,762.0496886958084,422.1645862634079,765.7261467454059,422.01622561551835
82,595.1552130134442,395.3505774582726,598.7865309117087,395.94062072858765,602.3785335989887,396.7359493659928,605.9242776652039,397.7175194907445,609.4224517293057,398.85739606829577,612.8760239556408,400.12626933764625,616.2916725723137,401.4941478223193,619.6790308344732,402.9307901036914,623.0496958933661,404.40624850373376,626.4163490625339,405.89085614656983,629.7919934811166,407.35486361131643,633.1885776376843,408.76952172063073,636.6149921107273,410.11020751833536,640.0751040789372,411.3612885561944,643.5685860679371,412.51590648686056,647.0924822730814,413.5740959225063,650.6429884366314,414.53928720481736,654.2164711239291,415.4156344070976,657.8096572899484,416.20736981332,661.4196311179593,416.9186944764866,665.0438226038606,417.5536640687421,668.6799334877303,418.11642749686007,672.3258413129063,418.61183286599805,675.9795589024602,419.04598372021667,679.6393136389111,419.42598599555123,683.3036324339724,419.75920011611225,686.9713362500005,420.0529002654905,690.6414961332135,420.3141958599202,694.3133836249593,420.5500341303576,697.986481739321,420.7662367968008,701.6604742725015,420.9666832538755,705.335217930543,421.1528579147708,709.0106402037486,421.3251166842116,712.686689187659,421.4834383538761,716.3633126782809,421.62780476785747,720.0404546884164,421.7582997120255,723.7180544435836,421.8751892543558,727.3960455809531,421.9790451986776,731.0743581527845,422.0708259429447,734.7529228644759,422.1518924297005,738.43165462114,422.22501896959847,742.1104876301973,422.29286948855423,745.7894025852332,422.3561237707643,749.4683863382797,422.4152440675264,753.1474272997441,422.4706926697057,756.8265152643456,422.52293189010044,760.5056412369005,422.5724240528449,764.1847972580437,422.61963148600637,767.8639762299144,422.6650165169198,771.5431717607718,422.70903987421207
83,601.709292040537,395.68816278861516,605.2251029091261,396.77206910407915,608.6879692211161,398.01503992313434,612.0999151204499,399.3918641916536,615.467084075024,400.8750241260252,618.8001408478898,402.4334887557187,622.1142344030318,404.0319727127829,625.4266590181206,405.63392032112205,628.7550225014342,407.2024037998594,632.1146505223289,408.70261622686434,635.5150911324201,410.107738628729,638.9580023930071,411.4052901283177,642.4400056556839,412.59399783993246,645.95584937815,413.67858501157684,649.5008007338276,414.6639312656204,653.0706322746761,415.5549893191828,656.6615890094652,416.35673471276027,660.2703738690993,417.07403085988796,663.8940980592112,417.71163046224297,667.5302467080734,418.27411907665885,671.1766521739623,418.7657981585238,674.8314425546283,419.19074322962643,678.4929102394439,419.55376008178206,682.1594523020434,419.8614428052931,685.8296503095099,420.1220453384414,689.5023719339268,420.34439390932073,693.1767732021898,420.53711111298145,696.8522333186047,420.70853553210856,700.5282960029455,420.8665644154547,704.2046239614405,421.0183206708078,707.8809201112141,421.170842841199,711.5569321650826,421.330049437771,715.2325133250721,421.4989107468757,718.9077526987659,421.675067538337,722.5828913372809,421.85331954087815,726.2581785841462,422.02847547763224,729.9337520226959,422.1975133314191,733.6096570760595,422.35917637426667,737.2859192454662,422.51249901047987,740.9625895997065,422.6556834662958,744.6397689480222,422.7850961286234,748.3175953833587,422.89447604408485,751.9961521680619,422.97538744176643,755.6753115081749,423.0212561033031,759.3547382605204,423.0335661163049,763.0341412013946,423.01510310235034,766.7132990548963,422.9686572295326,770.3920541830306,422.8970192774041,774.0703061782168,422.80297770743425,777.748004551129,422.68929008784767
84,605.7095311138817,396.66938532020026,609.1368544743688,398.00748045908136,612.5208812010451,399.4517629679612,615.8701477873362,400.9750484415114,619.1946149447596,402.5518063897484,622.5054459375812,404.15704446748856,625.8147475874241,405.76543795886465,629.1349693040668,407.35113027415963,632.4769722207018,408.89031890008556,635.849106914304,410.3622406872915,639.2571275676669,411.7489525678059,642.7049138423081,413.03349450971206,646.1942324075311,414.2003925901841,649.723528433191,415.24011541312206,653.2875867935575,416.15367861918236,656.8793304950023,416.9516576014649,660.4923202109313,417.64731760856375,664.1214078911097,418.2535794832194,667.7626440862007,418.78213873309755,671.4131449059555,419.2424854873279,675.0708243279172,419.6418840023478,678.7341228794337,419.98602386622173,682.4017781500211,420.2801958991336,686.0727527138048,420.52962935387467,689.7462054979271,420.73950957725515,693.42146886227,420.91493161552904,697.0980275608508,421.06078300630145,700.7755087432557,421.1812169432962,704.4536504795262,421.27947859445806,708.1322665368803,421.3580513992165,711.8112115149526,421.41937853863135,715.4903650313992,421.46665543349997,719.1696330982504,421.5040704736264,722.8489470348555,421.53672756968103,726.5282536814875,421.57018430464063,730.2074916123962,421.6104097214947,733.8865590332307,421.6638683965855,737.5652705013044,421.7377019296176,741.2432963624108,421.83996007608675,744.9201474769067,421.97801358831333,748.5953070146144,422.15549648037273,752.2685633452037,422.36883062019865,755.9397922414879,422.61462798913067,759.6089083386845,422.89019678526734,763.2758913700209,423.1928492482762,766.9407803905178,423.5199001912514,770.6036677103713,423.86866935996227,774.2646928413031,424.2364829706386,777.9240364901849,424.6206745200225,781.5819139422083,425.01859122618646
85,612.2736061557258,398.96995243201957,615.5713469177398,400.60175007604704,618.8396816206964,402.2917837531143,622.0934219209051,404.0097977105026,625.3476391071756,405.7269070660553,628.6163604908179,407.4161983485137,631.9114011605562,409.05348773487384,635.2420157042299,410.61704625658587,638.6152959266551,412.0861699176818,642.0364214992604,413.43998597965077,645.5073283665976,414.6603946581703,649.0255810273087,415.73670376972706,652.5841063604774,416.6713954417515,656.1745085581774,417.47520289846017,659.7891925966153,418.16181404354654,663.422168471552,418.74413102967685,667.0687432836868,419.23432267067193,670.7252921136102,419.6437070273978,674.389046595337,419.9827749319283,678.0579144720531,420.26128560901157,681.7303350767081,420.4883592347535,685.4051622703358,420.6725862156774,689.0815709722896,420.82211560527213,692.7589793851813,420.9447597212588,696.4369824846028,421.04815841056427,700.1153089278981,421.1394052018936,703.7937864495117,421.22437344245776,707.4723215045046,421.3068213691206,711.1508617470594,421.3890379443275,714.8293708418543,421.47263449867177,718.5078141306445,421.55907432005614,722.1861542165644,421.6497940068387,725.864346759378,421.7463029058861,729.5423291959821,421.85049796317105,733.2200086820299,421.96486854278913,736.8972679223763,422.09201656738213,740.574016218443,422.23316763119647,744.2502258989988,422.38772356337637,747.9259427026587,422.55360107035364,751.601240728633,422.7285216368825,755.2762150425108,422.9101235032352,758.950949945248,423.0965094280814,762.6254677199483,423.287128632012,766.2997816567866,423.4816379397996,769.9739061357551,423.67969422140516,773.6478565301769,423.8809543962604,777.321649110352,424.0850754342311,780.9953009472912,424.29171435482374,784.6688298165307,424.50052822482553,788.3422539909426,424.7111760857602
86,616.3922318524824,400.9520708956799,619.5913638870962,402.7697097414179,622.7785927344673,404.60818378081916,625.973401902735,406.4334273297593,629.1931282130873,408.214272212733,632.4511513305799,409.923948356345,635.756046245927,411.54105030211633,639.1131917207346,413.04655724469796,642.5257769883972,414.42162200674,645.9947554663129,415.64730500739915,649.5177061460302,416.7077948311495,653.087221670696,417.59916041797425,656.6928592180113,418.3312005094851,660.3239673007313,418.92457645245287,663.9722904468713,419.40125347409963,667.6318429311356,419.7826933276887,671.2984835147,420.0889693022847,674.9695103370599,420.33749944237735,678.6433429208383,420.54056804210825,682.3190517510092,420.70635658313853,685.996048932218,420.8406755399833,689.6739102371122,420.9488823651883,693.3523301498,421.0361581096832,697.0310955236184,421.1074895652744,700.7100651713479,421.1674304057574,704.3891527623682,421.21967387507704,708.0683043848738,421.26721677311065,711.7474814952824,421.3127542329539,715.4266502650421,421.35895746925877,719.105775130505,421.40851861208506,722.7848127048411,421.4641591975934,726.4637056918623,421.528624240971,730.1423768019024,421.60467010792354,733.8207228941301,421.6950452685798,737.4986090687751,421.8024849069155,741.1758643828822,421.9296653681858,744.8522778581461,422.07918382161847,748.5275881087888,422.2536998359716,752.2015243348649,422.45506707849864,755.8739687380992,422.682064239459,759.5452646219294,422.92699774423164,763.2163266260371,423.1754329918333,766.8877693716739,423.41817371846963,770.5595990262011,423.6549903822154,774.2317899866391,423.8861373758779,777.9043178294286,424.11186919536067,781.577159258086,424.33244042512206,785.2502920507533,424.5481057241916,788.9236950076048,424.7591198137439,792.5973482382691,424.96573136977173
87,621.7758530982761,404.0413622279494,624.8938394650437,405.99496758531416,628.0209920366673,407.9338311407892,631.1824112142928,409.8161600649285,634.4016143398419,411.59759295697114,637.6964769236425,413.23451911113534,641.0750608713092,414.6905284382314,644.5322922967714,415.9483778998501,648.0544997945099,417.01107409499673,651.6257268976302,417.895537706737,655.2326098777326,418.6214314320622,658.8647851351894,419.2082066234482,662.5144509485331,419.6743767329727,666.1758706560838,420.03724262256094,669.8449298974293,420.31273548364646,673.5187435803095,420.5156069570094,677.1953539398401,420.6595800696664,680.8734921282053,420.75748964628883,684.5523854760917,420.82149996604704,688.2316030280085,420.86338054765696,691.9109327250864,420.89416706664105,695.5902772333411,420.923178688231,699.2695897271,420.9559635752836,702.9488418034606,420.9949316351624,706.628015279451,421.04071837624343,710.3070930509291,421.09363669980326,713.9860579299745,421.15389289893017,717.6648930360808,421.22160966629366,721.3435831730499,421.2967913888871,725.0221168021135,421.37927770913217,728.7004847862531,421.4688482632529,732.3786761263871,421.56540056897245,736.05667430579,421.66904903550443,739.7344556970045,421.7801217562952,743.4119885578068,421.8991359202662,747.0892289463269,422.02686243257847,750.766114640506,422.1644137794434,754.4425560388834,422.3133566587273,758.1184152073301,422.4760173408469,761.7934999056433,422.6553023738025,765.4675277455823,422.8550315833546,769.1399715691379,423.08196597651715,772.8104710748722,423.3384495728432,776.4789475709628,423.6224223338147,780.1453790694104,423.93169486567825,783.8097887559933,424.26407928027936,787.4722409603786,424.61739094586596,791.1328371268779,424.98944972113213,794.7917118074647,425.37808072293205,798.4490269154859,425.7811305845093
88,626.712368257652,407.174523486043,629.8101557449858,409.1599319433366,632.9517031848017,411.0751735758097,636.1592498080672,412.87742802539617,639.448625163982,414.52525514017424,642.8255350975708,415.9850201000633,646.2848655956708,417.23694690871474,649.8130402687106,418.2793748884,653.3933864926538,419.12584475865003,657.011004223733,419.79586016853165,660.6540693171987,420.31037860177844,664.3137204942702,420.68994946987675,667.9835548024517,420.9541634924274,671.6591222976323,421.12144211291354,675.3374820167891,421.2090023654961,679.0168281201508,421.2329619070497,682.6961875103667,421.2085821546202,686.3751695481658,421.1498852248719,690.0537410558305,421.06921986770413,693.7320431825794,420.9769832854905,697.4102920871815,420.88263124283185,701.0887134810034,420.79532300037266,704.7674823885643,420.7243251506773,708.4466526114934,420.67904798781825,712.1260773410993,420.6671220876478,715.8054295905869,420.6929013795208,719.4843179077131,420.7568014612018,723.1623994356861,420.85696860579867,726.8394157590599,420.9907001487248,730.5151979568946,421.1549396202651,734.1896689583582,421.3463232673894,737.8628399023585,421.56125196193614,741.5348049146149,421.79591096953885,745.205734087325,422.0462739428012,748.8758645202474,422.30810096056155,752.5454886858926,422.5769401667861,756.2149373008482,422.84816838941373,759.8845615232826,423.11700665030634,763.5547126584113,423.3785420578365,767.2256937145956,423.62814044665254,770.897777343267,423.8609240722149,774.5711391941595,424.0725661609699,778.2456375760479,424.2634768481679,781.9210792628828,424.43528722394797,785.5972964964096,424.5896308646021,789.2741448493854,424.72814282550485,792.9515010637725,424.8524588355949,796.6292608720853,424.96421468976763,800.3073368093227,425.0650458188556,803.9856563560401,425.1565731292292
89,631.2403701792831,410.9103995097059,634.3922662857844,412.80814846798154,637.6337442229204,414.5483631807012,640.9630172437171,416.11389894630884,644.3784359048367,417.48104767475246,647.8743256631558,418.626592157462,651.437945206692,419.54010145275055,655.0505969372581,420.23548426923554,658.6946819385546,420.7420239264409,662.357176756081,421.0926310660101,666.0295733930269,421.3182629833584,669.7067070767184,421.4468070964387,673.3856937699987,421.50312216300915,677.0651288189101,421.50756979877286,680.7444264988553,421.4744652727731,684.4233322193566,421.41115204570616,688.1017170495195,421.32250195492617,691.7795638308727,421.21370245231986,695.4569925759176,421.09152196092106,699.1342329447036,420.96376862648435,702.8115742334433,420.8389713283413,706.4892999637777,420.72615038852985,710.1676129026931,420.63462962094735,713.8465559830133,420.5738633781989,717.5259332152599,420.55284417296235,721.2052735205594,420.5787870375537,724.883902135511,420.6555364443737,728.5611043390627,420.7835592860563,732.2362676872443,420.96077855224263,735.908987224553,421.18304413581967,739.5791375231156,421.44440303911824,743.2468407673454,421.73817411076664,746.9124266210082,422.0573275195596,750.5763907628268,422.3946215969284,754.2393526242244,422.7426506000358,757.902009183023,423.09388377705886,761.5650816646074,423.4407444446375,765.2292624892347,423.7756717316684,768.895163976586,424.09117163515253,772.563228461198,424.3803926974427,776.233755393168,424.63639290546956,779.9068328860459,424.8526896322445,783.5820035780661,425.0299527662025,787.2587381304004,425.1711715522796,790.9365953620305,425.2793487132064,794.6152152734887,425.3574931821643,798.2943117576606,425.4086151472901,801.9736651604405,425.43572237054485,805.65311477571,425.4418176528256,809.3325512992228,425.42989037170975
90,635.6972677904472,414.42214290082387,639.0095249874429,416.02317537730823,642.4120625950752,417.4221635380464,645.8914655966324,418.6173017169306,649.4340024206423,419.6099153310731,653.0260594537826,420.4051063481759,656.654354248728,421.0143708976134,660.3069434102583,421.4559261734399,663.9742094779257,421.7527532279917,667.6493786245633,421.9274808338446,671.3280106266806,422.00094578767533,675.0073990197694,421.99217746991656,678.6860890133098,421.91871736314783,682.3635127534127,421.7969100911288,686.0396858514607,421.6416322291882,689.7149359708824,421.465747486238,693.3896901458993,421.2797442693169,697.0643950342588,421.0927660978576,700.739488223653,420.91361387080224,704.4153534687924,420.75114645562587,708.0922567080457,420.6143042239052,711.7702774018926,420.5120522947741,715.4492514578264,420.45402571160275,719.128671739846,420.4493664215153,722.8077006811988,420.50302056796795,726.4854791818512,420.61313379755563,730.1614611747947,420.7725453035836,733.8355260218921,420.9714550033476,737.5078472474901,421.2004200768111,741.1791133824561,421.4458112719028,744.8502664079396,421.69289741395454,748.5218853379753,421.93295858814434,752.1935229849109,422.1727338667576,755.8643332874378,422.4248035596846,759.5333328815102,422.70190083862394,763.1994585603416,423.0146354953645,766.8614214249495,423.37274775784675,770.5183293834623,423.7792680751531,774.1699328905246,424.23098918448943,777.8161331022287,424.7244543246491,781.4569490446397,425.2562107359077,785.0925070740633,425.82281752289714,788.7230302889449,426.4208513724724,792.3488280461518,427.0469103314511,795.970285688996,427.6976158583916,799.5878545557308,428.36961336455994,803.2020423053618,429.0595714553808,806.8134035678504,429.76418007500183,810.4225309034059,430.4801477467741,814.0300445258864,431.2042055988825
91,639.8262976477276,417.133352241348,643.2216270979482,418.54920188438405,646.7065244641851,419.72770198139006,650.2607059525901,420.677355031525,653.8655171865896,421.4122801366806,657.5049535197455,421.9508087211111,661.1660612123407,422.3148218456802,664.8390911005625,422.52861726887073,668.5173428559469,422.6170530682151,672.1966832733324,422.6033502373547,675.8748683946438,422.5086990026979,679.5509848001086,422.35261697296625,683.224983203499,422.1525096542392,686.8972333833539,421.9224031245847,690.5682386886588,421.6731626202856,694.238568610389,421.4141379264908,697.9088453918343,421.15435917614917,701.5796952367426,420.9028323610924,705.2516890912491,420.66865449198974,708.925264972732,420.4608571372357,712.6006523093835,420.28817699904107,716.2778139560212,420.15889456033455,719.9564235239498,420.08150581810037,723.635797194261,420.06487571136245,727.3148271108686,420.1171936542074,730.9921252640504,420.2415661339249,734.666464236492,420.43470315086824,738.3371678096241,420.68789874332646,742.0042388723318,420.98933476053634,745.6683188119339,421.32530089714163,749.3303936760898,421.68252116641185,752.9914227548531,422.05032532045794,756.652009094873,422.422514996518,760.3124943035847,422.795698524326,763.9730825677188,423.16786945713415,767.6339204333851,423.53757646676195,771.2951094096693,423.90378941638545,774.9567146756303,424.2658158686743,778.6187640691879,424.6233217355315,782.2812470631883,424.97635810278183,785.9441208883594,425.3253166977509,789.6072771768434,425.67129866049436,793.2706022692755,426.01548899199736,796.9340588759435,426.35827679296636,800.5976190978629,426.69995550141465,804.2612553025676,427.0408185805572,807.9249400536112,427.3811595118853,811.5886460399856,427.72127178909165,815.2523460055194,428.0614489122072,818.9160125782514,428.401985457305
92,645.4317101367799,419.79296353835105,648.9638931251791,420.821219960835,652.5556218189454,421.61702617583654,656.1901423369196,422.1868053302358,659.8510726290885,422.5514566485874,663.5254204961109,422.73971037351214,667.2044481107351,422.78129677842946,670.8829687986862,422.7039390031948,674.5583875601875,422.5331469784231,678.2299187307939,422.2923389666764,681.8979747521594,422.00309440995613,685.563714829991,421.6857002381587,689.2286075608941,421.3586242199202,692.8940446370685,421.03772681476386,696.5610792479276,420.7356921250461,700.2304399660578,420.4634643716818,703.902582177432,420.2319211831474,707.577592232555,420.05175487732777,711.2550405253023,419.9314679647549,714.9340123500547,419.8744501561192,718.6134264675806,419.8797303508882,722.2922949401432,419.9436205393475,725.9698238485346,420.061840187628,729.6454255829677,420.2297268240948,733.3187165359534,420.4423408347144,736.9895067847409,420.69453940897967,740.657787302262,420.9809895237263,744.3237132984638,421.29618584789955,747.9875863983685,421.63444335204673,751.6498355496526,421.9898760334873,755.3109955398769,422.3563731771979,758.9716890582291,422.72750748968315,762.6325840090466,423.0966465983665,766.2942758758962,423.4577873124528,769.956935954089,423.8089727583015,773.6202351899494,424.15343705821897,777.2834665136978,424.49862106349894,780.9457968599447,424.8532176725774,784.6063745445462,425.22544091067135,788.2642376395142,425.62341178652025,791.9185177732592,426.0530317404185,795.5692586028935,426.5117770438264,799.2166228416183,426.99664779891754,802.8607270413562,427.5054491169175,806.5017293724165,428.0359998752561,810.1398268684964,428.5861233060651,813.775251365955,429.1536479450582,817.4082654824845,429.7364081423642,821.0391586465091,430.33224418622126,824.6682407003766,430.9390168533856
93,650.3943542897872,421.63647995911373,654.0149657004356,422.28620242943816,657.6742888009449,422.6641314354267,661.3496554175791,422.8294330745097,665.0288895531353,422.8326763638281,668.7062367632509,422.71194009974846,672.3793944620102,422.4979200284951,676.0480020280999,422.21600733869343,679.712839109684,421.88846511954705,683.3753495723388,421.53574003367356,687.037262310734,421.1768356500088,690.70004656848,420.82696570479095,694.3647108638571,420.4974162077915,698.031852316859,420.1967481836144,701.7018383069839,419.9331554519015,705.374770970949,419.71455189283023,709.0503798201253,419.54696065088757,712.7280471453366,419.4332009565136,716.4069800793523,419.3728570086766,720.0864002511731,419.3644402444756,723.765594452261,419.4062434497831,727.4439179548299,419.4966124304103,731.1207886348994,419.633959642231,734.7956811887763,419.81676526741614,738.4681218914936,420.0435747525334,742.1376840009033,420.312993748726,745.8039841868026,420.6236774873199,749.4666771466792,420.9743477788131,753.1254573303064,421.3637385367306,756.780091401613,421.79030591392706,760.4305727927546,422.251083955078,764.0772256757571,422.7412702347913,767.7207234386921,423.2544080229946,771.3619833149227,423.78321088991737,775.0020712946098,424.32003106457466,778.6421206161119,424.8571136281551,782.2832536778022,425.3867903805399,785.9264974170782,425.90173231693245,789.5726606330841,426.395557751402,793.2222420983875,426.8634352751023,796.8754048285448,427.30246374532373,800.532076902444,427.71122996840114,804.191942928455,428.09034770400024,807.8545708957895,428.44179520652085,811.5195700837385,428.7675997951431,815.1865925315716,429.06979518567584,818.8553298056502,429.350419155039,822.5255096798624,429.6115116671005,826.1968927577689,429.8551134219379,829.8692704519013,430.08324182312344
94,656.0985315609439,422.5512717234575,659.7559762922157,422.9502271386895,663.427517833916,423.1872721058762,667.1057279499457,423.27353655918023,670.7845697927098,423.21862403518253,674.4592693745217,423.0348013969679,678.1267546039654,422.7396091554065,681.7861324237863,422.3563389767755,685.4384528485234,421.9105043367334,689.0862164755351,421.4286381100301,692.7328084470565,420.93794291965355,696.3818264439658,420.465708675388,700.0358277175598,420.0338658205131,703.6958194622408,419.656238726451,707.361510019334,419.3387317220251,711.032166813422,419.0850755919239,714.7068664812205,418.8990651077115,718.3844985181576,418.78511724650195,722.0637019299454,418.74830686101035,725.7427906918256,418.79438183894354,729.4197754928429,418.9269510643249,733.0926663322243,419.1453936127821,736.7599428463614,419.4437630321748,740.4207731712526,419.813058209742,744.0750183904928,420.24277749494473,747.7231597224227,420.7216573740826,751.3662187552554,421.2378516445178,755.0056277026905,421.7792292191338,758.6430858897844,422.3335861911516,762.2804136007625,422.88880022615496,765.9194029617256,423.4329973639273,769.5616262680986,423.95507451706663,773.2080573977639,424.4468769451408,776.8588102912556,424.90549728414726,780.5132583969613,425.3337042802273,784.17055717403,425.7368710992983,787.8299143475641,426.1209291632855,791.4906031653481,426.4921023514273,795.1514264062631,426.86195008215304,798.8103414986813,427.2501220681468,802.4641345064873,427.6836070018051,806.1085208462224,428.18989702065596,809.7413712123657,428.7732962360861,813.3621452178849,429.4275324771201,816.9706771717698,430.14627691994497,820.5671326972277,430.92323551276684,824.1519704488999,431.7521801909354,827.7259042233595,432.6269691655772,831.2898664923005,433.54155771063347,834.8449729335977,434.49000519351506
95,660.9138708118403,423.790401898755,664.5926255403832,423.81570964353784,668.2671169618869,423.6318656436753,671.9306201215937,423.2917258477506,675.5819260970541,422.83824824848955,679.2228268580809,422.3072639801906,682.8567156454327,421.7300435729704,686.4876856050292,421.1346677490955,690.1200545063442,420.54791916673645,693.757587169748,419.99419582974855,697.4027304630818,419.4931442822538,701.0561375120847,419.05651760443607,704.7173082400601,418.69072444489115,708.3852088317944,418.40016035818644,712.0585368707115,418.18913464997553,715.7356918945308,418.06120552417826,719.4148083639101,418.01701981362316,723.0940122870994,418.0539924897187,726.7716734449112,418.1670581294388,730.4464944281679,418.3507152621503,734.1174902610686,418.5994846731503,737.7839558810331,418.90799434628957,741.445436972451,419.2709697007271,745.1017031751167,419.68322442057394,748.7527275553264,420.139617568451,752.3986707155959,420.6350018583544,756.0398693439867,421.16416075648203,759.6768224089747,421.7217757326605,763.3101724694145,422.30242241279717,766.9406897252385,422.90053972200224,770.5692620353109,423.51035477070434,774.1968727946369,424.1258687415567,777.8245524726968,424.7409760512606,781.4533198487433,425.3496284653357,785.0841152866553,425.9460539703855,788.7177471079023,426.52493547178295,792.3548485843512,427.0815872415671,795.9958579963177,427.6120613808208,799.641047453188,428.1129918411992,803.2904724313257,428.58206075894384,806.9446614024157,429.0123332036043,810.6048659797435,429.38788007957834,814.270443742023,429.70680145439417,817.9402201765373,429.9731625834261,821.6131960285005,430.19108249554324,825.2885364157199,430.3647033831464,828.96555747929,430.4981755111016,832.6437122950995,430.5956457315823,836.3225764012551,430.6612492746931,840.0018335120777,430.69906521624733
96,666.0327257597487,423.85438412924884,669.7015064749002,423.5769454846958,673.3595861937993,423.18196125443484,677.0073007880578,422.7001411714439,680.6463423697127,422.1564724217557,684.278982916877,421.5714484943466,687.9078089999607,420.96315489615137,691.5356629066257,420.3490760225706,695.1654248188014,419.7464049364622,698.7997917632227,419.1722282965647,702.4410696474417,418.6437739590484,706.090960791461,418.17871962504097,709.7502538741076,417.79490064987374,713.4184117738546,417.5082718078712,717.0933703586797,417.3291203301922,720.7720475363591,417.260100466009,724.4511864702695,417.29830425067564,728.1279093650184,417.4374146301457,731.799957030836,417.6694372377159,735.465705729553,417.98593668808076,739.1241285498413,418.37828361321436,742.7747539688032,418.83765845460255,746.4176122274749,419.3551146690555,750.0531766987323,419.9216145960361,753.6823020447646,420.5280480382744,757.3061598936497,421.1652404733752,760.9261726584077,421.82395224149576,764.5439440843966,422.49487912035517,768.1611928635339,423.16862146418214,771.7796808688975,423.83566812309397,775.4010947137967,424.48662408089103,779.0267295840791,425.11362271609653,782.6573138891682,425.7112804971515,786.2930129799634,426.2769833759727,789.9337033710992,426.8096166357469,793.5790979085459,427.3090417512151,797.2288020851872,427.77593852495454,800.8823348707825,428.21187598537574,804.5391614006737,428.6192778566633,808.1988407078265,429.00020994990433,811.8608538381304,429.3580532627621,815.5238187033926,429.70605506839144,819.1870343185748,430.0514083185639,822.8504304936899,430.39484122334767,826.5139519092373,430.73693574659995,830.1775438823839,431.0782739253371,833.841152089108,431.41943784839157,837.5047222862552,431.76100963588243,841.1682000335201,432.1035714189587,844.8315301491293,432.44770814764263
97,672.042509570105,423.76634432122006,675.6793411999156,423.20921213443563,679.2966281051938,422.5362806779368,682.8983176398077,421.7839945342304,686.491079523442,420.9899976004759,690.0821851730611,420.1885171711101,693.6786483151717,419.4115195153935,697.2870239199885,418.69209551895744,700.9122293914685,418.06332450756133,704.5553513237297,417.5486924836902,708.2137738316897,417.1573899334649,711.8830277563623,416.88559627682184,715.5589417262355,416.7272569078459,719.2379291056071,416.6766401317826,722.9169033001256,416.7288951484665,726.5931461019537,416.8801665269851,730.2642965449061,417.1258836070892,733.9285317154068,417.459383917136,737.5847650253861,417.8715992017591,741.2325706043671,418.35283479983815,744.8720178005462,418.89374744509183,748.5036001690643,419.4852280609017,752.1282238875718,420.1180054223904,755.7471387420819,420.78269357411295,759.3618831744227,421.4697266341903,762.9742370840504,422.1692353008595,766.5861705939589,422.87091418784814,770.1997280380967,423.56417079447357,773.8165918372422,424.2399487987894,777.4377952125691,424.89206026321784,781.063661473168,425.5177188996709,784.694193717298,426.1157049696883,788.3292460020914,426.6855698357564,791.9686024089618,427.2272676580324,795.6120124210388,427.7409960620151,799.2591657977363,428.2274428859487,802.9095212973348,428.6892673907644,806.5621781315365,429.13254960681866,810.21588633328,429.567099158268,813.8691282578458,430.00554113505,817.5204309083426,430.45982419546175,821.1688317349025,430.93683772496667,824.8141781111465,431.436665630209,828.4566147363205,431.9572811968686,832.0963211108337,432.49665951223477,835.733507848259,433.05277977032154,839.3684131986944,433.6236257770772,843.0012996087518,434.207186132523,846.6324503234357,434.8014541303133,850.262164594953,435.4044360374727
99,683.4673369006472,421.21489056802744,687.012355085499,420.2294969138167,690.5453105228843,419.20160619613995,694.0807288528113,418.1823522186017,697.6398740654369,417.2493247109056,701.1847203537069,416.26400994483174,704.7238026598267,415.2581265068748,708.332514628955,414.5550937204069,712.0072489581238,414.4720909452437,715.6853421495496,414.54792275826753,719.36430004014,414.49260634185976,723.040961562826,414.62311557423885,726.7097308306602,414.9017196762798,730.367983492305,415.2945641767757,734.0111066609236,415.80929236307253,737.637194341159,416.43299908277766,741.2452094238133,417.1540685805211,744.836414692848,417.9548552089573,748.4147689172332,418.811382982806,751.9859917438056,419.69725109980516,755.5565731923635,420.5857081910776,759.1322522187749,421.4533796295837,762.7169156938033,422.28310435472554,766.3121111693341,423.0659053992013,769.9177660920486,423.7990212009945,773.532876588879,424.48401197675105,777.1560311652196,425.1251233663283,780.7858246903689,425.72754137396345,784.4209859670925,426.29670035761137,788.0604136093037,426.8379307167443,791.7032533572686,427.35571005013963,795.3490911566242,427.85194246387806,798.997896794039,428.32585129798537,802.6498280449869,428.77502728182344,806.3050426495445,429.19663640903264,809.9636127212347,429.58804732139055,813.6253251156154,429.9488885810041,817.2895711729018,430.2830697275427,820.9553507180627,430.60003481821707,824.62158043512,430.9117671395714,828.2868716204678,431.2342941741313,831.9498957371964,431.58159232156254,835.6104479939531,431.95405195196116,839.268545605632,432.3499025305592,842.9242396613258,432.76737480010615,846.57761245715,433.2047020618635,850.2287748365122,433.6601210764522,853.8778635439342,434.13187267411126,857.525038601891,434.6182021013544,861.1704785686287,435.1173747334681
100,687.8904776596211,415.326797846892,691.5275602377071,414.77007033286867,695.1705961754476,414.2538066797403,698.820597460492,413.7894480954089,702.4781320132704,413.3888845380842,706.1431873822188,413.06450715387183,709.8150127259144,412.82922440603966,713.491940213489,412.6964265233486,717.1711917387996,412.67987960501347,720.8486838551108,412.7935289674099,724.5188530646841,413.0511930348482,728.1745339214258,413.4661368060034,731.807918572022,414.04482662372703,735.4172193253198,414.75910827679246,739.0041704336805,415.5785118448067,742.5709181738671,416.48198140594457,746.121498386647,417.44716600903485,749.6623501103159,418.44753917413544,753.2012429398179,419.45483741439807,756.7456442094204,420.4425383716326,760.300954263491,421.3901580156025,763.8698826507647,422.2850798944122,767.4525391629237,423.123366399759,771.0472733956242,423.9082705209811,774.6524953893398,424.6435226506377,778.2668238002258,425.3326373706602,781.8890904532432,425.9787446234261,785.5183267367873,426.5844939647468,789.153692019572,427.15231661302585,792.7945213743039,427.68398682972537,796.4402973259365,428.18061024209294,800.0905305851187,428.64334797562776,803.7444669883707,429.0759015172001,807.4011921965543,429.48424350087237,811.059727566267,429.87606534977596,814.7190704282974,430.26028781496,818.378192441342,430.6466031233256,822.0358526821977,431.0464845397183,825.6908673566556,431.46985015631947,829.3435096262865,431.9132526679247,832.9962494259006,432.3558430877934,836.6536275417334,432.7578582051137,840.3194403926176,433.0732718713107,843.9919895125965,433.29723612170164,847.66872872285,433.43675721577756,851.3476006880998,433.49897109620474,855.0270014942091,433.4910638488649,858.7057386245364,433.42021088115865,862.3829855439441,433.29353335007664,866.058234912078,433.1180623973357
101,693.1500144474082,417.29931057825326,696.6278636609186,416.09834742604096,700.1480919193857,415.0290547665879,703.7434596226753,414.25753603714594,707.4040340928115,413.8895755980132,711.0118691843122,413.19085146990835,714.6067677957913,412.4255020238056,718.2820926793634,412.3114661957817,721.9610075939286,412.37329691750347,725.6349413714121,412.5657353061319,729.2931735121206,412.95709829657966,732.9301701817864,413.5125225957582,736.5384947393258,414.23095132763194,740.1115596056396,415.108199925468,743.6469973849738,416.1268513624766,747.150283438404,417.25150181954746,750.6380841597105,418.4235221214705,754.128347092733,419.588163032861,757.6334154506962,420.70737155685396,761.1580866045031,421.763160663225,764.7032951826204,422.74776083387394,768.2681635179185,423.65861414340964,771.8506567560903,424.49750936067267,775.448004788371,425.27027106377534,779.0578836647254,425.98224180563795,782.6783517563765,426.6382792299946,786.3077670810919,427.2428919358391,789.9447660513028,427.80010148640537,793.5881876762462,428.31366765480436,797.2370485905366,428.78706802205795,800.8905192060273,429.22349161694655,804.5478798729813,429.6260401086074,808.2083979221056,429.9988177174161,811.8713335524783,430.34707346734206,815.5359646871824,430.6770402080599,819.2016072886419,430.99559480365735,822.8676151248487,431.30992639824063,826.5332651719295,431.6283924856882,830.1977775944202,431.95967505411505,833.860946529873,432.305504072021,837.5237136589841,432.65557878723996,841.1884248805427,432.9844739910748,844.8577154079488,433.2571984963514,848.5311241618316,433.46740566259206,852.2073951285159,433.61970640096047,855.885491233706,433.71877226387,859.5645794232923,433.76929629247127,863.2440130515745,433.7759734649327,866.9233133986428,433.74348619172554,870.602149816213,433.67644695935854
102,697.2463963098214,415.0677498623068,700.7504410406186,413.9455171354271,704.2712930252682,412.8769113255137,707.8190396069871,411.9025461553818,711.4342470094003,411.23250193544635,715.1094076162558,411.1617814866238,718.7863391326244,411.2927054236717,722.4644036445236,411.3853774752828,726.1284099401254,411.7142245898978,729.7684320284712,412.24919303570636,733.3790259071867,412.9559374406419,736.9547043701647,413.8226282566561,740.497628385831,414.81512697856977,744.0132491437371,415.900620261436,747.5097939574163,417.0462290637545,750.9973333978835,418.2190349585889,754.4860747777957,419.38825453979877,757.9841197285687,420.52929057918624,761.4965363437706,421.62524333972306,765.0258266752301,422.6655364872313,768.5730051767953,423.6430684028858,772.1376644856153,424.5547903201852,775.7183497788056,425.4014072025501,779.3131183900747,426.1861007803915,782.9201912242295,426.912162225223,786.5380215980689,427.58258855568505,790.165278600248,428.2000003957068,793.8008230614437,428.7665909007373,797.4436833067025,429.28407680521286,801.0929767582993,429.75406998298615,804.747774389138,430.17918103968583,808.4070281294364,430.56410444314565,812.0696337837554,430.91576608147466,815.7345818359961,431.24216587048744,819.4009973729856,431.5516842356621,823.0681275309216,431.85263694494915,826.7353277603968,432.1527367511054,830.4022811488251,432.45583722721096,834.0691713892876,432.75970056920715,837.7367540024164,433.05506114788653,841.4060277305962,433.3285184557436,845.0776083864187,433.5689408315818,848.7514707529086,433.77151668729624,852.427146329849,433.9380361171437,856.1041720626417,434.0715199983202,859.7821665410286,434.1749985371221,863.4608227198007,434.2515059543303,867.1399004505887,434.30407647075174,870.8192189128059,434.3357414552633,874.4986490599213,434.3495039144772
103,702.71073679294,412.3234017384551,706.2858356007523,411.4558094414774,709.9084471249014,410.8154101308422,713.569437493879,410.45887683134475,717.2475430340729,410.3832374565856,720.9247790157467,410.5000848865867,724.591265587901,410.80398181358265,728.2387387525879,411.285674049691,731.8608107131263,411.93124367896496,735.4497159753289,412.74105018471823,738.9967189545188,413.7182036583623,742.5023973399082,414.8350942015812,745.9805149430016,416.035460473454,749.4511499275685,417.25738930453315,752.9247192776105,418.4709406230709,756.405880383474,419.6625240386252,759.8975227589875,420.8230125201458,763.4024828250235,421.9426029633898,766.923203568623,423.01155968186004,770.4613425063005,424.02133177790967,774.0176334232171,424.9651530856182,777.5919877586138,425.83804780415704,781.1837185797992,426.6364157840033,784.7913581985307,427.35952326191966,788.4127200166807,428.01048176973916,792.0453742633273,428.59521024871475,795.6871162686712,429.1204431730217,799.3360610679254,429.59311513439354,802.9906217195975,430.02026567367886,806.6494742088798,430.40900153496455,810.311507553297,430.7665865991971,813.9757979113016,431.10029272504653,817.6415963319943,431.41703242330664,821.3083275813777,431.72280080585915,824.9755163484776,432.023040236545,828.6427853649875,432.3222990432938,832.3099544749191,432.62277956619704,835.977267995553,432.92148947079136,839.6453540200528,433.21052881088593,843.3150712907109,433.47797002017705,846.9872347250016,433.7092219121161,850.6621977266607,433.89033880597214,854.3395119466712,434.01495408531883,858.0182411834346,434.0867825865106,861.6976010248436,434.1103476977675,865.3769855513532,434.09019071267693,869.0559507959157,434.0308550534285,872.734197581817,433.93687472326906,876.4115541274174,433.81276654310886,880.0879573971799,433.66299487873846
104,708.2662237665199,410.48306733134893,711.9366446155303,410.23348492210687,715.614558213742,410.13131544983924,719.2934222914412,410.1727847155809,722.9661484376106,410.39029105456,726.6266728501557,410.76062045771505,730.2689066837272,411.28085662205916,733.8863903553932,411.9518967820037,737.4718974723845,412.7767659534998,741.016575243106,413.7623301892994,744.5124241471254,414.90917814296023,747.9629913758281,416.1862834787246,751.3861988588864,417.53532834443246,754.8060694190516,418.89285575632584,758.2372144345836,420.2215757448633,761.6870291002865,421.5009901540594,765.159647341549,422.71708215908217,768.6584892954389,423.8554507443055,772.1848434938167,424.90544170707597,775.737438034413,425.8629099552951,779.3131378571771,426.73015671553196,782.9084060554144,427.51238777728787,786.5199416737028,428.2157660416061,790.1447857593455,428.8470555308168,793.7803451721645,429.4134555063483,797.4244637668512,429.92195226000024,801.0753745791686,430.379200334865,804.731638153944,430.7915213919025,808.3920839482142,431.16494778655846,812.0557576730572,431.50529557505837,815.7219304990881,431.81760884839315,819.3900933522979,432.10562818840714,823.0599315442985,432.3714620710321,826.7312251118778,432.61638485745345,830.403787714309,432.8414877676777,834.077440287598,433.04805184473315,837.7520024657547,433.2377621804175,841.4272913940481,433.41284657026756,845.1031136214566,433.57637381917164,848.779266862907,433.7322994619541,852.45554135617,433.8853473605019,856.13160738436,434.04330015815407,859.807202167081,434.21185660152673,863.4822973457999,434.39097832834005,867.1568887595103,434.5801553616306,870.8309764301252,434.7788777704205,874.5045643481225,434.98663573715334,878.1776602580353,435.20291961264985,881.8502754439637,435.42721996009755,885.522424198594,435.6590326220651
106,719.5045057742585,408.1296967048882,723.1723103084286,408.4120652387265,726.8114986331057,408.95056077727327,730.4119273101014,409.70676508577105,733.9672741541546,410.65288287567165,737.4756310400688,411.76100051098206,740.9403927145091,412.99899689250515,744.3683832799971,414.33564935725235,747.7690935638288,415.74039674507776,751.15369052144,417.18360984838085,754.5341779355642,418.6364413078113,757.9227357840134,420.07031324824044,761.3300986838093,421.45882849205987,764.7641734177823,422.77981077187235,768.2293233433992,424.0169066920257,771.7265391427626,425.1601659575157,775.2540049999138,426.2063799115249,778.8082501513807,427.15769771167277,782.3853025117505,428.0193572028135,785.9815766592119,428.7969571228314,789.5939151980417,429.49620084594983,793.2195719774068,430.1227924210883,796.8562071579189,430.68221269714945,800.5018710502719,431.1794579783169,804.1549412694688,431.6190467079315,807.8140617364542,432.00509564481496,811.4780897506988,432.34143853081713,815.1460597022791,432.6316999239304,818.8171575356266,432.87932837046037,822.4906995458124,433.0876300863591,826.1661135976235,433.25982522251377,829.8429260452709,433.39906226828174,833.5207401406784,433.50878358950274,837.1992245685733,433.5932088794939,840.8781128100068,433.657831369434,844.5572113231348,433.7092548955934,848.2363859309156,433.7549911498211,851.9155251417374,433.8034462919658,855.5944740509686,433.8644930311769,859.272963787601,433.948547140197,862.9504259740122,434.06902418044103,866.6257019074933,434.2436145352331,870.2978598710312,434.4747607113589,873.9663509720069,434.7582775102314,877.6308070993106,435.089944965928,881.2910252990755,435.46554465103833,884.9469523523244,435.8808724892037,888.5986691628644,436.33174791414297,892.2463752538594,436.81401975341663,895.8903684807003,437.3236050653743
107,725.4171190097661,407.6172792260045,729.0373293142409,408.27200302473244,732.6109050155596,409.1457880607657,736.1172792630093,410.25843476291084,739.5343116873297,411.6212143459846,742.8667114642641,413.18041972077816,746.1564828146714,414.82837088572813,749.4524348608998,416.46390494310896,752.7736745486521,418.047386213383,756.1236936037151,419.5690287864884,759.5022094389379,421.026295631695,762.909089730309,422.4159425025205,766.3445683287351,423.7332758162873,769.8095154259223,424.9709777448431,773.3049763170366,426.11961149587427,776.8310458452027,427.1704958719254,780.3854845600213,428.121027095303,783.9642132735536,428.9756492837354,787.5629984162383,429.7415061100836,791.1783629997052,430.4248883764205,794.807606542726,431.03029713430533,798.4485163651736,431.5610924791927,802.0991918387268,432.01997002372184,805.7579444454634,432.4092734002497,809.4232486499351,432.73113858950654,813.0937199515365,432.9874842936083,816.7680870211143,433.18014977573415,820.4451474701043,433.31193801895154,824.1237399597957,433.39059165478653,827.8029823620664,433.4294776729736,831.48239969944,433.4466345353576,835.1618238329787,433.46243419588234,838.8411261675669,433.49557069465465,842.5200445842822,433.5579600405666,846.1982687252492,433.6528475846477,849.8756265036385,433.77693831131324,853.5520990834171,433.92502688081134,857.2277831862378,434.0915913956485,860.9028437691995,434.2714185037037,864.5774659848494,434.4600072967349,868.2518233585625,434.6536946295419,871.9260594291062,434.849671898598,875.6002705044826,435.0461175387383,879.2744783227084,435.2426240899138,882.9486840244281,435.4391702111036,886.6228887491351,435.6357345957477,890.2970936366402,435.8322959373019,893.9712998267008,436.0288329292182,897.6455084586516,436.2253242649236,901.3197206765635,436.4217485343563
108,730.3367941636362,407.8063979471752,733.8373962326041,408.9381487252663,737.2782532475087,410.2407599906702,740.6670727954971,411.67363499091624,744.0150464085053,413.1997114536223,747.3346271186001,414.7867158477166,750.6382152194996,416.40680275586317,753.9378516261086,418.0349351426994,757.2450311741334,419.64766800462525,760.5704500061427,421.2223951917338,763.9233737768172,422.7375957907578,767.3113582743683,424.17258241320394,770.7393459128621,425.5090935032406,774.2086471602837,426.73429720775596,777.7174699508114,427.841214144593,781.2624380071107,428.8262406432531,784.8394645962751,429.6876125336991,788.443970406417,430.4256405243889,792.0705790672962,431.04616094342816,795.7137703454806,431.56071253747405,799.3686498737937,431.9846180225117,803.0315746205184,432.3324739351917,806.6999323109517,432.61761656500096,810.3718718877864,432.8523804645265,814.0461002584842,433.04826425772626,817.7217573096093,433.21534060146314,821.3983075388337,433.3615277962352,825.0754187053215,433.4929016661739,828.7528650797974,433.61456393951744,832.4304693598151,433.7313721011437,836.1080781183898,433.8480396536237,839.7855415056913,433.96918882895733,843.4627002308642,434.09923580176866,847.1394226995296,434.24106817841647,850.8156437739323,434.395356138473,854.4913838249483,434.5607184715203,858.166716098603,434.73491871859164,861.8417312437618,434.91569243628425,865.5165436378109,435.1005469648271,869.1912960176103,435.28659224744484,872.8661505455159,435.47060384200836,876.5414798196601,435.6448277716015,880.2175549603678,435.8025183573212,883.8942928450138,435.94392501414154,887.5715888105436,436.0699968304196,891.249350082178,436.18168392405505,894.9274950499241,436.2799370758037,898.6059525378877,436.3657074236292,902.2846610684885,436.4399462137318,905.9635683553774,436.50359050912317
110,740.6745315953028,411.7820501336458,744.0117773644748,413.33134897598666,747.310145655872,414.9619009347764,750.5806096159235,416.6478131965699,753.8362755401289,418.3621736652663,757.0908015071393,420.07870073520917,760.3577242882022,421.7714771555161,763.6497261935426,423.41487136875315,766.977926219582,424.98354459378436,770.351347089653,426.45228692105223,773.7768424294072,427.79487719377744,777.2572598246311,428.98768887159264,780.7895436662978,430.0167456676944,784.3646900677519,430.88545021956844,787.972420840453,431.60729668596196,791.6037745394002,432.1992693897769,795.251959846802,432.6769801958553,798.9118360824064,433.0551517828543,802.5795826268843,433.3476145928754,806.2524309671429,433.56723854519254,809.9284304088703,433.72596824033747,813.6062514533786,433.8350035277465,817.285032889115,433.90492990141735,820.9642580171167,433.94582354667125,824.6436513899662,433.96738234833254,828.3230913265253,433.9791035760966,832.0025330445917,433.9902891935342,835.6819381492015,434.0098594285551,839.3612184750941,434.0456737423988,843.0402319022635,434.10256679993023,846.7188335232555,434.18174833000455,850.3969380080819,434.28141924692676,854.0745014413518,434.3994052543893,857.7515164583505,434.53342141350373,861.4280109492281,434.68104784769514,865.1040435883073,434.8397739872492,868.7796987539365,435.00702441432213,872.4550794847083,435.180208171741,876.130299005429,435.35678391790833,879.8054707791975,435.5343517675469,883.4807018800319,435.7106862299103,887.1560668819358,435.88420614135003,890.8315911673911,436.05431839189924,894.5072652849384,436.2211623234888,898.1830726790073,436.3850441934653,901.8589975345715,436.5462702957087,905.5350247006747,436.7051469541035,909.2111396139381,436.86198051627684,912.8873282220172,437.0170773483652,916.5635769351161,437.1707431587628
111,745.6658283359278,413.82749545669765,748.8520835465163,415.6676066729548,752.0232574814365,417.5336342751436,755.196787135498,419.3956454136072,758.3902022394757,421.22328039684913,761.6190644286492,422.9874304601307,764.8950560346386,424.66232147153556,768.2248667261126,426.22736210200486,771.6117589204131,427.6645705735121,775.0569762297362,428.9555440408794,778.5593674902912,430.08203976467865,782.1137999584264,431.03156731956835,785.7103213831602,431.80680694060703,789.3375638115376,432.42298191739275,792.9854897307407,432.90228829511574,796.646683005577,433.2672489227339,800.3159667107121,433.5396825249736,803.9899405728256,433.739690144687,807.6665322742026,433.8842422753868,811.3445875395747,433.98525981363485,815.0234448218184,434.0511713293875,818.7027061263623,434.088606995671,822.382129477967,434.1038199540014,826.0615863047406,434.1028360993852,829.741027507123,434.0916123868483,833.4204539265477,434.0761535387084,837.0998872912716,434.06250862952623,840.7793396837892,434.0561892143325,844.4587922108958,434.0617805367517,848.1381864921357,434.0830117206366,851.8174192867544,434.12336109718325,855.4963302853329,434.1864633763003,859.1746883897911,434.27609066910964,862.8521816612472,434.39599302738725,866.5284163856361,434.54965729817997,870.2029151041971,434.7403269800644,873.8752170412912,434.9694509419167,877.5451156197084,435.2343599594693,881.2130047551951,435.5258585638621,884.879807017304,435.8307779929048,888.5469851249613,436.1311103135686,892.2161924512537,436.405434881124,895.8875451507545,436.6493947613454,899.5606645621249,436.8651516806517,903.2352214346799,437.05488426943634,906.9109329789171,437.22077556250633,910.5875590594969,437.36501063585376,914.2648983175235,437.4897747768066,917.9427842517244,437.59725213939277,921.6210816049834,437.6896111247154
112,749.6292116331039,416.2737322814216,752.7112106118177,418.2836255354368,755.7954615373088,420.2900539470926,758.9055641721523,422.25608579053903,762.0631079752527,424.144815263237,765.2871121088069,425.9174502112324,768.5904563400107,427.5371449490707,771.9764442975094,428.9759193149387,775.4370802628059,430.2245338706856,778.9592059253754,431.28761598203414,782.5290015215388,432.1778938032383,786.1344281796985,432.910974796335,789.7657997951338,433.50262577367164,793.415535117232,433.96810579593074,797.0778246162514,434.3218572555447,800.748312244808,434.5772770587201,804.4237974420485,434.74667992926976,808.1019856352192,434.8412934829727,811.7812827857811,434.8711580270228,815.460619777826,434.845108847897,819.1393305745537,434.77192968755554,822.8171134434747,434.6612697511747,826.4940054834339,434.5239859668335,830.1703148491719,434.3717996194524,833.8465152744961,434.216986647115,837.5231205742903,434.07217990307646,841.2005495176837,433.9502670485039,844.8789838049531,433.86428815733336,848.5582117589038,433.8259646105507,852.23758687048,433.8440825631159,855.9161489450688,433.9233230780784,859.5928296754852,434.0651546502054,863.2667106511451,434.26700812380983,866.9373184362098,434.5217054027467,870.6048517583552,434.8175403419996,874.270087220066,435.14070151124224,877.9341714754723,435.4767098894279,881.5983703427956,435.81146250828533,885.2638082800562,436.1323220948127,888.9312813963419,436.428952520326,892.6013185913363,436.6918628658059,896.2740588970875,436.91379967454657,899.9489885673302,437.0959791389385,903.6255565575651,437.2414572305624,907.3033036589974,437.3533026340861,910.981855136831,437.43459015780195,914.6609131052435,437.4883955321965,918.3402487462417,437.51779156348186,922.0196944618092,437.5258455045768,925.6991359581287,437.5156029842403
113,754.6518868947177,419.6877583953876,757.6934180763639,421.75823214421615,760.7943015251592,423.7385539139296,763.9666008825623,425.60219080948724,767.2149554775651,427.32973028617033,770.5410993176653,428.9021277749398,773.9442921676783,430.2997940028301,777.419655267087,431.50673372023203,780.9581346631885,432.5136811414293,784.5471422942448,433.3225353618116,788.1726456612757,433.9483644080598,791.8219537819667,434.4165793543764,795.4858977159862,434.7523275287805,799.1583460452259,434.97749315140277,802.8353231410266,435.1104480018313,806.5142939524501,435.16702110112703,810.1937138851237,435.16132078933515,813.8727398085839,435.10625381206887,817.5510297307851,435.01394755603496,821.2285994994385,434.89619039364555,824.9057063870572,434.76467046194665,828.5827015777107,434.6300448144497,832.2598740652829,434.5003719040664,835.9373899858555,434.38086360309467,839.6153344885123,434.2754048063173,843.2937386502247,434.18748241391665,846.9725809163394,434.12043025378637,850.6517804160756,434.0773524328809,854.3311944404498,434.06105369157007,858.0106204712619,434.0739678106827,861.6898033014066,434.11809073767375,865.3684421156777,434.19516608209085,869.0461886925137,434.30694074698295,872.7226510194735,434.45503479919165,876.3974543360794,434.6397774240882,880.0703371994172,434.85945250057057,883.7412000100437,435.1106742175605,887.4100904496041,435.38925666215005,891.0771503696448,435.6910058358484,894.742578911716,436.0119833397737,898.4066118200313,436.34853189064114,902.0694906188386,436.6974249052855,905.7313224882654,437.0571418658384,909.3921590042231,437.42685297276154,913.0520583173262,437.80573101634616,916.711084782518,438.19294933061695,920.3693083913635,438.58768183812396,924.026804206399,438.98910306799615,927.6836517976811,439.3963881499095,931.3399338297045,439.80872031224266
114,758.6446137251569,422.3605136915641,761.6602566341602,424.4685824074157,764.7314310344116,426.49463430859316,767.8876185164598,428.3851323872129,771.1454825860352,430.09410024649065,774.5071760974631,431.5881964183714,777.9646670335742,432.8446041258166,781.501666380603,433.85593244781063,785.0976372455269,434.6325553076817,788.7325725441524,435.2004174045731,792.3913179268778,435.58729471210984,796.0632358862969,435.8191359529203,799.7411762427947,435.91888415203346,803.4204946835279,435.90622631978164,807.0983194177886,435.7993416553314,810.7731877714888,435.61659075000046,814.4448335061037,435.3773086980375,818.1139342917024,435.101519992711,821.7818014471962,434.809689278799,825.4499666128385,434.5216485192485,829.1197468108678,434.25507300426614,832.7918951957624,434.0235454516878,836.4666518769163,433.8381653151034,840.1437552966959,433.7075825861459,843.8224923560899,433.6367734054463,847.501895086577,433.6246534767002,851.1810863328832,433.66656109404573,854.8594291232289,433.75627460528943,858.5365348552223,433.88739132398376,862.2122376471916,434.05335743777005,865.8865441120769,434.2478723970122,869.5595375795361,434.4658117595139,873.2312311293084,434.70466326188233,876.9015075384467,434.96437723838636,880.5701604280871,435.24608881151516,884.2369543294093,435.5510379210836,887.9016687966035,435.880031288298,891.5640981517777,436.2335554372654,895.224430303324,436.608206063086,898.883645315529,436.9936433544782,902.5433355668838,437.3745256904756,906.2051027720031,437.7348205721196,909.8697495328405,438.06452288148154,913.5369503155379,438.36450347572776,917.206306743921,438.63686912731544,920.8774682030834,438.8837337717426,924.5501283597862,439.10721575998826,928.2240215814829,439.3094356411529,931.898919286568,439.4925144395043,935.5746269884894,439.65855544971487
115,763.4182286517033,426.282946743722,766.5473606048968,428.21826616682563,769.7561116740808,430.01818077472404,773.0571039922175,431.6423669828123,776.4534882875864,433.05593375659726,779.9377018422457,434.2363674559114,783.4938335564095,435.17839923986753,787.1026373357734,435.8932101852892,790.7460493293785,436.4039961865607,794.4101196592325,436.73678161559053,798.0849697716385,436.91635804643755,801.7639410483064,436.9653890862509,805.4427808228966,436.90436520675104,809.1189932639925,436.75167834503907,812.7913527164537,436.5240318349025,816.4595619434635,436.23691698900416,820.124020862553,435.90518806418316,823.7856891714617,435.5438534893467,827.4459539358422,435.1685183444552,831.1064612276101,434.7955651929969,834.7689022009639,434.4421860466167,838.4347439520047,434.1262064967354,842.1049394639793,433.86595046255434,845.7795282384594,433.67804340665384,849.4573954686603,433.5726016498787,853.1367139743015,433.550601816082,856.8156821057336,433.6068002057123,860.4929310356852,433.73291830672315,864.1676042443995,433.91982869919156,867.8393289145257,434.15790296586914,871.5081662620918,434.4370867430532,875.1745458405046,434.7469658639608,878.8391669505675,435.07704294450616,882.5027898953532,435.4180428750043,886.1660824204889,435.7625798357823,889.8295503381639,436.10524468653455,893.4936141275261,436.4414712710046,897.1586403132056,436.76702853392385,900.8249318136623,437.07799870216434,904.4927143667629,437.3708393240804,908.1622030389617,437.6414371311267,911.8332858844129,437.8894974816278,915.5055965601454,438.11868370196544,919.1789243125852,438.3309564815085,922.853105276103,438.52792048468496,926.5279956695321,438.7111820524895,930.2034697133076,438.8823485406455,933.8794175319072,439.0430278103228,937.5557430463809,439.1948278649474,941.2323620737617,439.3393511149189
116,767.7581634552546,429.9162523835195,771.0314971799853,431.59558710522475,774.3983273085659,433.07837841177405,777.850572346779,434.34962986250906,781.3746889328345,435.40553558038596,784.9549045421471,436.25222983141566,788.5757205319765,436.90428444990323,792.2239690524957,437.3800812446872,795.8894157643103,437.69797604526013,799.5644923438372,437.873198449513,803.2435063676661,437.91771435595984,806.9220311120587,437.8417363971249,810.596677038303,437.65594954783546,814.2652610043866,437.3743930549077,817.9270512220392,437.01477956629077,821.5827361563912,436.5974053523828,825.2341814449918,436.144287764501,828.884076859023,435.678798162336,832.5354652494232,435.22522178341427,836.1909078572471,434.8056980551785,839.8517635529047,434.43650890585843,843.5179715372025,434.1249956639168,847.1888281375465,433.8741611882434,850.8634194727241,433.6858485632849,854.5407661963869,433.56266964136796,858.2197629229863,433.50794689703247,861.8991161606477,433.5257637657855,865.5772755293193,433.62083364422426,869.2524180888635,433.7974371097036,872.9228063176948,434.0546502383342,876.5874033620328,434.3844751216361,880.2463413938807,434.77227693480074,883.900929720277,435.1992795611823,887.5533812824044,435.64426371713176,891.206445819856,436.08416363410316,894.8627200209299,436.4964325538586,898.5235965914319,436.8654940388741,902.1890513976758,437.1859053729849,905.8582682358746,437.4599665495121,909.5302150454921,437.6947618962259,913.2037649097124,437.90315047524865,916.8770626064263,438.1158625461865,920.5482701672814,438.36192862686335,924.2170038060433,438.6424975533481,927.8831188983962,438.9554461494723,931.5465269080353,439.2986501499788,935.2071915722806,439.66998726161415,938.8651250359158,440.06733958934217,942.5203839731515,440.48859547090245,946.1730631963034,440.9316714931373
117,773.5706155758534,433.6105880218529,777.0291252483221,434.86410288985013,780.5666318530406,435.8738003934839,784.161205593244,436.6570542837393,787.7939846079748,437.23871771922717,791.4507234971429,437.64423666105546,795.1213156640042,437.89614810010943,798.7987473370207,438.0126436663903,802.4780557511624,438.0080645550039,806.1555857859764,437.89291066075157,809.8284587458406,437.6747426873127,813.4943780948537,437.3604720857603,817.1521030670738,436.96175890551797,820.8020492257224,436.49693796697625,824.4464074865292,435.9899857534237,828.0887213619783,435.4684819369884,831.7332594199796,434.9628354864323,835.3836052735697,434.50118104228375,839.0415405463411,434.10430125514046,842.7067500590484,433.78155068108856,846.3779817954381,433.5366823419974,850.053699557663,433.3724997710357,853.7322019854627,433.29222065211457,857.411577285693,433.29716337859156,861.0899290093994,433.3844720572142,864.7657144639146,433.5475639673491,868.4379455543187,433.7773907145958,872.1061855119264,434.06411595810306,875.770511802509,434.3972692544203,879.4314606358596,434.76577788663326,883.0899557779387,435.1579580716371,886.7472290809947,435.56140285391365,890.4047097197158,435.962958268355,894.0639006569236,436.34856659661443,897.7262140311235,436.70318580915915,901.3926510508244,437.01211643248365,905.0628423119388,437.2728005015453,908.7352380725958,437.50061067670896,912.4077784943821,437.7261101775825,916.078610115049,437.97767775424313,919.745552964343,438.2803641601538,923.4061405414066,438.65199144805166,927.0592408569355,439.0912224953291,930.7043133431443,439.59278605376556,934.3410862585197,440.1514017399592,937.9695318335179,440.76180833750067,941.5898406486705,441.4187845685724,945.202396066966,442.11716312694,948.807749305784,442.8518387714704,952.4065874017659,443.6178089582184
118,777.2143023709459,435.67644118935493,780.724966497641,436.7750082266271,784.3098759987696,437.5999695855677,787.9449599448556,438.16517263200126,791.6087056650765,438.4990652644633,795.2855121973595,438.6270748574984,798.9642356618954,438.5721563394951,802.6373746965833,438.36044664607005,806.3013511405971,438.02467260905917,809.9559772452485,437.5984464286785,813.6033361678033,437.1136465877628,817.2467763322359,436.60008606255974,820.8903413730468,436.0874143498513,824.5373346909315,435.59981157343765,828.1894659647498,435.15237764449586,831.8468494181775,434.75015298695536,835.5090866978348,434.3948363002387,839.1756577761555,434.0874611925038,842.8460205336883,433.8292958184597,846.5195952118255,433.62181468168643,850.1957529320746,433.466739902002,853.8737988079683,433.3660225312062,857.5529551476363,433.32183018156746,861.2323441946494,433.33655561313265,864.9109712856844,433.41269701345,868.5877053346477,433.5530149819771,872.2612762600993,433.7601850266646,875.9304470998675,434.03448874969433,879.5944965271442,434.3704807583381,883.2536472350406,434.7563416547375,886.909224372393,435.1748267657112,890.5634188128232,435.60526857884315,894.2188412137891,436.02510550174605,897.8775543923996,436.4151495826362,901.5399865943435,436.7685668097981,905.2050719341323,437.09341882643747,908.8713446847311,437.4046407328848,912.5374588070507,437.7177195928075,916.2022509276527,438.04586954292466,919.8649025801421,438.3970765530833,923.5248951164434,438.77497892402477,927.1819544284173,439.180287286649,930.8360494412807,439.6115131904319,934.4872412597076,440.06667500672586,938.1356298591028,440.54379322490263,941.7813507335478,441.04089182720384,945.4245715547521,441.555999258701,949.0654888561203,442.0871490301861,952.7043247531791,442.6323799920878,956.341321559916,443.18975021277765
119,782.8092806435595,437.81234524863675,786.4494494792142,438.3438813221278,790.1158763676673,438.64728159549617,793.793362920813,438.756432880057,797.4721938158688,438.70323660443313,801.1467410169448,438.5163523364473,804.8142381866168,438.2211999746848,808.4738862196576,437.8405069594455,812.1262193260587,437.3948331923962,815.7726603889428,436.90313080286603,819.415211767282,436.38331772837995,823.0562511886757,435.85298840000723,826.6982741926685,435.32947431112717,830.3434891966721,434.82872414233384,833.9933572465279,434.36316557276797,837.6486156584446,433.94208361625203,841.3094679682645,433.5728641642152,844.975782512271,433.2626504024997,848.6470518570515,433.0180922235989,852.322378415049,432.8450586110954,856.0004905058099,432.7479981904115,859.6798294713866,432.72802194731554,863.358824937528,432.7826254366442,867.036133792585,432.9069135059316,870.7107021398216,433.09571911695474,874.38170318315,433.3445025309408,878.0485135727859,433.64894139422006,881.7107832905326,434.00392605073904,885.3686229621777,434.40204926322593,889.0226889931015,434.83350538479255,892.6740825882981,435.28706964133784,896.324208489207,435.7507477711664,899.9746681572486,436.21178506318927,903.6269233478861,436.658346032078,907.281911690827,437.081931794394,910.9398640029058,437.4791013585715,914.6005430736186,437.8503070516761,918.263635490198,438.19689672891315,921.9287262794102,438.5217002985259,925.5950966312065,438.8317640762458,929.2615032866535,439.1413987114513,932.9261244951157,439.4713703412513,936.5871643749564,439.83890354364524,940.244278623858,440.24365904544663,943.8974391664832,440.6826878675769,947.5467005330476,441.1530440548189,951.1921923622781,441.65178905268635,954.8341118967949,442.1759948434657,958.4727165447447,442.7227459322181,962.1083131706914,443.28916177652695
120,787.4764725650771,439.58864706346935,791.1411898417498,439.9058403251649,794.8197198262985,439.93482443289975,798.4920897554975,439.7157955621202,802.1473737427499,439.29771047845946,805.782711951826,438.7307544502478,809.4012225512836,438.06418677489785,813.0099105851599,437.3460504805894,816.6177016682492,436.62339447977183,820.232879035844,435.93883136421204,823.8603318888446,435.3227965503406,827.5007218241398,434.7885711873527,831.1521842784208,434.3361285010662,834.812473812279,433.961666992002,838.4795625123338,433.6609112031317,842.1517029920872,433.42977348827174,845.827398814477,433.26442006822646,849.5053699427637,433.16124028962645,853.1845245934455,433.1168540117378,856.8639334572632,433.1281351689082,860.542805836749,433.1921616883348,864.2204701456046,433.3062137767977,867.8963554084805,433.4677947993032,871.5699766223439,433.67459342525655,875.2409565964132,433.92396179323623,878.9090827282483,434.2123309093663,882.574362782219,434.5349117291518,886.2370425647888,434.8858278392991,889.8975771602616,435.2584893109742,893.5566040222463,435.6456981626289,897.2149028498254,436.0397372815897,900.8733119531768,436.43274976980837,904.5325445036211,436.8180101341928,908.1930982178442,437.190497462424,911.8552420747326,437.54700254337575,915.5190914259033,437.8855238389879,919.1846727592023,438.2047400514368,922.8518060634277,438.5056225941854,926.5198874685725,438.79474774798973,930.1877542610412,439.0865675841345,933.8535722141356,439.4029187803921,937.5153020545864,439.76344232895997,941.1724013881945,440.1682769833474,944.8247329994427,440.614105115027,948.4722708756132,441.0976099203788,952.1150906160946,441.61548300799126,955.7533597681338,442.16442991516436,959.3873282154984,442.74117385925325,963.017318720449,443.3424579097425,966.6437121735769,443.96507751865545
121,790.9502991399532,440.0521833783711,794.6290454045738,440.01125085119384,798.3008882157253,439.7798951649313,801.9597194283343,439.3928980715342,805.6035116824311,438.88277301418736,809.2331577591665,438.2798073525365,812.85152795152,437.61228001357165,816.4627181738471,436.90682341371945,820.071464103074,436.1889307372427,823.682666110475,435.4835341506584,827.3008158302357,434.81479281587826,830.9292314455323,434.20435971601853,834.569439715614,433.668878065432,838.2211934856513,433.218922054696,841.8829058604975,432.8589207211122,845.5523537655566,432.5889008585378,849.2272372638836,432.4071787416413,852.905369114302,432.3113871776882,856.5847318846552,432.29873082468583,860.2635057344544,432.3660855834263,863.9400963740128,432.5097702295328,867.6132015302597,432.7250136203879,871.2819248823514,433.0053259583776,874.9458193377799,433.3430523092651,878.6048353016187,433.73015578397394,882.2592467474483,434.15861653705696,885.9095983436227,434.62043805268075,889.5566576592134,435.1076116059275,893.2013534747725,435.6121857481853,896.8447096121097,436.12635604507574,900.4877811365121,436.6425415255317,904.1316251945598,437.153238281566,907.7772660218887,437.65093017686166,911.4256536513877,438.12804218321816,915.0776133354676,438.5769552097379,918.7337852379916,438.9901076800981,922.3945799787826,439.35999456545784,926.0601286899267,439.6792574857636,929.7302042428666,439.9412888525852,933.4043190282015,440.1385327023304,937.0815053867339,440.266380677866,940.7603681956675,440.3302727215741,944.4397881594398,440.335874458674,948.1189107804648,440.28829187834674,951.7971034809588,440.19265562982105,955.4739345630053,440.05410186133264,959.1491512751086,439.87775619451713,962.8226575192945,439.6687229855389,966.4944916275493,439.43207920440005,970.1648035902177,439.17285953517626
122,797.5510286841579,439.786022552163,801.2192756993978,439.5020841483041,804.8745408228527,439.0823968228332,808.5145689961477,438.5460797858617,812.1385872649829,437.9103071277879,815.7471584047667,437.1918614527677,819.3427809866839,436.4110294099619,822.930475071969,435.5944304790838,826.5176861962989,434.77570563693627,830.1127353036886,433.99226402902565,833.7229218186086,433.2821583029695,837.3524049003022,432.6787533475362,841.0003799280868,432.1999126211673,844.6630159354042,431.85041763137525,848.335599504652,431.6285572826423,852.0136227650901,431.5320142628569,855.6928639823586,431.5546783625492,859.3698508678024,431.6862839771725,863.0421721607811,431.9139117650611,866.7084390823678,432.2244300276244,870.3681172162844,432.6050039651902,874.0213741078691,433.04308213990413,877.6689471585926,433.52630207607353,881.3120290018019,434.04235721128947,884.9521729144504,434.57878369442733,888.5912026778224,435.12273221692226,892.2311202329237,435.66069447849014,895.8740104060278,436.17809365786843,899.5218952613302,436.6589118026851,903.1759731787582,437.09006609613726,906.8360258352672,437.46717603282224,910.5004821101571,437.79891918607063,914.1675516424323,438.1005496759522,917.8356424998345,438.38955777615377,921.5034231291227,438.6824627869345,925.1698838178661,438.99141083831796,928.8345196354306,439.32129947794306,932.4974547172371,439.66958952188764,936.15935505861,440.0286161491147,939.8210264855671,440.38997411321316,943.4837818620744,440.7401237560734,947.1489229299829,441.0643073222503,950.8163481616922,441.3615509271194,954.4857339796608,441.6335369601288,958.1567916704319,441.88195341124884,961.8292651839823,442.1084920076009,965.5029288669061,442.3148466741982,969.1775851491442,442.50271228955944,972.8530621993689,442.67378371399514,976.5292120442896,442.8297432531848
123,803.3121724131544,439.35119214050644,806.9329768083524,438.6975332555262,810.5366065754775,437.9547008169761,814.1277705083709,437.1535744327253,817.7130004920155,436.3262088780092,821.2996485754306,435.50503231442156,824.8941145944533,434.71888107755905,828.5009076860385,433.99151819884764,832.1225700302136,433.34242249323626,835.7602861848256,432.79061326233915,839.4129447003371,432.34851832935016,843.0774239376958,432.01833342904024,846.7498731850527,431.793179113317,850.4270021542258,431.66500710475,854.1061745967819,431.62623466285,857.785306096652,431.66978906502163,861.4627723857159,431.789065287905,865.1373329702594,431.97789643896,868.8080681546837,432.2305101494938,872.4743263293285,432.5414946675122,876.1356784779729,432.90578018650507,879.7918900806384,433.3185244586266,883.4428819166789,433.775176191265,887.0886998887089,434.2714745592372,890.7295861869072,434.8027716325421,894.3661277709454,435.36306501347923,897.9992963200413,435.9448543120174,901.6303560415781,436.53967924442554,905.2606997574811,437.1388639505216,908.8917852584887,437.73353107115616,912.5250839914713,438.31450398173047,916.1620134898043,438.87226347391265,919.8038196430588,439.39718872847675,923.4515690283752,439.87900229555737,927.105991772848,440.30717480977665,930.7670800406764,440.6739348313407,934.4339235987491,440.9778453441738,938.1052223733587,441.2222098319571,941.7797639864998,441.41176733788967,945.4565920243078,441.55016044988747,949.134897997776,441.6413561247564,952.8140439030233,441.6874893170883,956.4934779920684,441.68650826981974,960.1726240379379,441.64018537556495,963.8510064162178,441.5519354007005,967.5282664836623,441.425187507779,971.2041531299413,441.2633736733477,974.8785130008532,441.0699217053308,978.5512805785474,440.8482501872236,982.222465669172,440.6017279272335
124,807.9439622508129,439.13399347897894,811.5125302105396,438.23831874077257,815.0517741057719,437.23258971412537,818.5723731795423,436.1631715231545,822.0882923640248,435.0784045860589,825.6144848384587,434.02765720628753,829.1639816821502,433.0588794152663,832.7450117398746,432.21455997934294,836.3594845400416,431.52791268357015,840.0037874250859,431.02354301738967,843.6696349343113,430.71205281382396,847.346431106192,430.5807821564307,851.0256073024863,430.60321504278824,854.7019053037967,430.7520876177991,858.3725280531532,431.0054767195508,862.036271650599,431.3444601779917,865.6929374207855,431.75298184328415,869.3427387935035,432.21895589728643,872.9858201257098,432.7348890567897,876.6221497977834,433.29646377968874,880.2521303798118,433.89775407318166,883.8770205362551,434.5290563787869,887.4991056735877,435.1762901561294,891.1213811882567,435.8224550095514,894.7470482028203,436.4492617753932,898.3785480954248,437.041288207457,902.0166967478267,437.59095038017244,905.6612356555961,438.0965107588274,909.3116574605107,438.5576738493436,912.9674990249388,438.9736878409493,916.6282786634525,439.3437309542413,920.2934821057689,439.6670225703748,923.9625934214915,439.9424208749076,927.6350367427538,440.16910845814806,931.3100614890631,440.34924512919855,934.9868395978306,440.48930051571597,938.6646685762707,440.5985591541085,942.3430509705335,440.68745575046415,946.0216445748815,440.76724245327426,949.70017830091,440.849710190615,953.3782513584839,440.9503474801771,957.05517526888,441.0865020349223,960.7308550456081,441.2530701431008,964.4054144648023,441.4427853508861,968.0788537114388,441.6530970002655,971.7512064962191,441.8816119404193,975.4225420503384,442.12593862275287,979.0929604035344,442.3836878704109,982.762587678521,442.65247322637833,986.4315712139309,442.9299135679186
127,821.3198034423995,432.30058777297825,824.939813412348,431.6422103581363,828.573534575209,431.0643970745614,832.220534491737,430.5775371642245,835.8796445845087,430.19234152471137,839.5488338695702,429.91973841238416,843.2250866730255,429.7707119387923,846.9042979848812,429.75607615242126,850.581211783802,429.88604381409766,854.2506370803146,430.15523028081105,857.9104872425798,430.5335222511643,861.5594268932966,431.0057450304446,865.1968073300155,431.5601844813394,868.8230029085072,432.18370987748074,872.4388238913824,432.8649039645061,876.0456284572415,433.59239131198444,879.6453560529902,434.35417303698586,883.240488970556,435.1373833714773,886.8339376035445,435.92829709393817,890.4288036411356,436.7127329797117,894.0282055944413,437.4760498358866,897.635049660609,438.2033273303579,901.2516594904326,438.88028744677547,904.8793330197304,439.49512022492974,908.5183405783021,440.03878513474774,912.1680948826099,440.5048051606905,915.8273467823785,440.88915185301954,919.4942656628263,441.19178591333457,923.1668042801997,441.4163022157642,926.84306681006,441.56832856057616,930.5214910074169,441.6536334837941,934.2008323814744,441.6777897879435,937.8801230149569,441.646102177964,941.5586295739871,441.56355636619503,945.2358149741642,441.43484532802046,948.9113078510603,441.2644313715667,952.5848714981167,441.0564819043808,956.2563771848385,440.81485737140116,959.9259232357913,440.54504618309846,963.5938406127854,440.25388625117426,967.260509824585,439.9473937716723,970.9259206678912,439.6262038056819,974.5900472587505,439.2906767322101,978.2529367495237,438.94190017809615,981.91464942108,438.58097493224295,985.5752564868874,438.2090009442204,989.2348390850486,437.82707718117047,992.8934872743229,437.4363015473584,996.5512990348095,437.03777086003834,1000.2083785729947,436.63257457461907
128,827.0999901634286,431.45309805714845,830.6347202370006,430.4323364772588,834.2354975057682,429.6842473007227,837.9013642782016,429.3932378176385,841.5785607091984,429.2665399540031,845.2550019849481,429.1211269326239,848.9337779177145,429.1624597954626,852.607487452387,429.36458709413085,856.2713542999081,429.7006367974377,859.9205745593677,430.1699737283862,863.5524951774354,430.75860199977967,867.1650002782178,431.4566557288223,870.7563622074211,432.25647267256187,874.3258871894157,433.1488085553255,877.8756360228748,434.1169860643203,881.4142341143079,435.1253055317847,884.9547446255124,436.12685763739177,888.5094991587305,437.07645236383223,892.0844988476879,437.9465869982287,895.6796702741859,438.72921277196866,899.2921837690775,439.4275030490534,902.918808899713,440.0484213499043,906.5570262598645,440.59740754607543,910.2048141589765,441.0787602370193,913.8605001996755,441.4959541596079,917.5226561847154,441.8519543233191,921.1900085845816,442.14974158679814,924.8614714860216,442.3916687706409,928.5361959339039,442.57752563544,932.2134800022593,442.7026550196673,935.8924556280988,442.7583611621583,939.5717641350548,442.73521502031736,943.2494995766466,442.62554036315845,946.923405046865,442.4251807035526,950.591173709605,442.1332790671532,954.2508919161581,441.75342702063136,957.9015848426894,441.2947036316577,961.5437215416882,440.77220585816605,965.1791251866454,440.20462024387086,968.8103446810858,439.6107879295945,972.44062731654,439.0112393763539,976.0745688376339,438.4343556773897,979.7135563164795,437.8902027928934,983.35704797257,437.3770647131772,987.0045265822237,436.89306963374275,990.6555202201783,436.436336011812,994.3095996212509,436.00497541595024,997.9663754138592,435.5970949125407,1001.625495258035,435.2107990171006,1005.2866436624582,434.84421922041207
130,838.3440322698926,428.3172257034074,842.0179722097826,428.1228473065106,845.6970611233958,428.1077285514071,849.3729501970666,428.2626213088451,853.0384216145846,428.57986311640377,856.6870046060457,429.05344363616734,860.3125033017888,429.6797359255197,863.9094954520451,430.4532461289515,867.4749914326047,431.36117115666514,871.0110319662044,432.37805166248376,874.524009052755,433.47216350373986,878.0230974882174,434.6100249721001,881.5183571048361,435.7596232584419,885.0189456819849,436.89285838820746,888.5312262815031,437.98927285585853,892.0585781279751,439.0361492564322,895.6023527749717,440.02597455874087,899.1634338339418,440.9515633122027,902.7424544530468,441.8051000800833,906.3397509916638,442.57791857672174,909.9552173399135,443.260603893288,913.5878942803236,443.84472243449414,917.235739949619,444.3250569602923,920.8958882461386,444.70031776749516,924.5652243107494,444.97143610649266,928.2407282413009,445.13942404088874,931.9194886101577,445.20481796095214,935.5986401846203,445.1675385013374,939.2752814753443,445.0267017883233,942.9464131689366,444.7811504196936,946.6090427123696,444.43090550529837,950.260512393028,443.9788362803121,953.8989072134052,443.4312997539216,957.5231867002663,442.7969130854359,961.1332112721708,442.0857822478781,964.7297287694764,441.3091389633678,968.3143591665778,440.47928813240566,971.8893667191348,439.60886494195086,975.4577079101952,438.7114647876956,979.0230858227967,437.8023471829761,982.5871908407246,436.8882508924682,986.1504164366781,435.970732275675,989.7128952451773,435.05031822047357,993.2747445014894,434.1274707974538,996.8360823856566,433.2026518285855,1000.3970278426705,432.2763229319522,1003.9577004032235,431.348945568665,1007.5182200048832,430.4209810913675,1011.0787068135595,429.49289079384675,1014.6392814138504,428.56513737666563
131,843.1853518844614,427.6149085259017,846.860592871279,427.78383552412333,850.5247340323896,428.1162875679031,854.1727899538531,428.5943190183464,857.8012332747024,429.2038197304354,861.4074091235187,429.9337304761809,864.9890800848074,430.7757646996759,868.5441435339894,431.72392203257755,872.0709510566944,432.77235698197575,875.5702524470206,433.90933641384885,879.0468648263196,435.1140446213096,882.5104144502501,436.35589901939767,885.9733181631938,437.59955850149055,889.4482007746612,438.8092542099579,892.9450672711234,439.95372161201243,896.4687742539561,441.0125623481079,900.0194889002197,441.97693994509365,903.5950894249555,442.844512259708,907.1928798345298,443.61490369126693,910.8103154998504,444.28702511082463,914.4447832257359,444.8599367270224,918.0935711734556,445.33315268208753,921.7539250773132,445.7065113569748,925.4231254163515,445.97954993783264,929.0984525818475,446.1514116311783,932.7771369397717,446.22087799084017,936.4563119349904,446.18642103700154,940.1329708874403,446.04620938541245,943.8039151152262,445.7980119558945,947.4657460029637,445.43969127393984,951.1150175384397,444.9704166931394,954.7487129819266,444.3927290642947,958.3645007634507,443.71181284213526,961.9607654872752,442.9342846157097,965.5364174733876,442.06682942465545,969.0908404274506,441.116076113398,972.623826294643,440.0884842733469,976.1367964815286,438.99432911747425,979.6359275302201,437.85661360266556,983.1246281411868,436.6872957025397,986.6037166639668,435.489674998424,990.0740475696898,434.26690357086846,993.5365426532834,433.02211167476213,996.992181837112,431.75840773128454,1000.441994316933,430.4788794248566,1003.887050043469,429.1865957344738,1007.3284515133286,427.88460973468204,1010.7673258266693,426.5759620084471,1014.2048169576263,425.2636845201824,1017.6420798293889,423.9508091370916
132,850.118378174659,428.00172599319257,853.7674300003057,428.47172121628,857.3942762596101,429.0902964452275,860.9942865490467,429.8497289328958,864.564289521574,430.7397609458781,868.1034535410672,431.745606882243,871.6137879491288,432.84801300538436,875.0997031188358,434.0254844846485,878.5675881272898,435.2551350630512,882.0252726171115,436.5132325759877,885.481131684133,437.77634446744145,888.9429968587109,439.02287593390224,892.4172252526012,440.2344818801668,895.908231535641,441.39681099673186,899.4192191235513,442.4972500664127,902.9526787296948,443.52316233468804,906.5104385088215,444.46123192241913,910.0934552723411,445.29752369916196,913.7014712072787,446.01819459606963,917.3322409727197,446.6136356923443,920.9818173245235,447.0801323595188,924.6455510538768,447.41792828356796,928.3188770621919,447.62703111044954,931.9972871672785,447.70653984531606,935.6762007080596,447.6554169599159,939.3510228759667,447.4744780720206,943.0175093437786,447.16780505714627,946.6720918480964,446.7419682294689,950.3119567211197,446.2045450307785,953.9348706700703,445.5626352812409,957.5391610102818,444.8232082021572,961.1236550104136,443.993052694133,964.6875221916381,443.0783495064337,968.230006299994,442.08401901499093,971.7504391961106,441.0142130297542,975.2484259576792,439.8731273855141,978.7240721728992,438.66568281260226,982.177451555128,437.39593776178936,985.6103699667493,436.07182637760474,989.0281729675631,434.7091193950959,992.4402442694594,433.33209865798113,995.8546284643998,431.96082906830753,999.2751150927751,430.6048544846194,1002.7013213709643,429.2633962597006,1006.1327317525713,427.93530547158406,1009.5688814660432,426.6195243362888,1013.0093171687819,425.31499020219417,1016.4535960487841,424.02063623528176,1019.9012848926984,422.7353920272009,1023.3519633250554,421.45819550049214
133,854.7038972858464,428.4320374158905,858.3083377996627,429.1700155243879,861.881588950696,430.0468252926482,865.422527111243,431.0463406523743,868.9326843231962,432.1492599043272,872.4160369830781,433.3342539744204,875.8786187166736,434.5787346758209,879.3279212060992,435.85962122101313,882.7717844603235,437.15508315759575,886.2175001044317,438.44560381300266,889.671240747487,439.71446740920624,893.1378956013996,440.9475758643552,896.6212906660089,442.1325271374131,900.124304333608,443.25810909414093,903.6489611143085,444.31390768353157,907.1965797839159,445.28970363885355,910.7679465816819,446.17454343893746,914.363213227208,446.9564963288525,917.9816552908497,447.6228531528645,921.621358697967,448.16086549052864,925.2789940976852,448.55881459126454,928.9497274058082,448.80836822579295,932.627600600054,448.90742129510926,936.3064807058213,448.85766874589797,939.9804821374963,448.661713714528,943.6440342190156,448.3223751421329,947.2920926834397,447.8443098279767,950.9204114181975,447.2341216960005,954.5256638527163,446.49972249922416,958.1054513632582,445.6497411270159,961.6582566722507,444.6931465670038,965.1832749668788,443.63868939552447,968.6801527080871,442.4943181692661,972.1488139685183,441.2670345177653,975.589804811489,439.9641459462104,979.0049418314813,438.59487552020113,982.3976007981993,437.1707763679862,985.7726707496224,435.70544115399673,989.1360550089435,434.21345370389867,992.4932183626797,432.70751057933774,995.8498947005609,431.2004818846545,999.2135016562501,429.7089978896031,1002.5859215548505,428.237547859242,1005.9664461017197,426.7848124908473,1009.3543777203041,425.34943437698826,1012.7490400812238,423.9300462074748,1016.1497766738815,422.5252722384148,1019.5559492938992,421.1337295932811,1022.9669364592128,419.7540294084605,1026.3821381171676,418.3847937246106
134,861.4912897538101,429.6905224572348,865.0233667280933,430.7207936760795,868.521342894758,431.86172896059736,871.9913375897487,433.08529549337067,875.4403107017101,434.36700642911774,878.8742236039986,435.6885823117774,882.2983555674754,437.0353215132976,885.7182770886633,438.3927283567911,889.1400715975456,439.74540142727636,892.5699662646649,441.0773784944946,896.0137119108191,442.3730837923142,899.4763870646275,443.6172600420269,902.9622839560865,444.7947297121174,906.4747417876064,445.8903310981178,910.0155925793748,446.8902640136189,913.5854231495111,447.78107992855934,917.1837051790737,448.5487550185768,920.8085557085492,449.17892755621483,924.4562059744521,449.6596235692481,928.1211521716936,449.98285294287746,931.7967298117028,450.1453964538954,935.4759068580245,450.1481779505398,939.151865329761,449.99401808224826,942.8181698380741,449.6862560274966,946.4687376038347,449.2280760063774,950.0978822800392,448.6231320927554,953.7003811399233,447.87564654894874,957.2712426731093,446.98924706003504,960.8056241064055,445.96697741525514,964.3026083080268,444.8231288098455,967.7666013163038,443.58274053963953,971.2063335601625,442.2764447037383,974.6309909414382,440.9310596934585,978.0460842860807,439.56156471776933,981.4516062397639,438.16845379204386,984.8426635361589,436.74052258718973,988.2135078060376,435.2655520497772,991.5553539649283,433.7260963724685,994.8564411037481,432.10119686825783,998.1056606544956,430.374951061829,1001.3045445706501,428.5570229224669,1004.4715789058265,426.68400012904186,1007.6521538737074,424.8342697537315,1010.9105850979595,423.1260825011474,1014.2517486387345,421.5858144480646,1017.6603829170567,420.201070843845,1021.1231543679538,418.9577010631891,1024.6287632048059,417.84062804963384,1028.1678388329171,416.83443869496983,1031.732768553841,415.92393925688424
135,865.7478475303366,430.795010085223,869.2383689678252,431.9584698653296,872.694472267952,433.2206140790193,876.1200832068208,434.5634240945576,879.5218477803102,435.96563373753895,882.9083989155074,437.40425444782494,886.2894548705526,438.85576317241413,889.6746987166327,440.29746429502904,893.0724595253088,441.70937510301263,896.4894831059029,443.073953124911,899.9312043772167,444.37491083894406,903.4019539172078,445.5962240234947,906.9048638893844,446.721865965719,910.4413338826588,447.7370369991985,914.0108036646288,448.6291514525401,917.6108308325475,449.38850643841675,921.2375151361966,450.0080706181794,924.8858817030602,450.48354225473815,928.5502841246375,450.8134308695287,932.2248314239826,450.999000465415,935.9038053787394,451.04338873248025,939.5818378795511,450.9489318744644,943.2536408365302,450.71518021754827,946.9134250218301,450.3375624251666,950.5542260160184,449.8075598130519,954.1671733334206,449.1129300078852,957.7399487639956,448.2352557468237,961.2547854618775,447.14884814951546,964.703792290029,445.8682537577285,968.0972783371586,444.44642047184175,971.4595318549864,442.95194776497254,974.8087180589686,441.42834968953457,978.1548965342985,439.89815123034384,981.5018925233843,438.36974190250305,984.8489054148879,436.8413706999812,988.1884107451888,435.2966870996926,991.5089406425093,433.7116923460727,994.797984169398,432.06243404074405,998.0449068328205,430.3318007415147,1001.2407355826028,428.508587990111,1004.3852237976205,426.5981072553331,1007.4858408799748,424.61717471529215,1010.5457149295005,422.5738507624005,1013.5674314151726,420.47449215522477,1016.5539124902402,418.3252886775806,1019.5083610810358,416.13224549821985,1022.4342102972594,413.9011776920986,1025.3350787322738,411.6377148210405,1028.214731694869,409.34731359353367,1031.0770251721813,407.03524868274144
136,871.534795767236,432.5576335932753,874.9374261568809,433.95775080288627,878.3241214440832,435.39601834337344,881.6980182776502,436.86406528846186,885.0597536701741,438.3597511001742,888.4092869256943,439.8825730682676,891.7509500084327,441.42260463485496,895.0982028731751,442.95041185365056,898.4710954484112,444.42057176191696,901.8865584705145,445.78866564825773,905.3502182936518,447.02955026574153,908.8600437962467,448.1330912901079,912.41069656647,449.09723227918033,915.9962204011374,449.92232664596804,919.6105790564334,450.61026390838725,923.2480704653442,451.16303266629444,926.9034788919536,451.5812281691574,930.5719219988459,451.86295284417287,934.2484480042526,452.00395430961896,937.9276465673626,451.99776906996976,941.6032599823512,451.83598846522534,945.2678614370818,451.50927973347007,948.9129234706925,451.00992265666423,952.5291054114845,450.3325078225139,956.1064568058198,449.4734028311514,959.6345396901975,448.43031567990846,963.1054098208999,447.21013830134206,966.5170159548753,445.83267061794413,969.8750000494294,444.32894946305527,973.1903071501621,442.73314645233353,976.4762190743979,441.077552851165,979.7448729175229,439.388099382744,983.0032780222797,437.6789505083459,986.2542976503079,435.95579309760393,989.4986965962199,434.22020149868916,992.7368846450498,432.4730486934268,995.9692926342357,430.7152246789688,999.19622210877,428.9473634074008,1002.4154841332936,427.16558655979804,1005.6187853625324,425.35531100155964,1008.7887053050893,423.487320664194,1011.8977184727975,421.5199113275205,1014.9200163164437,419.4217931897011,1017.8537333281481,417.2014311049353,1020.7022248676262,414.87267626201645,1023.470255531182,412.448778255145,1026.1636707835576,409.94218100866834,1028.7891039895292,407.3644255808193,1031.3537326583219,404.7261349830542,1033.8650030754,402.0369794056729
137,877.5943480954757,434.75065668445137,880.8862834238964,436.3941525334074,884.1491279850757,438.0947602783303,887.3972941124556,439.82329048768986,890.6476088561038,441.54776872687984,893.9175691904187,443.2346189956133,897.2236352237211,444.8494049107176,900.5793818182043,446.35801424160655,903.9919018082265,447.7332069770365,907.4608090976421,448.9591621437911,910.979898851909,450.0326320785357,914.5416945788925,450.9546109337833,918.1389581976889,451.72674974836076,921.7650042600484,452.34991430305854,925.4135303898581,452.82405962176426,929.0784253710046,453.14822478439606,932.7535863865061,453.32049694242875,936.4327301277532,453.33797019039514,940.1091886155954,453.19675331733265,943.775694320588,452.89200802857187,947.4241597318701,452.41804844292227,951.0455859521122,451.76917017237486,954.6307170954564,450.9430136805582,958.171148142406,449.9424310222071,961.6601871313419,448.77510925833815,965.0931605788379,447.45185864950867,968.4675203002521,445.9854660431659,971.7843528759338,444.39308075085626,975.0492581737375,442.69663488110353,978.2714748060453,440.92033554889827,981.4612953015628,439.08642727922495,984.6294257189968,437.21525568818413,987.7861950690312,435.32496225956817,990.9392475063668,433.4284713265256,994.0915614959879,431.53075314430123,997.2421596610543,429.6301885343447,1000.3877071849699,427.72127950204117,1003.5240711401103,425.7973256714545,1006.6453343506545,423.8489850160558,1009.7443737864178,421.86550685002715,1012.8128516321533,419.835116000789,1015.834962819096,417.7364227132379,1018.8021931751113,415.5608145346264,1021.7164225337335,413.31468541708665,1024.580413885937,411.0048203134408,1027.3973419027745,408.6377702297782,1030.1707193323136,406.21982382754277,1032.9043310000202,403.7569955284759,1035.6021764701557,401.2550271261898,1038.2683716192148,398.7193479421437
138,882.0651192576194,436.7404050564722,885.2504132266853,438.5822256842814,888.436256675241,440.42309425077246,891.637348027137,442.2372779607631,894.8671983240542,443.9996776226509,898.1367591085664,445.6871671919035,901.4540039351584,447.2787620342783,904.8244706411404,448.7541591260781,908.2519837244356,450.0914914691485,911.7379912101608,451.26769739431256,915.2789604722669,452.266197576802,918.8666873792652,453.08090013662,922.490757968979,453.7148025503935,926.1413068273085,454.1723854864015,929.8093782349387,454.4574341374841,933.4867246130082,454.5721608165691,937.1654364782512,454.5164516938352,940.8375823586272,454.28983978096704,944.4953838478548,453.8941148244442,948.1318231579894,453.3350165269078,951.741044987606,452.6208832592917,955.3175166049349,451.75752997215295,958.8552832363457,450.74722840550794,962.3477157090457,449.58992023037234,965.7879154293132,448.28553894376404,969.1684598953499,446.8335727444987,972.4825246574273,445.235656712848,975.727227259535,443.50112632680543,978.9082519854975,441.6522393773979,982.0376386965839,439.7170978229652,985.130586548187,437.72414492769315,988.2027673850067,435.69928099855906,991.2679806940505,433.66387327042264,994.3353858065317,431.63177135261463,997.4079540599985,429.60748469493933,1000.4832349663433,427.5873200944632,1003.5554411860087,425.5624856772681,1006.6166559726615,423.5210847992994,1009.6578064866869,421.44993401867436,1012.6697983613449,419.33663618504136,1015.6394948550109,417.16437440569376,1018.5559000609475,414.9210817256965,1021.4198408923996,412.61116512681565,1024.234005675218,410.24084179995947,1027.001454386178,407.8161230159226,1029.7255545981902,405.3427888865705,1032.409923617387,402.82637690237084,1035.0583777681288,400.2721819123686,1037.6748891113102,397.68526529097414,1040.2635069278738,395.07042946542845
139,887.727901638852,439.7360844557777,890.9468261179932,441.51846079548335,894.183445564982,443.2684785053645,897.4426615157981,444.9760194690743,900.7278870248324,446.632948391423,904.0406253253238,448.2341530443154,907.3805946045087,449.77774329292436,910.7495579357904,451.2569397493988,914.155061011028,452.6497401427864,917.6115856789697,453.9100211793535,921.1354885390498,454.9660920085027,924.7297957962833,455.74797387340533,928.3777726795372,456.2202234066791,932.0518018731569,456.40433187702325,935.7300834012981,456.33867712434244,939.3981601357075,456.0555829958117,943.0460249595466,455.57742587795366,946.6665901976725,454.9235253774467,950.2554914291761,454.1133702876163,953.8104842256248,453.1652315241869,957.3301167486148,452.093171618086,960.8116758901232,450.90324725806204,964.2510932573189,449.5965198417118,967.643655541216,448.1725773168276,970.984976022816,446.6322267116468,974.2721036344117,444.9793563523589,977.5050105378427,443.22273797387317,980.6864414546786,441.37446289834406,983.8208788625321,439.44751599554286,986.913247018387,437.4537155182388,989.9686608909001,435.40370294501435,992.9922912813304,433.3070721210747,995.9892549932222,431.1724798207656,998.9646199226029,429.0078701070488,1001.9234861986006,426.82075258526504,1004.870824039211,424.6181182569408,1007.8107485312421,422.4055964061828,1010.7441584561014,420.18444501177174,1013.6695263963653,417.95271459036337,1016.58455276341,415.70749463310983,1019.4886824090337,413.4481967500999,1022.3856909992193,411.17977105786747,1025.2794016816622,408.90713938844294,1028.1705641168533,406.6312666844248,1031.0596988231496,404.35282030677877,1033.9473280956247,402.0724662181725,1036.8339755495863,399.79086934726365,1039.7201656686568,397.50869395876396,1042.6064233561235,395.22660402765007,1045.4932746457691,392.9452650807713
140,891.9431218037465,441.6087457696675,895.1298715794148,443.44796348906755,898.3523194860479,445.22382418519084,901.618869980738,446.91709672629815,904.9362931519213,448.50828128434637,908.308627068646,449.9793964118038,911.736600882134,451.3156281891879,915.2184249999339,452.5043948583784,918.7499839474491,453.536006995762,922.3249032306271,454.405515123533,925.9357431565841,455.1111707479394,929.5751065037623,455.650687383987,933.2357293034205,456.0191020795301,936.9099218449459,456.20872185901857,940.5889555300595,456.20909894915445,944.2623782712574,456.00720450425064,947.9173779806974,455.5885858608754,951.5388317487715,454.9413321364958,955.1120931512833,454.0661895169051,958.6262388142652,452.9773751525983,962.0759262131062,451.69865117189664,965.4600861412846,450.2551720394376,968.7815091445855,448.6724668244694,972.045844631026,446.9749946119184,975.2595293241088,445.1833910306365,978.4262957189362,443.31006594300317,981.5479188189648,441.3624258311112,984.6256093523617,439.34605966611775,987.6615404658639,437.2673283790191,990.6594551352034,435.1341115064297,993.6248895022509,432.9559429084035,996.5647634532007,430.74337692844574,999.4860200510933,428.5062748740621,1002.3948883870763,426.2530808841207,1005.297413211368,423.9917173107652,1008.1995784035046,421.72989191480997,1011.1054478213564,419.4728283119747,1014.014188954059,417.21946578575876,1016.921104001636,414.96374913671116,1019.8201878384019,412.6979808493445,1022.7059306549706,410.41525172065775,1025.5736470880802,408.10992431862354,1028.409898317014,405.76607256255005,1031.1836650931095,403.3487074917915,1033.8867212170799,400.8525012673933,1036.5219104523119,398.28472881795705,1039.0926557796417,395.6524184659058,1041.6028299488144,392.9622665349383,1044.056662091412,390.22060787859,1046.458600432748,387.43335916034073
141,894.6608446928878,443.1223459300397,897.7998885717491,445.0417124207404,900.9960249330869,446.8643193220104,904.25535983947,448.57122328070477,907.5809226475387,450.14509248842455,910.9722260830764,451.57170204616796,914.4254603117163,452.84101824737485,917.934747741904,453.94591382753174,921.492956436611,454.88132478678233,925.0921368347239,455.6440307657927,928.7240074762758,456.23166882069705,932.3802190850911,456.64135695893305,936.0522610117065,456.8687382361516,939.7311022325706,456.9078086775989,943.4067750648829,456.7510939691431,947.0679150276749,456.3894230246643,950.7013129118734,455.81255334992386,954.2922298823356,455.012937344779,957.8267064932438,453.992296958069,961.2942148206319,452.76300672398617,964.6894553815931,451.3460495316097,968.0115438381049,449.7649694212068,971.2633891429025,448.04386562954255,974.4510454468917,446.2064586194605,977.5827253751381,444.2750859653886,980.6666777104298,442.2683155053515,983.7099594167265,440.20034950745173,986.718304902252,438.08185507005413,989.697242765326,435.92218433006997,992.6522498625167,433.72986890206283,995.5887340916827,431.51279397238295,998.5119430877335,429.2782378321161,1001.4268132019666,427.03281084466647,1004.3381939872587,424.7828598475372,1007.2499844232289,422.53343908628636,1010.1629510376637,420.28554164984166,1013.0699661549296,418.02995981594614,1015.9544722508954,415.74570970348196,1018.7941255264935,413.4060189128022,1021.5693368909549,410.99029828703874,1024.278037684501,408.50017825574355,1026.9544422145837,405.9752495245735,1029.6466769631843,403.4672223551311,1032.361192987137,400.98332759211667,1035.097496894275,398.5234549165652,1037.8551004462377,396.08748334554326,1040.633521206341,393.6752820494429,1043.4322828534503,391.28671084514167,1046.2509154640393,388.92162068278805,1049.088990599938,386.57989657398014
142,899.9144328688267,447.0279474106819,903.1692850000043,448.74315518657875,906.4843107351232,450.33944010844255,909.8368636416174,451.8554507862531,913.2287681036073,453.281008006026,916.6723508274346,454.5764161669957,920.173883067544,455.70541896742185,923.7331273262179,456.6361460939526,927.3421701722194,457.3496223408181,930.9879815218565,457.8420499686992,934.6564520476372,458.11959554322993,938.3348112568676,458.18665447856955,942.0110218793363,458.04428615318886,945.6729765753339,457.69104417205324,949.3080491107635,457.12463874803643,952.9032673247328,456.3443230219122,956.4453072171104,455.35017993871446,959.9207372921074,454.1436305010551,963.3183507393765,452.7326369467754,966.6347265746225,451.1397554147368,969.8758258808008,449.3985155412291,973.0549546330997,447.5463241810834,976.1889540799788,445.6186160361216,979.2910428557097,443.6399170759252,982.3639920308829,441.61628436035386,985.3944783617058,439.5297007584861,988.3555247494588,437.3459028109955,991.227972170586,435.0468367457494,994.0192359649161,432.6496525806305,996.7715262915445,430.2076743337215,999.5237800322195,427.7656531284605,1002.2986667083971,425.3493998599271,1005.1023914988626,422.9666735107282,1007.9329841670633,420.6159210048109,1010.7863459307291,418.29285026162637,1013.6578283386987,415.99220793861775,1016.5425516541081,413.70818426425876,1019.4358290350774,411.43500252832234,1022.3335661417758,409.16750697995576,1025.2322073942462,406.90116705653344,1028.1262157342094,404.6289205716122,1030.9986513675283,402.32949929261605,1033.8402609459324,399.99208943353705,1036.6522934552156,397.6191739257213,1039.4364627928053,395.2136221773558,1042.1945778040938,392.77823695309496,1044.9285297496842,390.3157532394621,1047.6402808421833,387.82883885899247,1050.3318538747883,385.3200965955861,1053.0053157994112,382.792060113946
143,904.5874234315194,449.7725543711782,907.8885205855136,451.39746383016234,911.2363098356271,452.9237615286503,914.6361011874023,454.3302153783984,918.0930607359134,455.5893791227604,921.6069690044121,456.6793130580305,925.1746327248791,457.57739616175974,928.7892719118564,458.2619549230143,932.4395915258241,458.7192954882426,936.1113929803371,458.9473160290263,939.7902862841299,458.94864300596015,943.4624670869244,458.7263260206526,947.1144983358288,458.28245797519287,950.732909178298,457.6180712339624,954.30447103059,456.7358463223002,957.8172329888555,455.6426290639091,961.2620911032558,454.3511336361026,964.6332584489561,452.8777966604758,967.9280763333979,451.24068175177393,971.1464769858773,449.4579020925742,974.2902674867746,447.54652603862223,977.3616712355058,445.52081151137355,980.3632346331533,443.39292779182296,983.2990550784317,441.17515886471574,986.1776674386178,438.88355715851964,989.0109700450821,436.53610886466674,991.812627387046,434.1509435539576,994.5964850882314,431.74500697194213,997.376189047437,429.3342680071084,1000.1629597957511,426.93170666121387,1002.9638694074197,424.5456482097057,1005.7811148703948,422.17890126375636,1008.6145046846168,419.8315047143545,1011.4630317377708,417.5024989693667,1014.3256952978564,415.19088998045953,1017.2016248172005,412.89580541075907,1020.0893448895495,410.6155716883965,1022.9852917859819,408.3457912073765,1025.8823963521759,406.0774880164969,1028.7696064433958,403.79661534988236,1031.6341225541,401.4873332495881,1034.4607401354888,399.13187013429405,1037.2332059404762,396.71294108023585,1039.9495128267822,394.2310954194201,1042.6130932394065,391.69272777857697,1045.2277652584492,389.103993909632,1047.797656544934,386.47078578488583,1050.327140598681,383.7987263792331,1052.8207820363157,381.09317660250946,1055.2832444081841,378.359210168458
144,908.7861649313053,451.9975796998596,912.17897431509,453.4208557858137,915.6031034538837,454.76755506255887,919.0414869945959,456.0774459788998,922.5031797600631,457.3241320472883,926.0094182152927,458.43867090626765,929.5729067875717,459.3525275838751,933.1943943651562,459.9970983591057,936.8579331651993,460.3262595159897,940.5363152808261,460.33715790985997,944.2042377255768,460.05693223453915,947.8428830437018,459.51518312035034,951.4383982613933,458.736524781211,954.9804600583726,457.7423163969316,958.460878936755,456.549934947715,961.8725842922303,455.1731132057309,965.2092398607901,453.6231649345699,968.4658810987432,451.9113852171241,971.641421410057,450.05335350296315,974.7396565133022,448.0689585296165,977.7689183267235,445.98066993742145,980.7397412056678,443.80996659370464,983.6604490771049,441.5722451361668,986.5362533952562,439.2770828062091,989.3701017433943,436.93029976706987,992.1650501436989,434.5373075644366,994.924503694014,432.103458632816,997.6514259473215,429.63320933711367,1000.3493892525597,427.13134884924,1003.030192060925,424.61109150256647,1005.7100476536052,422.08982597092256,1008.4102255665739,419.59037672098555,1011.1565403976243,417.14178087560765,1013.960233639891,414.7591337922713,1016.8288449024952,412.45512030227115,1019.7535444876737,410.2225646832231,1022.6843960598444,407.99804558217306,1025.5956644360983,405.7479792278706,1028.4828287460653,403.4670593663868,1031.3484530898518,401.1591362081833,1034.1891682622595,398.8206322276295,1036.9991667506874,396.4453205810292,1039.7799975652547,394.0359020863384,1042.5432979477898,391.60638572322205,1045.2930793418655,389.16157681559287,1048.031162284094,386.70367154199903,1050.7593983917716,384.2348395995834,1053.4796645035833,381.7572275939153,1056.1938574332326,379.27296313021753,1058.903888738095,376.7841589187698
145,911.7553028537474,452.9100900521145,914.963028168025,454.71226063061766,918.2420679488936,456.3806130496554,921.6137278418784,457.8521369636076,925.0835500726906,459.0735631702358,928.6424044598192,460.00349553400395,932.267298364252,460.62863555986064,935.9311427089739,460.9568364575983,939.6094712811882,461.00345900120436,943.2816810904689,460.7847561145709,946.9304309495004,460.3156193019278,950.5407267564389,459.6088061749936,954.098995590601,458.6745867898344,957.5921298924673,457.5203989071443,961.0071516633197,456.1522633750642,964.3323166787522,454.57819229680604,967.5601800197776,452.8130270051676,970.6899669917077,450.8790976255439,973.727380550726,448.80290991780345,976.6835537862786,446.61243547380514,979.5735507499433,444.3352413586076,982.4139487290332,441.99639303987465,985.2199171058833,439.6163082599876,988.0031186006478,437.2096210271266,990.7717937897282,434.7862282530546,993.5322842823208,432.3535127810703,996.2896464856475,429.9172510227947,999.0479519023083,427.48205747563213,1001.810849976714,425.05207711456796,1004.5817006682219,422.631170876491,1007.3636749537618,420.2230583124355,1010.1597766542645,417.8313671011079,1012.9723424585416,415.4590618736483,1015.8021345486419,413.10733127859993,1018.648070687135,410.7751607615369,1021.5076465300015,408.4597314368037,1024.3778964450337,406.157544267922,1027.255861953909,403.86500767907734,1030.1385879959562,401.5784586624294,1033.0228431457147,399.2938383174983,1035.9073626745262,397.00955177835016,1038.7920947522712,394.7255336637222,1041.6770030265739,392.44173810371615,1044.5620511556028,390.1581192199267,1047.4472028059158,387.8746311272249,1050.3324216502785,385.59122793549693,1053.2176713654735,383.30786375138126,1056.1029156301156,381.0244926800047,1058.988118122463,378.7410688267184,1061.8732423119245,376.457546038187
146,915.770291547642,454.6184760996116,919.0355405879399,456.31335536252266,922.3934024717443,457.81652474097626,925.8332500232391,459.1210754525536,929.3492395026932,460.2032587312115,932.9329565584494,461.03352311541215,936.5693568228745,461.5887102008808,940.2383125950917,461.8530150837192,943.9164599988201,461.8123837950578,947.5772367580472,461.4539472339421,951.1916143870944,460.7713253498078,954.7341302898901,459.780719758862,958.1882270331253,458.5151736366812,961.5469989924846,457.01436519437937,964.8091258858256,455.3133607945879,967.977758150534,453.4437188306345,971.0580247187173,451.43166759770395,974.0549022646466,449.29729890820687,976.9727061361543,447.0559736874,979.8170868604332,444.72211128963744,982.5954598071951,442.3099892874104,985.3169809511638,439.8338517656018,987.9927777100846,437.30833086658527,990.6359929951602,434.7486980307703,993.2611697438128,432.17055029212037,995.8834166946531,429.58941981470355,998.518054958266,427.02095155851623,1001.1816689021769,424.4825795536242,1003.890178886251,421.9922144911793,1006.6539862719727,419.5633906947318,1009.4708499305814,417.19627957126875,1012.3307547405448,414.88130966514,1015.220174124087,412.60324764808695,1018.1248636304795,410.34466856159986,1021.0331491545063,408.0907181240559,1023.9375150045722,405.831720747507,1026.8345038670102,403.56327240000974,1029.7224360367072,401.2833058097877,1032.6024849048322,398.99338714738565,1035.4781814072912,396.69800338902144,1038.3576944825984,394.40741775501954,1041.2626145108186,392.1491906689787,1044.2022687172098,389.93636587176434,1047.1742928135411,387.76720419186296,1050.1761444461192,385.6395049765942,1053.2053808618625,383.55097206416445,1056.2596594266154,381.4992290369804,1059.3367362550443,379.4818328520572,1062.43446324336,377.49628582325346,1065.5508133003002,375.54009335145895
147,918.6678944483758,456.02021589816286,921.9575548950071,457.6648213749876,925.3790222167275,459.0163662369054,928.8673411049596,460.1859547751945,932.4083387961196,461.184192274345,936.0031463385454,461.96567702350455,939.6457557952522,462.47796643540045,943.3190208814722,462.6660593496124,946.9919053730644,462.47839201325417,950.6224052049838,461.89120821800566,954.1719564829865,460.9276838859067,957.6220335227288,459.65169780898145,960.9690704297933,458.12500772069365,964.216512300513,456.3961247311203,967.370180766509,454.50134290396954,970.4337138273318,452.4639263070916,973.4085369268208,450.2989826235144,976.2960121730855,448.01877660200745,979.1008903110493,445.6376319534685,981.8317152418228,443.1718364423871,984.5007485859047,440.63921667698565,987.1231205900128,438.05826099200056,989.71503091358,435.44668350403117,992.2926679170156,432.8210029296975,994.872181923528,430.1971682059423,997.4702261450034,427.59170102658015,1000.1044373520925,425.0228441936972,1002.7867981247027,422.50433549625967,1005.5171528904245,420.0379089743933,1008.2816689913484,417.6097940692106,1011.0635273776884,415.20154518802354,1013.8522109283305,412.80119968003146,1016.6462156979694,410.40705207925697,1019.4519795488554,408.02670393332687,1022.2781475062209,405.6706331805644,1025.1326235637969,403.3489578445692,1028.0225622391688,401.0716043890322,1030.9556092935798,398.85008067813885,1033.9378479110123,396.6950871254113,1036.9850902664455,394.6332604258862,1040.1027635967353,392.67933280891873,1043.2414852701297,390.75921740078667,1046.3806041977814,388.8397512585307,1049.519393221861,386.9197457203593,1052.657304954132,384.99830681291843,1055.7937902578083,383.07454045929916,1058.9282975259644,381.1475530238129,1062.060271965559,379.216451870208,1065.18915489021,377.28034593762766,1068.31437624608,375.33833544391604
148,923.7168892356452,457.30252426905747,926.9781913716475,459.0036683643857,930.3766415157836,460.4108467523853,933.8850790851333,461.5158962108499,937.4743239230208,462.32083610281154,941.1183326590595,462.82258337283525,944.7917854004371,463.0118234567197,948.4675218716666,462.8763145916089,952.115437490477,462.4055610510653,955.7036685359789,461.5972772364984,959.2023530476113,460.4621778907233,962.5881838751133,459.02458648372254,965.8479563473404,457.31991886035104,968.9782874714585,455.387431209518,971.9826201767519,453.2640631755705,974.8687956732537,450.9824711563641,977.6472154361855,448.5706657824606,980.3294087673501,446.0521679120414,982.9275477457104,443.4469618496308,985.4544926290856,440.77257939420986,987.9243153490523,438.0453047044774,990.3530832542764,435.281367316375,992.7585646753857,432.4971172723802,995.1596354890098,429.7090584223559,997.5755607061864,426.9338763781856,1000.02564789839,424.18884263902737,1002.5265545872111,421.49006951227955,1005.0896709315615,418.8503397891301,1007.7195380712191,416.2771236151262,1010.41771256234,413.7756369327416,1013.1850966923495,411.350955544466,1016.0225334002552,409.0086523017174,1018.9286858146314,406.7521699383793,1021.8982379488689,404.57976507474405,1024.9221188298188,402.483586545801,1027.98866302452,400.45027273201913,1031.0855112573142,398.46336933480455,1034.1999449040432,396.5041132282114,1037.320068185007,394.55392142904253,1040.436701217939,392.598160576657,1043.5434270694404,390.62670485286327,1046.650940236061,388.65649821960227,1049.7808944603626,386.7221729945039,1052.935334165236,384.8280361117773,1056.1126396235204,382.97250638015856,1059.3112521798341,381.15394824170954,1062.529674725012,379.37067962693874,1065.7664712306607,377.6209788393015,1069.0202656306553,375.9030907533475,1072.2897664318136,374.2152836423916
149,927.5739450379191,457.47603479197585,930.8743739290675,459.1007092574616,934.2891421262508,460.46849323978836,937.8037276869999,461.5539865861861,941.3985779682105,462.33294924147043,945.0487780635519,462.78587707759146,948.7251546330214,462.9000886800468,952.3960059094567,462.66928099012233,956.0276590933086,462.0871245637455,959.5831642760807,461.1462542869077,963.0226923559028,459.84393978958036,966.3089892883143,458.19252912038587,969.4200604351282,456.2303331306721,972.3537698415452,454.0110765443319,975.1249473727657,451.59145630354993,977.7556560231773,449.01948652462954,980.2714710546117,446.33480717283686,982.6990550373894,443.5699507543302,985.0650298913348,440.7521050416953,987.3965794142447,437.9056626286345,989.721148553979,435.0535074714204,992.061989025767,432.21470528748915,994.4345235562374,429.40235717098784,996.848510853405,426.62552713172863,999.3113291074479,423.8919324498149,1001.8283004661224,421.2081304297173,1004.4020619007845,418.5787509055074,1007.0337508542543,416.0073582345982,1009.7238600506081,413.49715407609665,1012.4726087315391,411.05130903931257,1015.2800837461713,408.67311180728706,1018.1464742001289,406.3662755074878,1021.0726329515849,404.1357611991974,1024.0601562458917,401.9881612380928,1027.110598261939,399.93093508405263,1030.222648156504,397.9681500997246,1033.3900050648026,396.0958588147606,1036.6016498216766,394.3005177055486,1039.84496339754,392.562955719636,1043.1007643605706,390.84884512525804,1046.3542146818195,389.13027756069545,1049.6044683937137,387.40567167688374,1052.852008258041,385.6759605813355,1056.0973214401458,383.94207511470813,1059.3408986954119,382.20494423709283,1062.5832335710202,380.46549544355247,1065.8248216166132,378.72465519634346,1069.0661596012767,376.9833493690758,1072.3077447342757,375.2425036980865,1075.5500756870372,373.50304759366236
150,932.4549144719302,458.86404008007577,935.8451316707783,460.29179216892635,939.3351633994831,461.4542413733134,942.9063599598155,462.33612078216,946.5383868884311,462.91802811498815,950.2076081757108,463.1742581972912,953.8841139803814,463.07336712429003,957.5282991658418,462.5791350303265,961.0911777382545,461.6687406500471,964.523189770196,460.34769011818423,967.7899404161168,458.65812956696016,970.8772555443556,456.65867309107585,973.7879329491525,454.40924343409006,976.5354564999063,451.9628037850108,979.1376180139963,449.36200694678587,981.613691931165,446.6407119025802,983.9828312984271,443.8257069156192,986.263415468047,440.93840528232107,988.4738997735204,437.9970266913659,990.6350993328481,435.01919994345826,992.771259498429,432.0233328312513,994.9101595267726,429.02942482659006,997.0815990042689,426.0590746473883,999.3158944473414,423.13579714073546,1001.6390289668908,420.28270229224637,1004.0659087834985,417.5173769997058,1006.5971867328766,414.8472787324089,1009.2269020947812,412.27404890556437,1011.947864612162,409.7974841362263,1014.7542065502738,407.4180900555322,1017.6412146405568,405.1372386984336,1020.6050948925193,402.95721407853716,1023.642596597585,400.8809999324109,1026.750258307706,398.9113478474327,1029.923105520113,397.0484957731406,1033.1539212941789,395.2880341016229,1036.4350710060965,393.62324662072103,1039.7640885523076,392.05635427140004,1043.1271429926917,390.5637020207077,1046.5089602101316,389.11401799515255,1049.9066341506107,387.7018909365232,1053.3186524276766,386.32477781570276,1056.7435816944355,384.9800898817743,1060.1800639086443,383.6652014642406,1063.6268118259488,382.3774575610077,1067.0826038710834,381.11418028533325,1070.546278512929,379.87267424777,1074.0167282507884,378.6502309631177,1077.492893301625,377.44413238176264,1080.9737555436886,376.25165501107085
151,935.5331136121144,458.9019302190877,938.984180376485,460.1762021874521,942.515797554129,461.20571513541245,946.1179194423413,461.95080858121213,949.7716173472268,462.37442516043336,953.4488802016297,462.44702468245333,957.1141552217908,462.14404684112225,960.7245132073435,461.4442844166097,964.2315167087363,460.33769524437866,967.5877817306013,458.83455265359873,970.7570006779448,456.96863755466126,973.7234757112092,454.794064034282,976.4935456801912,452.37364544338334,979.0878365676647,449.7652595742142,981.5306126890301,447.0141820173793,983.8465201657522,444.155302107295,986.0592955040022,441.21575213244336,988.1913980940749,438.2170924837143,990.2655879250536,435.1780307166403,992.3070506030576,432.11685380816846,994.3449171243099,429.05327803010204,996.4127672322866,426.0099016836042,998.5462786827084,423.01228791316873,1000.773310716144,420.08356834750924,1003.1072077005085,417.23932978067154,1005.5509474093213,414.4889163879627,1008.1045750440604,411.840237758978,1010.7663402787364,409.30026164174853,1013.5321502494614,406.87399823903087,1016.3975546281578,404.56620847650373,1019.358556615776,402.38244240446625,1022.4113763641622,400.32901053690216,1025.5513361845071,398.4114724560165,1028.7703571359232,396.629793597236,1032.0591499066954,394.98039173690086,1035.4075954399707,393.455610779005,1038.8039688837316,392.04067650941033,1042.2399571397848,390.7247921041917,1045.7097111516355,389.5006600938609,1049.2063579690496,388.35544848482687,1052.7174835011735,387.2552983551578,1056.2375018492078,386.1839342684521,1059.7654305567091,385.13890786969705,1063.3003996364773,384.1179452117188,1066.8415860036534,383.1187558929598,1070.38820951801,382.13903659942025,1073.9395288079143,381.1764740616665,1077.4948369222939,380.228747483043,1081.0534568506305,379.2935304980764,1084.6147380461116,378.36849695793666
152,938.6014073697936,459.2829654598291,942.1098451811005,460.38885109638363,945.696506043103,461.2047622787327,949.3423327592991,461.6911484713139,953.0178961360798,461.824839177551,956.6882435470891,461.58940094633533,960.3154723174131,460.9811346740948,963.8620412646371,460.00704277104313,967.2909705917153,458.67704180700434,970.5593112552015,456.99079807585935,973.6308712262957,454.9679492659162,976.4904678637366,452.6544940254016,979.1495731441948,450.1126128540901,981.6230397332442,447.38945480977895,983.91994023037,444.5156847533663,986.044308232336,441.51203523772335,988.0047827001911,438.3987924094633,989.8347015551526,435.20682970891187,991.619273081516,431.98911942631804,993.470808469705,428.80965400046614,995.4510385913748,425.70887117084027,997.5561248174539,422.69133325634,999.7655247988444,419.7492772744826,1002.072820417582,416.8833552159165,1004.4792273300801,414.1001599437714,1006.9874070313733,411.4083537245112,1009.6006351095382,408.8184591440952,1012.3230266333393,406.3436352362684,1015.158836926579,403.9997338243871,1018.1148004129105,401.80949661624555,1021.1902520166598,399.7904425957042,1024.3711672318984,397.9419585330015,1027.649428523507,396.27219776999954,1031.0000531705018,394.7522078355283,1034.4005457288786,393.34742645865003,1037.8624166015202,392.1022162532772,1041.3948722156033,391.0750378941551,1044.9766120897496,390.2334331297835,1048.5690480062847,389.4379891013259,1052.141665359111,388.5584038608317,1055.6923723385275,387.59370937603194,1059.2368759186945,386.6063389627207,1062.7921955225822,385.65888591319697,1066.3720854765702,384.8093892811911,1069.9767187903237,384.071793097036,1073.6008716117778,383.4368729670479,1077.240103848774,382.89487985933107,1080.8907543695668,382.4359022403345,1084.549867889774,382.04999975102015,1088.2151143701399,381.72735095373827
153,944.0803951178219,460.15955467795413,947.7024849555077,460.802301046209,951.3628329145834,461.16694131535473,955.040709486868,461.2142788739226,958.7051172845313,460.9006771128521,962.3124746335124,460.1861012133544,965.8095281830063,459.0489936699767,969.1490599051137,457.50910772636615,972.3016817840801,455.6149840187973,975.2586700962985,453.42734035566986,978.0246364702876,451.0022159562116,980.6071735977441,448.3823500644522,983.0119730026979,445.5983071853265,985.2441337434755,442.67388483496535,987.3186289584991,439.6354071162778,989.2702101917424,436.51633616734915,991.146555297403,433.3512986568645,992.9957847986152,430.1702986291312,994.8559876562076,426.99571618663725,996.7600468090859,423.84729112985883,998.7377749432345,420.7446921185386,1000.8154400583219,417.7082068903065,1003.012454660269,414.7570242182066,1005.3413573277019,411.9088512868526,1007.8095260250085,409.1805643525893,1010.4218506742804,406.5900774886541,1013.1827089663227,404.1586497852319,1016.092955971579,401.90830332065906,1019.1454685057506,399.85504380959543,1022.3211744402752,397.9978253910792,1025.5969315617308,396.3230912458291,1028.950493575935,394.80987490944545,1032.3631894639525,393.43497063156667,1035.8214899444322,392.1790172262907,1039.3175691383315,391.03237190997083,1042.8480114755257,389.99641497669023,1046.410838880751,389.07798988271,1050.0001117106779,388.2689009679275,1053.6097694218852,387.55608775279563,1057.2348587083407,386.9262845744068,1060.8713882149184,386.36616235886373,1064.5162303169498,385.8628516658117,1068.1675538500258,385.40890545480846,1071.8242409382237,385.0003709264888,1075.4853254543104,384.6332893455878,1079.149974488354,384.3036510260904,1082.8174773943826,384.0074095934968,1086.4872338194677,383.74049350578065,1090.1587410095096,383.49881504884866,1093.8315817209552,383.2782959490597
154,946.6889715716745,459.36611411683725,950.3479276661491,459.7480543497161,954.0243790529673,459.87328344913465,957.6982921939143,459.6946880826152,961.3374536835762,459.16273280691337,964.896917444625,458.2385078053886,968.3252515679767,456.90810701208426,971.579973348277,455.195959631813,974.63591814616,453.1494028543767,977.4846718773634,450.82255961534645,980.1287000768428,448.26510544718104,982.5747009711437,445.5173679626739,984.8406978730945,442.6190957016465,986.9569691457393,439.60949467239914,988.9611029299848,436.5239126077232,990.8863604924271,433.38841506665176,992.7616965822574,430.22275831272196,994.61453024091,427.04385651575603,996.4744869028374,423.8691254114952,998.3749771735082,420.71854165782617,1000.3503073963508,417.61442901764707,1002.4309640289314,414.5800218083064,1004.6389732334272,411.63711926405557,1006.9951122584204,408.8116058435059,1009.5218406546793,406.13787051964744,1012.2342221497992,403.6528279527578,1015.1191634640254,401.3702947575109,1018.1513289173525,399.28707073340877,1021.3107984565427,397.40254479411277,1024.5826797130467,395.72038815308565,1027.9315628808038,394.19682811265693,1031.3634365132336,392.87222424688554,1034.877337232474,391.7823564822242,1038.430013095625,390.8252766801829,1042.0079491375357,389.96738526672044,1045.607212215584,389.20384219623395,1049.2243025319815,388.52972588352515,1052.8561284083735,387.9400717647857,1056.4999811654243,387.4299169511121,1060.1535064887612,386.9943283627125,1063.81459437708,386.6275852520856,1067.4813334368444,386.3223602936181,1071.1522790728545,386.0726713064476,1074.826335466951,385.8738475678236,1078.5026318451917,385.721869428708,1082.1804527194465,385.6127155510346,1085.859223596861,385.5423477188311,1089.5384980834338,385.5067223182269,1093.2179445162892,385.50179885326605,1096.8973320991581,385.5235782176058
155,950.1594509236317,458.84603518155467,953.8365784992353,458.7382864568979,957.4948908108368,458.3536201165823,961.1065499682044,457.6570991768307,964.6350502092264,456.6193306011258,968.0387429886284,455.2260035601488,971.2808266060001,453.4893682752534,974.3407773996297,451.4483414491141,977.2148315332271,449.15244305872346,979.9115017493132,446.6502030752264,982.4459653651279,443.9835147675292,984.8358640917976,441.1863381452723,987.098844297548,438.28539401159105,989.2517140427786,435.3017248419905,991.3122138586655,432.2534566108873,993.3015234003132,429.1581933711343,995.2447921938464,426.0337725809839,997.170570545949,422.8985224702697,999.1093612259577,419.7713170761851,1001.0929142057047,416.6723649198002,1003.1538090789505,413.6244032243912,1005.3249495965965,410.6541257099366,1007.6380085979077,407.7932115331885,1010.1212463717347,405.07900790487423,1012.7928396293993,402.55023058998484,1015.6511375367444,400.2346564119724,1018.6744124658724,398.1388350430348,1021.8356491327993,396.2573292704311,1025.1121922829593,394.58455527792466,1028.487853349758,393.12203707717725,1031.9479759921858,391.872359102193,1035.4822767389553,390.8517340680635,1039.0798507736613,390.0829406162699,1042.7148632826602,389.51475054885833,1046.3675989269213,389.07285223077116,1050.0263018565704,388.6826134821081,1053.6857236421317,388.2993179427204,1057.354237214319,388.01920021968886,1061.0301755996436,387.8599432067328,1064.7083084686312,387.7625094970487,1068.3875150567499,387.72250220949627,1072.0669363349514,387.73289734087143,1075.7459868892065,387.78641900227103,1079.4242481013018,387.8796559097556,1083.1014066941136,388.0093585921326,1086.7772460361239,388.17227253407896,1090.4516374460761,388.36514441767486,1094.1245313505333,388.5847267247087,1097.7959484050218,388.8277808611938,1101.4659695096716,389.0910949377163
156,954.9750880787939,457.6527224601522,958.5970184891613,457.0086787369342,962.1629310563061,456.1051784262191,965.6458566428278,454.9219640473737,969.0133012814296,453.44218500048305,972.2321757565244,451.66233223243376,975.2772828541041,449.59901855139094,978.1410944800817,447.2903016334692,980.8290139430992,444.7786485235426,983.3533218999171,442.1023695810844,985.728388405494,439.29262888947926,987.9694248791504,436.37473776140484,990.0914029696471,433.3690609109581,992.1113151656984,430.2937756285359,994.0517414408002,427.16764781207536,995.943408544999,424.0117168236238,997.8236601644344,420.848955380334,999.734880638505,417.7048615196801,1001.7213238851142,414.60786122949634,1003.8192467042367,411.58541458062865,1006.0522933435932,408.66150017367227,1008.434783391736,405.858162725884,1010.9788445968634,403.2007446751484,1013.6887423750815,400.7127979303823,1016.5703543705519,398.42630206077223,1019.6266919214571,396.3794135441791,1022.8401918335152,394.58933379922274,1026.1895979304934,393.068689153901,1029.6536868720875,391.8315049502265,1033.2109461083633,390.8956588518449,1036.836841626189,390.2766904199458,1040.4982076975857,389.91703824981767,1044.1713965091146,389.70389722875984,1047.8464052561428,389.5231663088936,1051.517126579853,389.271299577177,1055.1852631143843,388.98305373825247,1058.8596665386324,388.7968022153134,1062.5387164747613,388.81369520989665,1066.216556756563,388.9226553119605,1069.8930559751846,389.06898703584267,1073.5654517599048,389.29553435865245,1077.2316994201005,389.60617457152347,1080.8906733478866,389.9933461183601,1084.5419932602315,390.44717751779416,1088.185815246404,390.957817820067,1091.8227468016553,391.5154890194525,1095.4537638060963,392.1105050344288,1099.0801307320185,392.733269903135,1102.7033246570702,393.37425990938686,1106.3249629250706,394.0239926957526
157,958.6041538347649,455.954747597407,962.1716104529547,455.05724456399315,965.6577421278425,453.883464710946,969.0285947987719,452.41156944066006,972.247980008374,450.6327583571236,975.2890472014537,448.5635934568356,978.1461621680751,446.24660100117165,980.8268472296372,443.7272212386284,983.3448438426652,441.04498583366285,985.7159508431089,438.23188096775516,987.9564016226271,435.31351699622974,990.0841513940129,432.31188597097247,992.1207343066343,429.24757219613696,994.093014505344,426.14141041270665,996.0309097194312,423.01364159912885,997.9654916792051,419.88381863916294,999.9282477430551,416.7716202622129,1001.9516262221275,413.69856721648375,1004.0688824477123,410.68955781969237,1006.3154565309238,407.7760656877169,1008.7237984898766,404.995038535637,1011.3067890125396,402.3756019636785,1014.0691876506647,399.9463119968269,1017.0023426615573,397.72608603572553,1020.085591944819,395.7196677051011,1023.3276943987715,393.9827039061888,1026.7361380692478,392.6023877427577,1030.2781858504454,391.61145437626715,1033.8855015331142,390.88865035630926,1037.5151680933677,390.28554853007597,1041.1402964795911,389.6562225671966,1044.7539771760037,388.9636816776569,1048.3913290004934,388.41405988512696,1052.0644519992632,388.2432265821612,1055.7406404306223,388.39171382167615,1059.41318753204,388.6162815281287,1063.0785325508466,388.93672569160304,1066.735065378496,389.34633004083423,1070.384229863507,389.81725090984133,1074.0271367756382,390.33449288929927,1077.6664618758566,390.87644170609826,1081.3034915256046,391.4335912868252,1084.9383767696538,392.00456635903356,1088.571268248239,392.5880948067248,1092.2023297971373,393.1829060185404,1095.83173707912,393.78773100720576,1099.4596762249314,394.4013024421933,1103.0863424845243,395.0223546055627,1106.7119388884237,395.64962328083277,1110.3366739037972,396.2818513937154
158,962.0376816871245,453.5957771317146,965.372949494166,452.0435371608785,968.6005134171106,450.27808207510395,971.7143531204888,448.3188632614043,974.7112683213295,446.1849632693807,977.5902611833377,443.89435744860816,980.3518936451967,441.463464288173,982.997746506868,438.90697493067927,985.5299564910107,436.2378259611862,987.9508628501286,433.46728887321564,990.2628932370401,430.6052336280189,992.4695487828624,427.66112992020516,994.5787436437922,424.64638197959295,996.6089719892694,421.57782090503446,998.5900411342257,418.4772286090728,1000.5603046356507,415.3697429468716,1002.5600937658812,412.28122242105877,1004.6337105381351,409.24191336445654,1006.8220654650308,406.284322955526,1009.1640999291654,403.4473412958936,1011.7297052357676,400.81180347825466,1014.5318828846761,398.42920283339623,1017.5371535411292,396.30832793866733,1020.7154640228866,394.45669685195656,1024.0405312083687,392.8837297233704,1027.4883619474426,391.60211615094335,1031.0300771642221,390.6078472944112,1034.6289125799856,389.8442859351744,1038.2664402203277,389.29392999506103,1041.9291374063537,388.94732245071145,1045.6041134948618,388.77112203138415,1049.2831888985238,388.73008395966997,1052.9620760784132,388.7900388571204,1056.6378339735106,388.95113930548695,1060.3053415475172,389.24528580281935,1063.9635471821316,389.63952579520287,1067.6132723040234,390.105962549236,1071.2554176127524,390.62848001859294,1074.8924673164877,391.18546622822873,1078.5266752731277,391.7607374179981,1082.158683557011,392.34973107469244,1085.7880505249675,392.954786376928,1089.4148261125154,393.5751881215934,1093.0391467392965,394.20977636580574,1096.661162404252,394.85739299872097,1100.28103553119,395.51688191940684,1103.8989398246324,396.187089127912,1107.5150591364957,396.86686274060185,1111.1295863441135,397.55505293739327,1114.7427215919752,398.25051520036556
159,965.7305306689794,450.8955029809472,968.9391958514102,449.0960448334378,972.0195478831871,447.0849000775012,974.9557015393702,444.86853306167086,977.7362010118659,442.45972454340364,980.3572568605643,439.8781957550377,982.8267742973665,437.1511317126541,985.166284395583,434.31155133457946,987.4031117127355,431.39024892425095,989.5661137021733,428.41377533658965,991.6839341405473,425.40493265659353,993.7847267099156,422.38415694500003,995.8961692272819,419.37082748233416,998.0453892508594,416.38436735397096,1000.2575050905323,413.4442549832686,1002.5527861109651,410.56867294789834,1004.9461683158542,407.77428763053496,1007.4497966247749,405.0783270279594,1010.0744070394587,402.500110516431,1012.8285537666707,400.0609004578067,1015.7215249342253,397.78829610451385,1018.7530803084805,395.70415284506186,1021.9182865926089,393.8298319839829,1025.23936889543,392.24881464980547,1028.622385897264,390.8019853583549,1032.0288049088565,389.4138635081836,1035.5928064603531,388.5155999406067,1039.2464930605538,388.09442603152394,1042.9225378078318,387.9439373977247,1046.601786707064,387.92355779080293,1050.2796829559209,388.02460619272455,1053.9517989725784,388.25392144933994,1057.6144568286084,388.6037391281165,1061.2665870133544,389.0506707979464,1064.9087212153242,389.57308153360947,1068.5420787474247,390.1535246960823,1072.1673826784827,390.7823338857145,1075.7841861117533,391.45831996442195,1079.3915079240815,392.1831869843588,1082.9880255820372,392.9598696588044,1086.5739787407458,393.7840189683369,1090.1522448539606,394.6409663000585,1093.7238887528933,395.5251153491989,1097.289380383478,396.4337629554361,1100.8492450400793,397.36421703605856,1104.404056856312,398.31379747768466,1107.9544324081207,399.27983638122276,1111.5010244718335,400.25967763330607,1115.0445159372255,401.2506759041847,1118.585613305248,402.2501971674306
161,973.3068150869611,443.25013374908355,976.0027958562631,440.7464704053852,978.5963204471323,438.1368206540085,981.0848813266342,435.42687472977525,983.47120989477,432.62643268742823,985.7643968635309,429.74915936152416,987.979192106253,426.8110493399133,990.1386755974571,423.83198380481986,992.2733431657947,420.83505155120633,994.4184310504045,417.84558453797433,996.6095850335636,414.8897852715169,998.8798079207814,411.9943883003635,1001.2550639354008,409.1846306471529,1003.7509712433413,406.4815809324242,1006.3741106324649,403.901892648438,1009.1252657561995,401.4592395642331,1012.0020471877609,399.1659235744942,1015.0011254486981,397.0351121482126,1018.1202371536151,395.08434786420844,1021.3512526421747,393.3250900476228,1024.6986858411483,391.80062835538587,1028.1913493646448,390.6496993329046,1031.7818203279285,389.8499575359048,1035.4162904669888,389.2783485297412,1039.0657027964264,388.80925360841803,1042.7151981807972,388.3406693381985,1046.374181533834,387.956369608432,1050.050337361778,387.8403286936905,1053.7206714166825,388.0860896701363,1057.3782008285211,388.4867790538335,1061.0258606793238,388.9685827519269,1064.6600799634518,389.54337589457623,1068.2850009331303,390.1744285872807,1071.9048077387556,390.8342658148164,1075.521315001205,391.51195865545,1079.13349030201,392.21233598461487,1082.7378787166974,392.95166879344373,1086.330724687227,393.7451126620749,1089.9079054352123,394.6063421246105,1093.4658415461174,395.5438931362159,1097.0040373716654,396.55345384854013,1100.5274415567958,397.6136144223677,1104.0561084581498,398.65592983683075,1107.6141230485414,399.59281032716257,1111.2000823499595,400.4163873699136,1114.8086345179909,401.1346455781431,1118.4351611293403,401.7559312504475,1122.0757500711575,402.28878815020084,1125.7271466840325,402.7418281667248,1129.3867027058454,403.1235216576604
162,976.1159421003923,439.3869802671168,978.4458026581906,436.5393309722685,980.6982315097757,433.62996775611066,982.8947260556312,430.6780921697137,985.0570686259423,427.7010762178335,987.207026803876,424.7150928768506,989.3661669062267,421.73575041127503,991.5557344861018,418.7787252127186,993.7964306575567,415.86029963320914,996.108200142563,412.9979136046143,998.5095379731415,410.21033011979466,1001.0159882102022,407.5169641914753,1003.6380631156951,404.9361191833604,1006.3812393665166,402.4844589523112,1009.2467587674495,400.17705522794756,1012.2330516424598,398.0283272753985,1015.3374531738821,396.05418472275636,1018.5558563500124,394.27205976764424,1021.8825123577599,392.7014779887745,1025.3112574363543,391.36865112660945,1028.8183551323875,390.2572171115889,1032.3796209626069,389.3339126828945,1035.9884787673307,388.6195710703519,1039.636472971254,388.14515214309375,1043.309468410421,387.9434736827908,1046.988310696675,387.98786909739846,1050.6643712284083,388.14409804531283,1054.3335795085927,388.4155454356565,1057.9912660628281,388.81403669314136,1061.6382128049966,389.3016164993129,1065.2763351531758,389.8514064293195,1068.9081929492143,390.4412779419645,1072.5351937257517,391.06031653481386,1076.1563178590982,391.71280927656437,1079.7686198630543,392.41240248432547,1083.3677095365501,393.17692325989316,1086.9471289452345,394.02856875189815,1090.49829842411,394.9910563197279,1094.015400518076,396.0714901158895,1097.5121510258848,397.2165282950344,1101.0141315034564,398.3454051126647,1104.5361274538805,399.41004868334494,1108.0790774527427,400.40277078863824,1111.640055666053,401.3287796042212,1115.2164348882472,402.1934359952641,1118.805875383053,403.0021949647928,1122.406305271022,403.76056691690286,1126.0158973568227,404.47408759951173,1129.6330436693663,405.148295989752,1133.256334167807,405.7886881368626
163,979.3304009908378,434.25700899796425,981.6310432106804,431.3855585160785,983.8949125534882,428.4850098347917,986.1339677004772,425.5652483639666,988.3631614545094,422.63794375373595,990.6005699825912,419.71692050497717,992.866802712358,416.818230996427,995.1827534037733,413.9591575696325,997.5672427436997,411.15705126698543,1000.0351201159306,408.42816981826473,1002.5982765487047,405.7886567433903,1005.2675332751803,403.2565957369304,1008.0528752919937,400.85295476732233,1010.9625867570292,398.6016478896839,1014.0041410024146,396.5321853497768,1017.1768149080797,394.6700859026109,1020.4755064887626,393.0421821610246,1023.8988527470701,391.6960506288793,1027.3859812059623,390.52226732500753,1030.92032238137,389.5025896522078,1034.5396321295696,388.8493220432944,1038.2027076785835,388.50993162233124,1041.8786815454778,388.35366436620876,1045.5576786546146,388.3052147485724,1049.2361851820244,388.3803315216722,1052.9098816451167,388.5829866646381,1056.5748840230708,388.9070936063349,1060.2282393518367,389.34349239664533,1063.8678178822754,389.8830122745951,1067.4926469247298,390.5142145626046,1071.103144455491,391.2229545669145,1074.7011636078735,391.9926581040337,1078.289765098795,392.8052205121861,1081.8725311407948,393.64318198271235,1085.4523528523805,394.49364539786336,1089.0305613256153,395.35087248754087,1092.606895447679,396.21588402580437,1096.1806365642951,397.0915433954501,1099.750970743496,397.98098771064156,1103.316868846459,398.888044115995,1106.8763489149785,399.81994595489834,1110.4256176709364,400.7899555314776,1113.9612705918103,401.808469879089,1117.4833510624117,402.8729854451172,1120.9924543435814,403.9795418495092,1124.489315408686,405.1242084878937,1127.974793417685,406.3030916702977,1131.4498566730585,407.51233884591994,1134.9155682152975,408.74814024222775,1138.373068349905,410.0067387312318
166,990.3502749422122,429.03500457218206,993.2300820304803,426.74496910817635,996.052685241806,424.3847117079313,998.8307158811014,421.97210338575985,1001.5758616443468,419.5221127127211,1004.2990751366973,417.04774903130186,1007.0108056837455,414.56079752638396,1009.7212352303974,412.07242722311656,1012.4405132403297,409.5937361508341,1015.1789911887815,407.13628916996936,1017.947457814786,404.7127028957259,1020.7573721191511,402.3373386760333,1023.6210797206467,400.02717900251355,1026.5519731653446,397.80298487416763,1029.564504509791,395.6908569490839,1032.6738534396306,393.7243333272936,1035.8948552899556,391.9470904855929,1039.2394643047949,390.41600718505873,1042.711658435117,389.2034466696976,1046.298895402975,388.3956560727848,1049.9616947982045,388.0817711460972,1053.633364657247,388.28563918776575,1057.2839555989256,388.7446739715096,1060.9223067257471,389.2924180774392,1064.5445663626087,389.9381452764374,1068.1522310201158,390.66118035722394,1071.7464615724916,391.448332326705,1075.3282928959027,392.2901736833109,1078.8999298101037,393.17431880838194,1082.4639607193985,394.0886762210737,1086.0231904429006,395.021567882426,1089.5800798017203,395.9633499260941,1093.1362552441835,396.9078254856179,1096.6925646810303,397.8517962684899,1100.249619713422,398.7929530317022,1103.8080302715498,399.7289704291147,1107.368469169292,400.65724056457077,1110.9316227999445,401.57503240581343,1114.4980453586993,402.480035939501,1118.0683047071107,403.3697778062466,1121.6430121491462,404.2414758161398,1125.2212881658897,405.0984156376509,1128.8022079328725,405.9442419171318,1132.3854300476503,406.78026213428194,1135.9706502260617,407.60767291653667,1139.5575728393653,408.4276729455005,1143.1459097307434,409.24146255863263,1146.735379019222,410.050243403361,1150.3257038936913,410.8552181352562,1153.9166117253892,411.6575886913076
169,994.1825344835902,403.1628939434854,997.2450896810196,401.12381011116395,1000.3521485703963,399.152911255009,1003.4682732074125,397.19633659613385,1006.5950250597889,395.2568332078483,1009.7691618845432,393.3963403084691,1013.0430419107654,391.7187344762432,1016.4476584313944,390.3271920640719,1019.9756397313797,389.288138355439,1023.5841015029076,388.57236717476076,1027.2227199408817,388.0274818813093,1030.8877533228394,387.71321681481885,1034.565713902004,387.6132095223076,1038.2449140395222,387.5741134941266,1041.9235944965933,387.64015329716926,1045.5984565851638,387.8216885940415,1049.26713199367,388.1017637582987,1052.9270082545108,388.47984746586854,1056.5758955347712,388.95242090395783,1060.211828606722,389.5160977748683,1063.8332237947957,390.16672888970993,1067.4394272754723,390.89695922198626,1071.0309920642321,391.69617014647497,1074.6096564206662,392.5513727660218,1078.1782511535685,393.44772840669407,1081.7404304801394,394.36928618822213,1085.2997798130618,395.30172833011807,1088.859046441634,396.2344865209904,1092.4199926447004,397.16080881555627,1095.9838293701469,398.0759425999888,1099.551678132308,398.97530038335356,1103.1246529966834,399.85406202217297,1106.7035298137826,400.70846598691213,1110.2879168771121,401.5394584136362,1113.8759508231135,402.35457853448276,1117.4648356151465,403.1659494137486,1121.0513871491448,403.9875576949792,1124.6324533601594,404.83272673151254,1128.2063521526227,405.7077038136326,1131.773346726726,406.6104316486136,1135.3362057912468,407.52937117632285,1138.9020408247843,408.4366647834339,1142.47454830548,409.3173162873544,1146.0533217743416,410.17215166028535,1149.6378495911458,411.0025306930715,1153.227648331392,411.8098222292545,1156.822261465061,412.59540246618025,1160.4212579516254,413.36065347300985,1164.0242307660944,414.10696191483817,1167.6308000663478,414.8356945977392
170,996.9663835520817,399.8155276693296,1000.0365843427231,397.7882314458861,1003.1970310517937,395.90472160384076,1006.4418076530674,394.17053372886403,1009.7615678886573,392.5844827352108,1013.1490957272013,391.1491595227349,1016.6141019151428,389.9128498730543,1020.1147868968349,388.77989667227985,1023.6274091442149,387.68508829978185,1027.2063994068324,386.84019823550267,1030.8725566329917,386.60431340942904,1034.5502326446874,386.7140005066093,1038.2296266790709,386.6993102996224,1041.9061874477434,386.8305012311465,1045.5736454966234,387.12570312260686,1049.230803121652,387.5288976249412,1052.8739204780657,388.043847031976,1056.5019508723278,388.6563164038872,1060.1141578114061,389.35615689101206,1063.709937303253,390.1360873505551,1067.289559704791,390.9871722551719,1070.854474155603,391.89797212795634,1074.4077059182048,392.85340217993274,1077.9535131030086,393.8360717419249,1081.4966986643294,394.8281672701243,1085.0418971050924,395.8130357422384,1088.5928852968116,396.7767971547439,1092.1518299416011,397.71073763581876,1095.718843401291,398.61337429551816,1099.2927579435966,399.48830151337694,1102.8721102207091,400.34072216614527,1106.4555157321283,401.17594936778113,1110.0417783683847,401.99882730225556,1113.6304627238126,402.8110788283372,1117.2221125779643,403.61010748508477,1120.8180715610094,404.38949790189093,1124.4198972757513,405.1412842350834,1128.0290617582796,405.8569736703204,1131.6463578165835,406.53034083532646,1135.271181074156,407.1619753595909,1138.900329479226,407.7683484902867,1142.5252340758086,408.3993761142328,1146.1377170323794,409.09792927436024,1149.7366379263576,409.8633244155542,1153.3218044569,410.6907848693824,1156.8932679266568,411.5755467657019,1160.4513007320902,412.51288284549474,1163.9963736159398,413.49812004483886,1167.5291333298367,414.5266514604658,1171.0503665568904,415.59399088101526
171,1001.6313971743866,395.6476470877845,1004.8477868485872,393.8609134334222,1008.1342475306589,392.2073354401246,1011.5118851781315,390.7492752446219,1014.9727726432478,389.50183703602727,1018.5089685808758,388.48747021131,1022.0910531112105,387.6472453591258,1025.6959586816984,386.9111616108538,1029.3325209481688,386.3572430511346,1033.0068829096272,386.241394596194,1036.6814570643435,386.4296715858554,1040.3581000812535,386.5731165269145,1044.0266896497676,386.84989798555534,1047.680041115711,387.28601004853874,1051.3175627176058,387.8389047852618,1054.9359137377994,388.50599117980073,1058.53581658069,389.26660703360795,1062.119512959242,390.10038154722474,1065.6895626687137,390.9908583872559,1069.2486923195497,391.9240776294512,1072.7998121521553,392.88736166039877,1076.3463659561776,393.8673440349296,1079.8921502291994,394.8501105738976,1083.4407766317713,395.8225540492579,1086.994867594544,396.7748168846331,1090.5556224818356,397.7018457138572,1094.1230977174548,398.6026675041411,1097.6968652587261,399.4781959455948,1101.2764912217654,400.3294579885989,1104.8614431572996,401.15800911602,1108.4510300773993,401.9662498253094,1112.0444873219458,402.7571103335048,1115.641347188018,403.53235047011646,1119.2415602185429,404.29186387081376,1122.845464170061,405.0336608609826,1126.4536054711482,405.754555933225,1130.0667050650195,406.4501587369564,1133.6856126834168,407.1148589617931,1137.3110599667093,407.7428922366597,1140.9427552639736,408.33375449246535,1144.5763789230682,408.9127085984394,1148.2072166231858,409.5088648792632,1151.8348111442958,410.12445020898394,1155.4591965945283,410.7586583009212,1159.08041942932,411.41068388361265,1162.6985378791082,412.07972300190465,1166.3136213724179,412.76497329778806,1169.9257499614364,413.46563423909873,1173.535013751825,414.1809072987569,1177.141507820171,414.9100182826133
174,1015.6840696670198,386.48601078024546,1019.2774219060401,385.7059650533691,1022.9430941223355,385.4064131377033,1026.618526042526,385.23485593429024,1030.2958898067745,385.12267005247645,1033.9737127746575,385.21819359272496,1037.6444452450771,385.46839573899734,1041.3029591999593,385.8583042011199,1044.9443488794761,386.3848620198923,1048.5651834145851,387.0380730602429,1052.162329465465,387.8112587660937,1055.7345400794652,388.6926465825431,1059.283203185396,389.66467645119235,1062.8124896978125,390.70500136845783,1066.3288522202554,391.78829652045437,1069.8393792858549,392.8903909163177,1073.3500910076448,393.99189689071386,1076.8649019904055,395.08024194675914,1080.385814103571,396.1486757863432,1083.9139492010122,397.19300389676613,1087.4502045221152,398.209486128489,1090.9956052761204,399.19358146079134,1094.551231072912,400.140048524293,1098.1180513186846,401.0433907745563,1101.6967696126658,401.89835863751176,1105.2876456302834,402.7007153691274,1108.8902506445068,403.4486447591276,1112.5036794826503,404.14240751198054,1116.1267204830617,404.7841065167966,1119.757940105655,405.3778147113794,1123.3957164611286,405.9299748203273,1127.0385156569967,406.4480041159634,1130.6850517592354,406.9390696385276,1134.3343070325518,407.4095249930272,1137.985389364851,407.8656007859083,1141.637458743712,408.3137138443029,1145.2896643009656,408.7607170104888,1148.9410748880805,409.2141596493181,1152.5908869053885,409.68028284581914,1156.2386604288586,410.16209854774473,1159.884677698439,410.65704220274387,1163.5303807664684,411.1543008081937,1167.1766190759954,411.64761886722334,1170.8234020167417,412.13689462427857,1174.4707120827002,412.6222253678336,1178.118532084227,413.1037084384384,1181.7668451405348,413.581441224962,1185.4156346721006,414.0555211614802,1189.0648843930355,414.5260457243534,1192.7145788388136,414.99310824108295
175,1019.308945131015,385.1070683444146,1022.9746270510029,384.7914410333778,1026.64985669637,384.62054629471055,1030.328989107264,384.60820843827827,1034.0046432548756,384.76751376212235,1037.6689058660654,385.0984390269737,1041.3175225443006,385.5723271295739,1044.9473330454937,386.1736596977247,1048.5554552483577,386.8939080863895,1052.1400003869314,387.72366338110186,1055.6997497803407,388.65414649593026,1059.2352545445444,389.6729883427125,1062.749428181782,390.76324618432835,1066.2477404207418,391.9034649246124,1069.7378972912331,393.06845783868164,1073.2276673415815,394.2346112462231,1076.7228855737649,395.3843173635257,1080.2263837152416,396.5085263354228,1083.739349173378,397.6027847459454,1087.2624970295617,398.663792520484,1090.796575904177,399.68778790999454,1094.3425009992075,400.66995760701633,1097.9012399472954,401.604607390791,1101.4736116070912,402.4856854012122,1105.0601893078683,403.3069858604822,1108.661233192724,404.06229822786605,1112.2762569628267,404.74756273164337,1115.903852124801,405.3628499964148,1119.5419108878382,405.91296514648593,1123.1881975709553,406.4056866697328,1126.84074308298,406.8497199276873,1130.4979302094446,407.2538164827354,1134.158477108463,407.62630857343623,1137.8213902619698,407.9748067727879,1141.4858279361108,408.30692335225524,1145.1509779316052,408.6311030662995,1148.8159614024635,408.95715516497734,1152.4798692872803,409.29505247828473,1156.1420133296126,409.65154080516055,1159.8019882445549,410.0296414107278,1163.4596503024356,410.42950872250333,1167.1156688509645,410.84416213405564,1170.7706660950994,411.26772742022956,1174.4247778386687,411.6988667951748,1178.0781200405424,412.13648048166795,1181.7308144979527,412.57946938611497,1185.3829878507697,413.0267350278287,1189.0347705894244,413.47717943747455,1192.6862960659098,413.9297050311989,1196.3376995251913,414.3832143216497
176,1024.2821019660078,383.9358701752232,1027.9574704294691,383.78253573389793,1031.6337837515916,383.9148755408435,1035.2995396082708,384.2304285131688,1038.952011018159,384.6729594760571,1042.5800633021959,385.2840294040252,1046.1807622802726,386.04028848749425,1049.753330485686,386.9200538802213,1053.2979263462953,387.9066842734734,1056.8176843750655,388.9787001847676,1060.3171474305316,390.1153212668975,1063.802017374978,391.2959965321141,1067.2782729667392,392.50183147342426,1070.7511252033905,393.71744413526517,1074.2248896168912,394.9304454261212,1077.7034526702148,396.1296045192938,1081.1903620713163,397.304253715716,1084.6886369584058,398.4445844376554,1088.2005198261518,399.5422648765488,1091.727443443626,400.5905894898807,1095.2702147492823,401.5840155966957,1098.829361958123,402.5170413513232,1102.405282384315,403.3835221405223,1105.9978258476065,404.1782438609056,1109.6060224236965,404.8985654934254,1113.2281132736512,405.5454296849357,1116.8620492988448,406.12208965047074,1120.505790884867,406.6332000415862,1124.1574629777203,407.0842398763331,1127.815405872909,407.48130043481876,1131.4782024372157,407.830839072431,1135.1446606438224,408.13968904095543,1138.813771577903,408.41532117901016,1142.484641246454,408.66652148483644,1146.1564754378785,408.90325877439693,1149.8285451510783,409.1363284737063,1153.5001565791836,409.37648687342994,1157.1707434788307,409.6317948418974,1160.8399645229372,409.9060293046869,1164.5077469542016,410.1988844745523,1168.1741923236675,410.5080417659712,1171.83953450243,410.8300272631144,1175.5039676926122,411.16220127645806,1179.167549481352,411.5036392481855,1182.830333142302,411.85353693147,1186.4923775152172,412.21109051378187,1190.153746470996,412.575496652838,1193.8145083782995,412.945952489594,1197.4747355719408,413.3216556404969,1201.1345032383483,413.7018097783061
177,1030.3797991414942,383.56318578864466,1034.0483897321199,383.8414836846525,1037.700627600239,384.2857827091738,1041.3306030301242,384.8856251561122,1044.9340706994265,385.62848246488363,1048.508265081236,386.5015354926059,1052.0521242808388,387.4906933287979,1055.5663650363374,388.5805358731243,1059.0533914830783,389.7546475572526,1062.5171543594224,390.9957957924449,1065.9628980022296,392.2861897825356,1069.3971998475706,393.60677729520967,1072.8281898462262,394.9359588957208,1076.2651384496648,396.24962883410495,1079.716476578772,397.5249566695885,1083.1884599185535,398.742888269179,1086.684812054895,399.8889173549768,1090.20733931913,400.95170806727384,1093.7556904117205,401.9247933120573,1097.327509296602,402.8078844563387,1100.919320602986,403.6058360671563,1104.5278073023374,404.3246871119386,1108.1501300502691,404.97026672983077,1111.7838930601815,405.54804582544705,1115.4269671613908,406.06393225150055,1119.0774724714845,406.52436917083406,1122.7338011110687,406.9360815963357,1126.3946271059642,407.3057384024838,1130.0588638533204,407.63995575516515,1133.7256197024994,407.94534974716805,1137.3941568779208,408.22858751734253,1141.0638501443934,408.4964634220739,1144.7341392798426,408.75606641722305,1148.404487002124,409.0148417505212,1152.074375861109,409.28003264772633,1155.743378589695,409.55719819598335,1159.4112492133647,409.8489590776701,1163.0780921644325,410.1533812768126,1166.744571645077,410.46216119215956,1170.412026682973,410.75906929264283,1174.0818107913506,411.0254715983106,1177.7547121947084,411.24449412881023,1181.4306140162757,411.40534538858265,1185.1085781055856,411.5090241754499,1188.7876558863354,411.5599613831371,1192.4670901379259,411.5626192582779,1196.1462996421578,411.5214715374643,1199.824862822544,411.4409886047788,1203.5025008836174,411.32562676095915,1207.1790593776523,411.1797866279937
178,1034.2359150410844,383.3250764264061,1037.8824656625968,383.81327410089347,1041.5013450768643,384.47637911905633,1045.0867053663724,385.30190807908616,1048.6349309008403,386.2749580340828,1052.1456228971913,387.3759627319001,1055.6211603370464,388.58352795544107,1059.066340555477,389.87529157036556,1062.487966165315,391.2283107247941,1065.89433266564,392.61935975312844,1069.2946485473838,394.02515776867835,1072.6986235846398,395.42205750172843,1076.1156624801235,396.7866395788965,1079.5534500828371,398.0980012068018,1083.0165796318565,399.34083453493815,1086.5066336897657,400.50588872740144,1090.0228560220328,401.58939808407007,1093.5632038043034,402.5912809989325,1097.1253708967365,403.51259673976654,1100.707083063528,404.35475014389925,1104.306139477103,405.11941153271835,1107.920395688823,405.80868797305925,1111.5476378058866,406.42603799330465,1115.1856913340835,406.97615838418415,1118.8326068417232,407.46413960070686,1122.486786340199,407.8944088392374,1126.1468982106126,408.2709396334163,1129.8118346267202,408.59722354012763,1133.480692262901,408.87601681216887,1137.1526651964311,409.1102833937399,1140.8269906809826,409.30427845399595,1144.5029794882744,409.4637871627428,1148.1800853017132,409.595163383019,1151.8579004395554,409.70501095287216,1155.5361224444966,409.80035870257274,1159.2145178103706,409.88881573970707,1162.8928844808497,409.9784480819453,1166.5709781865805,410.0785705098021,1170.2484257004114,410.19996466738957,1173.9246804358208,410.3531646750696,1177.5993277880643,410.54102348432644,1181.2724713304267,410.7564267724458,1184.9451050701778,410.9804241601945,1188.6188410298155,411.18541851652293,1192.2939337315456,411.3644715144806,1195.9701197763507,411.5194882441286,1199.6471723261902,411.6524003658604,1203.3248994600847,411.76514192154787,1207.0031411564482,411.85964786703636,1210.6817664022058,411.93784559496413
179,1040.0763352067488,383.7449832041178,1043.649171705268,384.6230725246552,1047.1816265719756,385.6518658624373,1050.6738382346614,386.8101390334709,1054.1287609265983,388.075472701197,1057.5514853705702,389.4256049947114,1060.9487317716478,390.83871177240474,1064.3283602431584,392.29350863771117,1067.6990007845995,393.7690387656952,1071.0696929847547,395.24445070200926,1074.4495459654104,396.6987244919185,1077.8474148571281,398.11032997003116,1081.270715981842,399.45900661832667,1084.7241659213068,400.72842820758774,1088.2089283751768,401.90913854379534,1091.723824452191,402.9968534547831,1095.2667292364706,403.9895414680375,1098.8352143829445,404.8859315210488,1102.4265880404814,405.6857155785197,1106.0377634552867,406.3907607447094,1109.6654371596987,407.00537848600806,1113.3063708285965,407.53591965086827,1116.9577123758506,407.9894301944191,1120.617081747926,408.37292117773717,1124.2825001656984,408.69360380060124,1127.9523128030503,408.9594672647385,1131.625148478358,409.179829899634,1135.29995431592,409.3646079187299,1138.9759659887445,409.52373110848066,1142.6526433189097,409.66673731360754,1146.3295869131541,409.8027633342237,1150.006487236976,409.93994914167627,1153.6831198500681,410.084118603671,1157.3594011414207,410.2369842603417,1161.0353895071585,410.3967500468531,1164.711229543524,410.55989954333177,1168.3871007210394,410.72234429610546,1172.0631956157354,410.87963201176854,1175.7397224794793,411.02644271060086,1179.4168610276515,411.15697860743774,1183.094759794665,411.2637720799525,1186.7735311119905,411.3338849266022,1190.4528560518993,411.3631696295279,1194.1322896637548,411.3544334400402,1197.8114751420364,411.3106241067582,1201.4901400197905,411.2346942402372,1205.1680890592613,411.1295960426349,1208.8451970067115,410.99827734397076,1212.5214012987628,410.8436788243949,1216.1966937421805,410.6687109014998
180,1046.295411579434,385.3312149628925,1049.7972163823592,386.45991961459777,1053.2537822738007,387.7205470105661,1056.667694115397,389.0926459857014,1060.0446355974236,390.55350456034904,1063.3934137893693,392.0779243445542,1066.7257512601132,393.638019588174,1070.054662778192,395.20542511262056,1073.393226029332,396.75212905463735,1076.753216013654,398.2516421431532,1080.1436419556023,399.6809082037391,1083.570229543655,401.0210638273506,1087.0349921780496,402.25912373235144,1090.5364886054597,403.38911186155195,1094.07087796002,404.41160931304876,1097.6339603517697,405.3291732789451,1101.2217708539135,406.1447464291463,1104.8306461942727,406.86142764321494,1108.4570758674543,407.4832831666525,1112.0976253980746,408.01639596379033,1115.749114285502,408.46867843332546,1119.4087998201383,408.8491306980317,1123.0744663885766,409.1669793580087,1126.7443924144354,409.4312927777623,1130.417309119313,409.65028143478537,1134.0923401745924,409.830440854965,1137.7688756779642,409.9768057279667,1141.4464662853604,410.0937848285974,1145.1247730743346,410.1856178724342,1148.803546016491,410.25645597870204,1152.4826071301097,410.3103914324971,1156.1618355202495,410.3514600863175,1159.8411530740054,410.3836522654336,1163.5205103622875,410.4109874131309,1167.1998708440724,410.4378950559625,1170.8791928178475,410.4695618415854,1174.5584082895873,410.511722193124,1178.2374190510668,410.5689465356648,1181.916126081882,410.6431655540123,1185.5944656703937,410.7338083398176,1189.2724178666126,410.83901993975314,1192.9499498011742,410.9580226015305,1196.6270332085376,411.0901674833732,1200.3036569028545,411.23454446798644,1203.9798191589668,411.3902341607579,1207.6555267336676,411.5563173043174,1211.3307941714927,411.7318749259227,1215.0056431104638,411.91598844392433,1218.6801015886763,412.107739736982,1222.3542030639626,412.30621644894717
181,1049.9677883340248,386.73666131316565,1053.3822335165082,388.1074230462024,1056.7595509743119,389.56741233868104,1060.108020208662,391.0924979131271,1063.4366115806477,392.6605508427539,1066.7545159854315,394.2511204537724,1070.0711346204523,395.84437267176133,1073.396226278725,397.4198414844772,1076.7396346914336,398.95600015639025,1080.1106743790572,400.4304457020156,1083.5170689237032,401.8211413253118,1086.9644164411457,403.1068184881244,1090.4552409010792,404.2691494338644,1093.9880177055124,405.29688964181526,1097.5569343991501,406.19118763316027,1101.1548130974436,406.96091355842725,1104.7749851511917,407.6180301023201,1108.4120967509468,408.1739698190943,1112.0618417020814,408.64000139141643,1115.720824588427,409.0270548021075,1119.386426486889,409.34556137241765,1123.0566591761533,409.6055061426467,1126.7300517333272,409.81631654276356,1130.4055383256677,409.9869332952117,1134.0823661109505,410.12582877766874,1137.7600226536342,410.24083793283967,1141.438153061393,410.3396403530279,1145.116514535644,410.429484990934,1148.7949582151725,410.51591162768256,1152.4734670701118,410.59951434126816,1156.1521043447,410.67723193552615,1159.8309361367894,410.745089282013,1163.5099650066284,410.8012328471833,1167.1891634431613,410.8448610545222,1170.8684914629514,410.8756770629727,1174.5479044920685,410.8936890647379,1178.2273575866966,410.89921511284297,1181.906809626796,410.8929070483552,1185.5862250042776,410.87529786727845,1189.2655737352131,410.84696564485995,1192.9448442057694,410.8097937084452,1196.624044337414,410.76617581438404,1200.3033479718038,410.73356106539677,1203.9827553097498,410.74605151084285,1207.6616418501592,410.80937530973097,1211.339384985034,410.9209199537531,1215.0154650390778,411.0780563274251,1218.6894599352397,411.27814735971157,1222.361039455329,411.51855557674537,1226.0299548512457,411.7967044688799
182,1055.5622909735152,388.94765483840666,1058.84945306278,390.60064427600184,1062.105589916277,392.3140574421065,1065.346851813133,394.0555000481644,1068.5901676454157,395.79310714642713,1071.852002775669,397.4956291986267,1075.1471848343617,399.1325551381891,1078.4870609169923,400.6761001365799,1081.8775644949965,402.1049073586838,1085.3176252748274,403.40986085223904,1088.8028692185765,404.58886379050017,1092.3278868004845,405.6430428505466,1095.8872189624747,406.57487287850546,1099.4751015169288,407.3899853737538,1103.0860339402504,408.0961377224781,1106.7151810303255,408.7018816378504,1110.3585452494117,409.21536191792165,1114.012817574306,409.64451539912847,1117.6753013834862,409.9969168863907,1121.3438218983122,410.279786280125,1125.016635527295,410.5001736258678,1128.6923738629177,410.6649173631874,1132.3699879224441,410.7806794168667,1136.0486999772575,410.8539477929965,1139.727960323184,410.8909686761227,1143.4074047066874,410.8976940182932,1147.0868153120123,410.8798930230221,1150.7660873781274,410.8431137945675,1154.4451942634325,410.79232348727106,1158.1241782963432,410.7332287342967,1161.8031428616434,410.672922622105,1165.4822099025941,410.61929519318915,1169.161427117126,410.5772948859631,1172.8407747364752,410.5489541583779,1176.5202049888521,410.5351151270081,1180.1996595492535,410.53770333145326,1183.8790515405087,410.5591290767884,1187.5582498503293,410.6023959266392,1191.2370667745206,410.67071063611706,1194.915278547869,410.76618004478803,1198.5927171495134,410.88788473867646,1202.2693504672113,411.03194740337943,1205.945221716385,411.19430461369984,1209.6201512181296,411.3767183178225,1213.2940082861496,411.5795966424792,1216.9667523421558,411.8017235968624,1220.638363332743,412.0418603990062,1224.3088393967107,412.2987686087132,1227.978195589215,412.57121063887786,1231.6464612776324,412.8579669456812
183,1060.752411136571,392.15767088490173,1063.9987385515456,393.88964849242745,1067.2419959100632,395.6273758224025,1070.4933231407583,397.3499382395066,1073.7628846529349,399.0375938049631,1077.0594327147417,400.671848787061,1080.3903668610515,402.23474622515835,1083.761885887593,403.7079451323424,1087.1789688450597,405.0719844091806,1090.6449763656444,406.3062495125931,1094.1598481518377,407.39342490930886,1097.7191322804588,408.324983027297,1101.3148811294243,409.1041657264392,1104.9384901272797,409.7416003883247,1108.5824208392978,410.25046876152436,1112.2405954648561,410.64442730871406,1115.9083174556888,410.93680795212504,1119.582055672277,411.1405409448149,1123.2592515782967,411.2679831960102,1126.93813390298,411.33089684417223,1130.617554670699,411.34052127880824,1134.2968504387018,411.3075683202611,1137.9757224985362,411.24232227681546,1141.6541365506685,411.15478276477336,1145.3322337683937,411.0547154512954,1149.0102201011575,410.950627066417,1152.6882641415775,410.8486044617877,1156.3664530317492,410.75195520361325,1160.0448192491283,410.66231666613623,1163.7233776899795,410.58095820529815,1167.4021338859407,410.5091086042891,1171.0810832085563,410.4479583674184,1174.760209792009,410.3986331818695,1178.4394850552058,410.36206510381146,1182.1188706256926,410.33919690546526,1185.798318436509,410.3314328380803,1189.4777601608387,410.341255763538,1193.1570823214095,410.372266186117,1196.8361034882282,410.428492960911,1200.5145856552394,410.5128699242725,1204.1923261566342,410.62504427762224,1207.869182844421,410.76321521969334,1211.545056105826,410.9254792702691,1215.2198840072276,411.10992629382446,1218.893639163239,411.3146461526784,1222.566325718681,411.5377299727561,1226.2379763214733,411.77727106477016,1229.9086490995364,412.03136553362157,1233.5784246513524,412.298112609284,1237.2474018987534,412.57562984639196
184,1063.341943443996,394.1669416819405,1066.5548171113187,395.960219401625,1069.7792031055294,397.73269178992206,1073.0245177562322,399.4665053005954,1076.2996906967207,401.1431681251044,1079.6129575993148,402.7431418237627,1082.9716373100566,404.2453130543612,1086.3812685654304,405.6277781709895,1089.8441147399744,406.87080783348006,1093.3570703109556,407.9641840988499,1096.9135573617198,408.90644666887823,1100.50570134345,409.7021516415218,1104.1259884717006,410.358187980555,1107.76744495194,410.8844200091296,1111.4240475474473,411.2926302925232,1115.0909322190805,411.59520973404915,1118.7643688160379,411.8041259740722,1122.441577713713,411.93089787123085,1126.1205668220712,411.9865943338373,1129.7999884788821,411.98182410003375,1133.479012691279,411.92677702921964,1137.157217972208,411.83128179424494,1140.8344979738804,411.7048965066036,1144.510978908686,411.5569708161947,1148.186932970034,411.39642863980407,1151.8626630194176,411.23082011892234,1155.5384244983318,411.06591184711823,1159.214401961453,410.9059000202075,1162.8907422311538,410.7544691986962,1166.5675605688948,410.61515304183075,1170.2449371526704,410.4914827749154,1173.9229097094158,410.3870840236503,1177.601461866206,410.3057161012661,1181.2805105802404,410.2514184697465,1184.9598852593954,410.22841460735424,1188.639310514115,410.2402683431776,1192.3184431976435,410.2881749918944,1195.996972388183,410.370366392806,1199.6747157074794,410.4824382366047,1203.3516267115222,410.61920469640927,1207.0278948308471,410.7723724912326,1210.7037991652437,410.9340538488479,1214.3793932308192,411.1026441127476,1218.0547006778852,411.2773735008677,1221.7297490128196,411.45747237789044,1225.4045691134218,411.64217126934926,1229.0791947445891,411.83070086462993,1232.7536620746084,412.022292007277,1236.4280091920177,412.21617567473373,1240.1022755725226,412.41158389616567
185,1068.4536708559845,397.8108946331255,1071.5646107993157,399.77565513642776,1074.7125512396633,401.6804296605331,1077.9190166319784,403.4847081904981,1081.200472242204,405.14839376186364,1084.5641065800248,406.63867631540757,1088.0066259077503,407.93632789596575,1091.5162881777112,409.0396931369511,1095.0784570165413,409.9598364120183,1098.6798662527463,410.71222345717274,1102.3096882685506,411.31311803900826,1105.9594038044127,411.7785579392613,1109.6224800959048,412.1238667987196,1113.2940192739234,412.3634770768949,1116.9704422514571,412.5108748100535,1120.6492169398703,412.5786172668222,1124.328632461084,412.57837833091423,1128.0076166925598,412.5211625386297,1131.685591492827,412.4173536835408,1135.3623419972982,412.2765110772888,1139.0379004185745,412.10727877903685,1142.7124681774294,411.91768114494937,1146.3863671949034,411.71549885036336,1150.0600067938324,411.5086416754231,1153.7338352726106,411.30517781857,1157.4082864714107,411.1133296833134,1161.083723085163,410.9414715507363,1164.7603717667707,410.7979898855396,1168.4382020287578,410.68903043697685,1172.11694027014,410.61695486189075,1175.7961984532083,410.57970296133215,1179.4756424491798,410.57295884548284,1183.1550493660316,410.5914341522042,1186.8343091472002,410.62941952213805,1190.5134066958663,410.6808992255401,1194.1923957881188,410.7396844121431,1197.8713709868302,410.7993405158509,1201.5504298654623,410.8535455701502,1205.2296243875098,410.8975304721978,1208.9089304279141,410.93096459663883,1212.5882803099587,410.95928785679655,1216.2675998105335,410.9912788223852,1219.9468684432518,411.02866816359074,1223.626081231592,411.0712017655334,1227.305234265136,411.11862548297546,1230.9843246467242,411.1706851675869,1234.6633504397294,411.22712667616105,1238.3423106153198,411.2876958774347,1242.021204999701,411.352138657576,1245.7000341571377,411.4202043822891
186,1073.2105145085472,401.5051960159272,1076.34265401631,403.43574403127354,1079.543490342349,405.2498840354556,1082.8257867394468,406.9117981242855,1086.1952579764654,408.38871836426944,1089.647113709403,409.6611202488245,1093.1682648132125,410.7270618340188,1096.7429445487096,411.5971180621096,1100.356760253102,412.28722745170046,1103.9979449151872,412.8146805720462,1107.6572656501794,413.19710593427146,1111.3277305025583,413.45192758092844,1115.0042526506297,413.59592303708246,1118.6832988597707,413.6450517863343,1122.3625728922773,413.61453355389,1126.04074474224,413.51868534933385,1129.717190938084,413.3704215345098,1133.391723803869,413.1803865588499,1137.0644070512055,412.95734934589825,1140.7354635142033,412.7089074236773,1144.4052552252695,412.4423939936925,1148.0742425406866,412.1650034427644,1151.7429451174553,411.8838642422102,1155.4119038483564,411.6060950862567,1159.0816419843916,411.3388434689392,1162.7526256838953,411.08932621159175,1166.425220394462,410.8648310273952,1170.0996480612423,410.67276067732615,1173.7759439538713,410.5207429249956,1177.4538603995363,410.41514555794924,1181.1328695957632,410.35942788562,1184.8122972752765,410.3527421355637,1188.4915382612396,410.3909202741241,1192.1701741493916,410.46806421802,1195.8479999429478,410.5773733170968,1199.525011572921,410.7114154381622,1203.2013651665643,410.86250441678277,1206.8773390746044,411.02260353829223,1210.5532823493886,411.18340756672217,1214.2295484065562,411.3366181813149,1217.9064999164323,411.47227584553104,1221.5842463027284,411.58432332015553,1225.262610319642,411.6738636662984,1228.9414232539066,411.7425691842705,1232.6205448372975,411.792114179436,1236.2998609866804,411.82417381161105,1239.9792815192693,411.84042320071694,1243.6587378539132,411.842536761341,1247.338180706783,411.8321877441669,1251.0175776798924,411.8110318269314
187,1076.2150710434682,403.9856204141311,1079.416604242068,405.79807513841183,1082.7145849842475,407.4285763249403,1086.086124159241,408.9015007129829,1089.4982052327712,410.2783286686151,1092.9348279759397,411.59273097746365,1096.430314376304,412.7379714754162,1100.0290717265361,413.4946233937617,1103.6880791619342,413.8697139726562,1107.3650622236703,413.9964794098433,1111.0444186552456,414.0061559153936,1114.7232744780747,413.941997594048,1118.4007235045058,413.8212751201063,1122.0763772523612,413.6544063651923,1125.7501755477217,413.4505978432692,1129.4223260925567,413.2189051365834,1133.0931437404215,412.9669288199489,1136.7629428778084,412.7005079559112,1140.4320119784222,412.4242021078041,1144.1006621857498,412.14238183986294,1147.769244873522,411.85968277856296,1151.438130225216,411.58094499361226,1155.107683183376,411.3111524511572,1158.778245667596,411.05548510725845,1162.4501041523145,410.8191947189282,1166.1234690717665,410.6076631725436,1169.7984462814575,410.4263581127416,1173.4749961025234,410.28048164656803,1177.152938837954,410.1756181623415,1180.831905553906,410.1170622911778,1184.5113259746406,410.10820045001805,1188.1905441425197,410.1480553120268,1191.869024983001,410.2320717408999,1195.546462418523,410.3536293989069,1199.222770371022,410.50567748863557,1202.8980648815925,410.680601885939,1206.5726248631136,410.87038400973023,1210.2468486263074,411.06659111191937,1213.921209933111,411.260195121199,1217.5961743503883,411.44194239221315,1221.272084890057,411.6033481308526,1224.9490599782646,411.7382880112281,1228.62695347168,411.8453107545577,1232.3055294204396,411.92557711230944,1235.9845609144602,411.9812529375216,1239.6638643486585,412.0145218690189,1243.3432960457885,412.0275692406104,1247.0227483739886,412.02258046082915,1250.7021458353913,412.00173984287943,1254.381440998493,411.96721624888033
188,1080.9104609021558,408.10205612123286,1084.1762468002194,409.79592173618704,1087.5414706750553,411.2821603309672,1090.9981876026861,412.540904936915,1094.5320112625575,413.5633994386021,1098.1258151324867,414.34972130147503,1101.762090595155,414.9081137187388,1105.4244530881842,415.25790600076067,1109.0997365631235,415.426480529148,1112.7789445737467,415.44237830748887,1116.4565787722217,415.3313001736751,1120.129643649444,415.1161442028571,1123.7968945239895,414.8174230511012,1127.4582754602015,414.45349908413147,1131.114467159111,414.04053825733035,1134.766562677443,413.59271163633036,1138.415876520029,413.1227065898255,1142.0638978810782,412.6427517694187,1145.7122234566684,412.1651199407414,1149.3624547983634,411.7023117664478,1153.0160722325948,411.2671099652019,1156.6742890497546,410.8725449272619,1160.3379346167637,410.53223887384434,1164.007189580312,410.25920779767387,1167.6813592851697,410.06331914389375,1171.3589112232733,409.9470550701186,1175.0380798199212,409.9053984040471,1178.7174439405937,409.92661583069776,1182.3962692366556,409.99403486167284,1186.0744458454064,410.0909659642531,1189.752134819563,410.2050175419676,1193.4294980155994,410.3291655047723,1197.1066452100788,410.4595669958228,1200.7836623560977,410.59359051169423,1204.4606199039597,410.7292409860665,1208.1375800665703,410.86482044492783,1211.8146076365413,410.99855792179994,1215.4916998053568,411.13050866379655,1219.1687074108322,411.2647822861194,1222.8453218251677,411.4093842209534,1226.521327786172,411.56869682457403,1230.1969805901902,411.73601110214645,1233.872711967111,411.9015894203829,1237.548556152422,412.06464453997154,1241.2244996317343,412.22544591935656,1244.9005293862356,412.38426304301527,1248.5766328334935,412.54136541692924,1252.2527977682303,412.6970225644027,1255.9290123030783,412.85150402246336,1259.6052648273528,413.00507890587386
189,1084.4813672255186,411.22270630359253,1087.8465948973378,412.70851435264916,1091.3178211445747,413.9256013093473,1094.8792252033397,414.84583669930606,1098.5042900857782,415.4709182953851,1102.1643632187959,415.84234901221396,1105.8395570382954,416.01215475830986,1109.5187824626996,416.0289311110681,1113.196844927748,415.93160030508005,1116.8716373265836,415.7476285041309,1120.5422831296073,415.4937898116356,1124.2082670069135,415.17960277461225,1127.869266993414,414.81179421541236,1131.5251048717269,414.39574876229597,1135.1758556061998,413.93715576351684,1138.822141175776,413.44425332093067,1142.465572218083,412.93062429208317,1146.108698100045,412.4148282701881,1149.7544983106454,411.9183613877947,1153.4055365207548,411.4621356044297,1157.0629676084664,411.06048216509805,1160.72640611395,410.71792004572484,1164.3947746552958,410.4329088087654,1168.0669692996737,410.20231953491395,1171.7420684078652,410.02385844459275,1175.4192789417398,409.89605475067066,1179.0978852880119,409.81814670214305,1182.7772088099407,409.7900091474037,1186.4565741614178,409.81196217702757,1190.1353148036521,409.8833150219772,1193.8128539748295,410.00146727689815,1197.4888116541224,410.1615533884231,1201.1630465613387,410.35733286308067,1204.8356454627624,410.5817956821565,1208.5068892500049,410.82748237980263,1212.1772081001918,411.08665374142134,1215.8471261181035,411.3514543107702,1219.5172298918585,411.61366065537806,1223.1881612138927,411.8639721842467,1226.8606110317876,412.0908157170983,1230.5350915159374,412.2817645844932,1234.2119766442597,412.41794477663535,1237.8908983800973,412.476368253762,1241.570243039066,412.45686395491833,1245.2485184602078,412.3656447311449,1248.9245972495405,412.208982561093,1252.5976858480687,411.9931604666521,1256.267290799143,411.72443649537564,1259.9331838703552,411.4090186555979,1263.5953649565736,411.0530268053012
190,1090.4677918783702,414.7923928831253,1094.03503956933,415.69079371518194,1097.6564155828394,416.33827183568826,1101.3110594424177,416.7604552606638,1104.9834488079425,416.98185204828735,1108.6623457000553,417.0233686661058,1112.3394935994497,416.90103942108635,1116.0084719779538,416.6267227567181,1119.6646542422377,416.2151563624814,1123.3061450169594,415.68872798520925,1126.9347725114696,415.0795303531093,1130.555503809639,414.4248066265159,1134.1751065496865,413.76384062738396,1137.7999924539736,413.13260120838703,1141.4336250896154,412.55395603499267,1145.0763881854632,412.0358997331153,1148.7272201317983,411.57813197147436,1152.3848542489607,411.17830211414395,1156.0481106869377,410.8337308491321,1159.715930525581,410.54167038456177,1163.3873759195064,410.299361842875,1167.0616247650255,410.1040632343598,1170.7379636278488,409.9530715775697,1174.4157793158552,409.8437288099676,1178.0945505815685,409.77342450696693,1181.7738401558152,409.7395984919038,1185.4532871013473,409.73974333969505,1189.132599403785,409.7714175066475,1192.8115420255606,409.83250393782447,1196.4899100697305,409.92173838168867,1200.1674949560297,410.03888237849253,1203.8440694779588,410.184314219262,1207.5193842962967,410.3586930097475,1211.1931654552945,410.5628372178352,1214.8651239699377,410.7974869135833,1218.5350629248162,411.0618722853741,1222.2030431439198,411.35221039057524,1225.8695183184343,411.661017051198,1229.5353036161482,411.97793260297016,1233.2014089645722,412.29111223468135,1236.8689585677735,412.58680490725266,1240.5394879843855,412.84258193480497,1244.2131788040506,413.04804609339584,1247.8892116808508,413.20625425592834,1251.5668689323945,413.3207549866273,1255.245559980071,413.3951128743579,1258.9248113579695,413.43289805963667,1262.604256278266,413.43767815799697,1266.283623964106,413.41301237445845,1269.962728671377,413.3624299253561
191,1094.388146153981,417.0490064873778,1098.0202870047217,417.6323926518028,1101.6834605376125,417.97183988952537,1105.3603375652658,418.09726944183814,1109.0389729016615,418.0371043583678,1112.7115837501083,417.81681410479825,1116.3733988824126,417.4587923273763,1120.0217462325977,416.9823713812317,1123.655304620863,416.4036613233346,1127.2737873026251,415.7369865121761,1130.8784076558547,414.99887879696075,1134.4725729330924,414.21130338147043,1138.0616452131949,413.400766107495,1141.6522122395804,412.5968993568996,1145.2511241420536,411.83139237587045,1148.8637046102529,411.1334519728836,1152.4922871379492,410.5243139269119,1156.1360074436568,410.01355725597074,1159.7924696343027,409.6038687979854,1163.4589262408397,409.2962260210242,1167.132514923975,409.0904891575997,1170.8103093463756,408.98324125842595,1174.4896476569736,408.96587677527515,1178.1685562812895,409.02619242618636,1181.8458867569552,409.1502601569594,1185.5212109892122,409.32420789563525,1189.1946743040037,409.5340100213501,1192.8668966868943,409.76463287473655,1196.5388117055395,410.0001260706014,1200.2113312436168,410.2259564941048,1203.8848234480308,410.4353557202255,1207.559108515691,410.6303900796109,1211.2336720130454,410.8201290020129,1214.9079494937662,411.01530342671566,1218.5813401836613,411.22644864272,1222.2532660424697,411.4616528186814,1225.9233834404238,411.72357664239917,1229.591972665761,412.0061547553316,1233.259929947954,412.29685553854,1236.9285795232643,412.578633699057,1240.5992556539352,412.83249977022933,1244.2725546719234,413.04490426338475,1247.9482113328881,413.2116543818999,1251.6255453373144,413.33614733981244,1255.3039836719167,413.4221668108314,1258.9830723921757,413.4735067827172,1262.6624650611973,413.49396308189046,1266.3419109028498,413.48732723373126,1270.021242840801,413.4573824044538,1273.7003651232028,413.4078729509344
192,1099.5463239137548,418.83174358985866,1103.2226411730837,418.96461410808917,1106.900033643572,418.8586877775645,1110.5662631708703,418.5514176755653,1114.2150605105492,418.07930575044287,1117.8447799480662,417.47724887630915,1121.4571463819238,416.7782039072338,1125.056106413288,416.01291019155553,1128.6464334849582,415.2079871161824,1132.2327596728442,414.38538378146,1135.8192888071048,413.56366741655216,1139.4100895782517,412.7608598674678,1143.0089767082977,411.99519399453783,1146.6190547474923,411.2842626985072,1150.2419707527015,410.64205582706626,1153.8777319461826,410.0771500674549,1157.5252978506448,409.594352574991,1161.1831456276727,409.19693412255634,1164.8494903670125,408.88762219726686,1168.522336228366,408.66868544264054,1172.1995003801353,408.5414483394092,1175.8786915064422,408.5051153089337,1179.5577480480054,408.5542455088755,1183.2350286122655,408.67924057623117,1186.9096074279712,408.8679626152605,1190.581209624575,409.10793737421824,1194.2500808322943,409.3867103074173,1197.9169029030788,409.6913467013537,1201.582652731615,410.00866743333626,1205.2483218471473,410.3269230581504,1208.9145256518536,410.63895124002835,1212.5814710553122,410.942139370765,1216.2490775186814,411.2372264725285,1219.91717238512,411.5261830741666,1223.5855506205173,411.8115225238358,1227.2539991432598,412.0959576148546,1230.9223204347766,412.382027960348,1234.590398820264,412.67119594557323,1238.2584807504636,412.96031849815586,1241.9273121886495,413.23972592739585,1245.598017231949,413.4931868889653,1249.2714431215736,413.70330027775697,1252.9474067251615,413.863027172656,1256.6251153097442,413.97576835423394,1260.3038966687054,414.0453832051158,1263.9832147730851,414.07574493538544,1267.6626577903828,414.070729697355,1271.3419256889463,414.034208459595,1275.0208176609908,413.9700413712292,1278.6992185889833,413.8820377225115
193,1104.077659350817,419.8283396845741,1107.7539541510905,419.6937956152236,1111.4144181476377,419.32559339735667,1115.0500194171368,418.76148766110276,1118.658180776405,418.0417504438014,1122.2415220035978,417.20670862773505,1125.8064110477494,416.2958285690854,1129.361486605376,415.3472395062419,1132.9161159149096,414.39697258826516,1136.478103281864,413.4747368806069,1140.0527631360515,412.6030037632408,1143.6431127664391,411.7984380740581,1147.2507206744542,411.07530053137395,1150.8751396577654,410.4418172382535,1154.514275223845,409.8991971973981,1158.1654194488947,409.4442834535175,1161.8261256716144,409.0740522081823,1165.4942129870979,408.78593297260403,1169.167699829296,408.57760549526574,1172.8447814996669,408.4472229852161,1176.5237787241856,408.39309906441434,1180.2031152151656,408.41408431927294,1183.8812845777973,408.5092223903063,1187.5569467823532,408.6751817417605,1191.2292094939648,408.9045765728416,1194.8978268138844,409.1865132302892,1198.5631814862998,409.50822734045164,1202.226053381234,409.85715734338123,1205.8877968171068,410.2177844395096,1209.5500802727688,410.57286585292627,1213.2141540918053,410.9089320543792,1216.880066591416,411.2243263283118,1220.547305536906,411.52393234362785,1224.2152738485393,411.81448944000874,1227.883467980239,412.10218659796965,1231.5513789303482,412.393465535782,1235.2186497054138,412.6926921986836,1238.8853964296163,412.9982833331932,1242.5526275392015,413.2979820882357,1246.2214754663648,413.5770958333944,1249.893579802904,413.8087549521244,1253.5696355932894,413.96604196305043,1257.2466840452444,414.09919607381687,1260.923416913138,414.24077456801297,1264.5996828536918,414.39398343896005,1268.2753308379379,414.5613460074572,1271.9501803536775,414.74539058686145,1275.6240160309142,414.9486508628008,1279.2965822276863,415.17366577642287,1282.9675743847224,415.4230245483875
194,1108.5129282835417,420.0682955880241,1112.1638629210163,419.6138288173563,1115.789549127055,418.9889329243695,1119.3843425818004,418.2054046708158,1122.9460417089956,417.2827048901645,1126.4791288991023,416.2555351861379,1129.9940800753038,415.16768876513447,1133.504600558242,414.06557488060344,1137.024262305883,412.99311465608685,1140.5641672450952,411.9897068278119,1144.1300551483332,411.08313705668604,1147.7222321899098,410.2871485773271,1151.337409681104,409.60314881792317,1154.9716695150678,409.0290580165831,1158.6213653621876,408.5630417168241,1162.2831674303332,408.2043303868156,1165.9538381473508,407.95197264491907,1169.6301228979187,407.8018478532882,1173.3090760913778,407.7465916130145,1176.9883380991566,407.77679538102444,1180.6661966820334,407.88332606605934,1184.3414761522533,408.0576928770645,1188.0134158707424,408.2922382031578,1191.6815630128867,408.5801725156715,1195.3457153067789,408.9152039740385,1199.0059482601212,409.29070237897423,1202.6626303922367,409.69938609748493,1206.3164171258322,410.13323393883695,1209.9682230720603,410.5834777139865,1213.619168279953,411.04066098079744,1217.2704818011268,411.4948879037532,1220.9233737864322,411.936217194041,1224.578922152547,412.35493098950394,1228.2380295648052,412.74124008466435,1231.9012957591437,413.0858058197665,1235.5688274048155,413.381460853971,1239.2401704533738,413.6252497485312,1242.9145505550405,413.8179846173669,1246.5911218877675,413.96314571144336,1250.2691425707014,414.06535675149524,1253.9480244460574,414.12973626208026,1257.6273254671685,414.1629401303027,1261.3067664588827,414.1726894254817,1264.986206605028,414.16229121295254,1268.6655521013113,414.13381698040047,1272.344739676861,414.089338973673,1276.0237330925136,414.0309292424585,1279.702519628401,413.9606590038982,1283.3811065707873,413.88059828453623,1287.0595175323267,413.79280877827017
195,1114.2748576667232,419.68089381942775,1117.8471171336698,418.800149165313,1121.3877077356092,417.7992941224821,1124.9033422066504,416.713788834096,1128.4029473028259,415.5775348043551,1131.8965307120752,414.4228526493115,1135.394299771038,413.2809436058402,1138.905790499612,412.1820586310126,1142.4388991333003,411.1549668496209,1145.9987425618276,410.2249682646969,1149.5872210851246,409.4126525392871,1153.2030746414162,408.7326333407531,1156.8424151926586,408.1923068763127,1160.4997840139881,407.79169977114475,1164.1693724167412,407.5249462662309,1167.845900091315,407.3820595724307,1171.5251033545808,407.3511167147137,1175.2038070824472,407.420536513801,1178.8797565881514,407.5793766618407,1182.551451407261,407.81732791409206,1186.2179990938448,408.1247336501081,1189.8789890914156,408.4925777620069,1193.5344327410448,408.9120584945068,1197.1847997510347,409.3737146276678,1200.8311927639688,409.8658404170789,1204.475372398603,410.3741381039817,1208.1195875946441,410.88217963565444,1211.7662303324319,411.37244156610075,1215.4172876044966,411.828572594653,1219.0737980694732,412.2386183681879,1222.7355648941877,412.59874984961897,1226.4016698342775,412.91159581765334,1230.072444425446,413.16348051472744,1233.7470595300595,413.35148277371155,1237.4239614964072,413.4880234420334,1241.1021012380104,413.5861145733152,1244.7808387184718,413.6587698304065,1248.4598043749968,413.7189902251185,1252.1387606726787,413.77976984577737,1255.8175277794865,413.85106398891014,1259.4962746978717,413.9234318138236,1263.1747395821878,414.0084004937848,1266.851879499098,414.13826127247114,1270.527056525395,414.3152414410247,1274.1998728149865,414.53590684333585,1277.8700529526288,414.79681515312814,1281.5374341183324,415.09452559791436,1285.2019559897155,415.4256061838731,1288.8636505567877,415.78663888737685,1292.5226284299517,416.17425579783475
196,1119.5729932623296,418.491428303736,1123.0706772232559,417.3496013398292,1126.5415179875986,416.12839951706593,1129.9970705723492,414.86446945472676,1133.4508847197164,413.595783039051,1136.9163603409827,412.3593933206584,1140.4049551423345,411.18999482380593,1143.9248312174352,410.11865742365626,1147.4798829948297,409.17076717040806,1151.065994096769,408.3479462457624,1154.6814737547268,407.66684013203576,1158.3261040834348,407.16273036110886,1161.9571945569342,406.5710419350978,1165.6076730353905,406.145732640642,1169.280491725463,406.34044628646984,1172.9552570102496,406.51609859081566,1176.631422539705,406.6657272016437,1180.2990087008097,406.95949917879085,1183.9599773889493,407.32746090985415,1187.6136233565774,407.762107004389,1191.2600697507285,408.2536985153527,1194.900920660015,408.78523028790784,1198.5375859561404,409.3447333230279,1202.1719050292886,409.9193083502077,1205.8058784381717,410.49606958789997,1209.4414950303217,411.06236091323393,1213.080638416464,411.6054816947448,1216.7249244250147,412.11287681254237,1220.3755688180859,412.572189593495,1224.03323220193,412.97164166127266,1227.69784823452,413.30112266257584,1231.3684677298259,413.55505329709064,1235.043541206239,413.73339625211395,1238.7213688131926,413.8412753266506,1242.4005049754674,413.88715849683155,1246.0799336836842,413.8808311194203,1249.7590658438871,413.83289773523325,1253.4376951831875,413.75505687722574,1257.1159489608024,413.6609305987019,1260.794148902157,413.5646999500908,1264.4727808661603,413.48732527513636,1268.152072150041,413.45533114696445,1271.8314666465114,413.47233669216325,1275.510366298452,413.53521735963045,1279.188290193216,413.64083207288894,1282.8648668164028,413.78603323739344,1286.5398258803898,413.9676748543422,1290.2129899108838,414.18261880212236,1293.8842657398802,414.4277394329032,1297.553635942114,414.69992857303686
197,1123.3905511003686,415.14922975535427,1126.8777432798427,413.97544121962517,1130.3787419791486,412.84352648243316,1133.895767159355,411.7624741984292,1137.4307508706918,410.7417250700815,1140.9852507247474,409.7912269154433,1144.560344307467,408.92147080853067,1148.156503161493,408.14349935999945,1151.7734469137295,407.4688756562655,1155.4099813536113,406.9095990840192,1159.063829004971,406.4779530589648,1162.7314670337491,406.18627071162683,1166.407994537247,406.0466094111275,1170.0870837285877,406.06920700017804,1173.7625028218815,406.2377521599986,1177.4310682804257,406.5190483787721,1181.090559639078,406.9008786471835,1184.7400733486493,407.36881305082267,1188.380022464837,407.90627819343626,1192.0116770429927,408.49731722858974,1195.6370497261914,409.12582102489625,1199.2586595872285,409.7757013450382,1202.8793378216858,410.43076309593425,1206.5020383414178,411.07452204769925,1210.1296212707036,411.6901068188224,1213.7646839596619,412.25973840117723,1217.4091198751885,412.76577296377445,1221.0635281719415,413.1937405175732,1224.7266550571985,413.5392190888493,1228.3963603293535,413.8060921517615,1232.0705124379208,414.0027228690711,1235.747448989725,414.1379855134281,1239.425887938971,414.22373343510174,1243.1049980596279,414.2737260465256,1246.7843539009727,414.30074409932274,1250.4637924852454,414.3124291415273,1254.1432503408944,414.3131107098797,1257.8227024027706,414.30620087806807,1261.5021464699314,414.2957545554181,1265.181594131775,414.28673304460733,1268.8610513802662,414.28477212437497,1272.5404869242184,414.2967992977269,1276.219795935925,414.3294592156989,1279.8988876468284,414.3812066838556,1283.577734934711,414.4481838191916,1287.2563585532882,414.5265343749735,1290.9348150034132,414.6124032427676,1294.6131844374386,414.70193510853954,1298.2915585808878,414.79127258662095,1301.9700288468155,414.87654505835815
198,1128.386408735597,414.9071744849538,1131.7414214248038,413.39646503548175,1135.1228932652211,411.9462216312782,1138.5349265692846,410.56915975083206,1141.977310452299,409.2713692169148,1145.538617593612,408.358044527541,1149.169891444134,407.76591174818327,1152.7904145350547,407.1141109431903,1156.3552501739123,406.203673856601,1159.987532185438,405.6500198014138,1163.665094679873,405.5440711154374,1167.344356402261,405.51631454457595,1171.021723845018,405.6308165693092,1174.691959071914,405.8887635705277,1178.351421263582,406.27010913247557,1181.99567144914,406.7767110558251,1185.6226392643312,407.39529196585255,1189.233508014749,408.102100051393,1192.8334578927754,408.8628131943716,1196.4309944480403,409.6349131644952,1200.0345215544587,410.3784481759599,1203.6477775593937,411.07311266071616,1207.2709752618484,411.713903112012,1210.9032056855565,412.30133737841425,1214.5437708202119,412.8346774791137,1218.1920647111888,413.31227635834136,1221.8474779045746,413.7318945163891,1225.5093861389441,414.09038018946285,1229.1771804197751,414.38245653212454,1232.8498839789218,414.6043810977305,1236.5262141158087,414.7546696294179,1240.204781798502,414.8330779215333,1243.8841779445754,414.8438911001008,1247.5632050601673,414.7905724048886,1251.2408827865645,414.6771475890715,1254.9168280606345,414.5168326137143,1258.5907560023359,414.3154903433357,1262.262590560745,414.078895055168,1265.9327494958588,413.8175280898461,1269.60143418062,413.53620556262166,1273.2687220605765,413.23721734288154,1276.9346614842284,412.92211959497325,1280.5993202484763,412.59245567828594,1284.2627845061634,412.2497676201347,1287.9251567887652,411.8955958253249,1291.58655403784,411.5314789306177,1295.2471056473657,411.1589537866222,1298.9069515178758,410.77955554972317,1302.566240122488,410.39481786672883,1306.2251262539075,410.00627003408556
199,1133.9354444368666,411.8964364788655,1137.3374477172204,410.4951421298669,1140.7844431961998,409.20850729561795,1144.2718062850734,408.0357941777821,1147.812571833276,407.03719757274774,1151.386161296294,406.1610088666445,1154.941259732902,405.21260367795594,1158.5390862254585,404.4498191582272,1162.2066149708958,404.2401494393874,1165.871299474174,404.5638546744422,1169.5435611465282,404.78795744616764,1173.2118259971155,405.0660081217322,1176.8586832853186,405.552874802662,1180.4888973409543,406.1521279320929,1184.1010576840981,406.85208969001894,1187.6971456458555,407.63069738482227,1191.2818622260781,408.46020747022106,1194.8598598276453,409.31830154693233,1198.4366661461568,410.1813598006547,1202.017912847794,411.02575843582855,1205.6088373077916,411.8278967318685,1209.2136771735143,412.5648230166891,1212.8347118011695,413.21735769089275,1216.4718916503023,413.7727624442339,1220.1233092991224,414.2251719123814,1223.785983572611,414.57502291055715,1227.4566719575341,414.8274804014836,1231.1324672756818,414.9897592294566,1234.810984135766,415.06997597779485,1238.4903836892747,415.0768556663873,1242.1693551415913,415.0194602447601,1245.8470679507332,414.90704199493797,1249.5231111404194,414.7489711528232,1253.1974264223181,414.5546945627219,1256.8702351692007,414.3336658346489,1260.541964221628,414.09531645248785,1264.2131705921026,413.8490225632329,1267.8844717052527,413.6041499433118,1271.5565332641129,413.371003203256,1275.2299501217703,413.16037958143176,1278.905212805403,412.9851865503112,1282.582704322059,412.866325029992,1286.261705372426,412.8110252849907,1289.941125977036,412.8149708540192,1293.6200879566777,412.87355193570744,1297.2979187897763,412.9821396646205,1300.9741341839297,413.136106084884,1304.648419837885,413.33083910427524,1308.3206129110433,413.56175289812785,1311.9906834130263,413.8242977755178
200,1138.4371941973786,408.84231010932456,1141.8941103202062,407.58327466292735,1145.4124458366484,406.50783000908143,1148.9834601773775,405.6229535981903,1152.5975322786292,404.934847376604,1156.244559383458,404.4511412340726,1159.9135552609234,404.18107609372936,1163.5921446343373,404.1323023283255,1167.2672281116954,404.3010901749361,1170.9279541155563,404.66808848985465,1174.567975490646,405.20354941696024,1178.1855014660705,405.8748935052254,1181.7822046317392,406.6504357176282,1185.3621507128155,407.50019627238754,1188.9309774202136,408.395631950879,1192.4952566017346,409.3090481456588,1196.061745216603,410.21377793213145,1199.636103062484,411.0868376191572,1203.2224082568757,411.9093525812255,1206.823386600511,412.6649329877837,1210.440158567911,413.34077718476584,1214.0719276171085,413.9307335500324,1217.7165219130884,414.4354693772781,1221.3716136126222,414.85757840751415,1225.0349863130623,415.20054256086814,1228.7046160480618,415.46849561833915,1232.378718225878,415.66599931655844,1236.0557849929114,415.79737335339695,1239.7345633653015,415.86590269726815,1243.4139737161129,415.87366943969465,1247.0930308313254,415.8219557755219,1250.7708360218257,415.71282418609036,1254.4466931439392,415.5506903471756,1258.1202186602156,415.34217629251947,1261.791348275581,415.0949386216448,1265.4603257865058,414.81751065213587,1269.127503046102,414.51718478429393,1272.7934431560316,414.20207278518455,1276.4592005425231,413.88483406776555,1280.1242690685456,413.559754017263,1283.7906433557941,413.2500845357278,1287.4613973478051,412.99734813886886,1291.1314679944826,412.73495839765934,1294.7982418304127,412.4299192466837,1298.4615951209594,412.0861888537001,1302.121583591077,411.7082765944587,1305.7783884398043,411.3006816969965,1309.4322991735926,410.8678880574116,1313.083696621984,410.414361861315,1316.7330358738263,409.94454873984034
201,1143.3032707848918,405.9854864982199,1146.88341538614,405.13960003857557,1150.5121199592788,404.5342387203881,1154.1707411707464,404.14785157714755,1157.8450430128123,403.9609330461402,1161.524158235607,403.95650329554394,1165.1996944284392,404.1199275505054,1168.865028586321,404.43909703531756,1172.5146332255667,404.905032892895,1176.1439344037676,405.50926299206213,1179.750088390205,406.23927810862654,1183.3339018214965,407.0723455679927,1186.8997048988067,407.979630164418,1190.4543433786278,408.92983867816815,1194.0058315510487,409.8917882616494,1197.562492521147,410.8343782219698,1201.1310862512935,411.7306279616329,1204.7156290459732,412.56069679785094,1208.317233744139,413.3132168066006,1211.9355708677467,413.98059623566235,1215.5691651294867,414.55916580896877,1219.2156798612982,415.04981058665834,1222.8724191711146,415.4574114049375,1226.5370274476882,415.786939218458,1230.2075319595606,416.04264957184074,1233.8822487222344,416.22837589035277,1237.559714012549,416.34806795332526,1241.2387038531574,416.4039569265034,1244.9181236426164,416.3993564343061,1248.5970533264644,416.3391533974655,1252.2744528303201,416.21738387042956,1255.949992775868,416.04785479970644,1259.6231808079046,415.8341079007995,1263.2904340518298,415.53534123286363,1266.9573021634476,415.23152959939875,1270.6261312941806,414.952079286585,1274.2924181947478,414.6412214885664,1277.9553453257467,414.2929735820469,1281.614862909131,413.91053301327537,1285.2710108548001,413.49709831529964,1288.9239101135602,413.0558640147103,1292.5737539813006,412.59001702330227,1296.2207994402277,412.1027343593997,1299.8653585968054,411.5971820403399,1303.507790251845,411.07651498642264,1307.1484916178388,410.54387777827685,1310.7878901814809,410.0024061129405,1314.42643569575,409.45522880795056,1318.0645922751862,408.905470206749,1321.7028313504188,408.35625808595665
203,1153.4168472282647,403.1654488048309,1157.0958438981515,403.1799020667527,1160.7693449237622,403.3827796024393,1164.4295651507132,403.7556916779163,1168.0712455267362,404.2799876842059,1171.691239740818,404.93781497215645,1175.2882629162484,405.71167307372434,1178.862872453567,406.58339947557954,1182.4175591314138,407.5332487407288,1185.956418362597,408.5405703806055,1189.4847254438278,409.5843168716233,1193.0084906031461,410.6433232325607,1196.534099878561,411.69616262385443,1200.067900876815,412.7211179536313,1203.6158177566983,413.69598680145157,1207.1829138599342,414.59799991213737,1210.7724748571343,415.4057946316751,1214.385187352743,416.10261551671994,1218.0191073979552,416.6786113731531,1221.6704264726727,417.1314167445379,1225.3346272711515,417.4644681765791,1229.0073329089162,417.68513666179126,1232.6848014004422,417.80281820228134,1236.3640935693154,417.8267857855497,1240.0429798267332,417.76607937342214,1243.7198453510982,417.6294913166135,1247.3936022971634,417.4255331935408,1251.0636146701897,417.1625161406422,1254.729641718842,416.84869559661405,1258.3917956421042,416.4924292125655,1262.050495293094,416.1022231514079,1265.706333634796,415.68602283234816,1269.3599330609609,415.2505841523939,1273.011856890717,414.8012968620439,1276.6626075080046,414.34256664586786,1280.3127262084342,413.8788310274333,1283.962729498791,413.41418727518885,1287.6130632700667,412.9521486573873,1291.2641609863542,412.49619003169016,1294.9164387821727,412.04978868049056,1298.5702854460997,411.6164247733437,1302.2259508168052,411.19868345124564,1305.8833536208663,410.79643537799035,1309.542359573094,410.40903916543806,1313.2028422324702,410.03585206059915,1316.864682685931,409.6762302186403,1320.5277692232303,409.32952892512935,1324.1919970065958,408.9951027916196,1327.8572677361103,408.67230592567967,1331.523490684859,408.3605083646739
204,1159.525495075277,402.6486336700862,1163.1787275718432,403.0843894139924,1166.8089368411793,403.68270623507374,1170.4117481684218,404.4286741519865,1173.9841214062121,405.3090932624832,1177.524433801452,406.3108235509685,1181.033991788498,407.4156548328282,1184.5188822256969,408.5961834795784,1187.990627511099,409.81494192434036,1191.4639039885778,411.0293168207741,1194.9524349267085,412.1990172766616,1198.4658223211504,413.29163528075946,1202.00831435684,414.2856990141809,1205.5804194908653,415.1673311851869,1209.1800832414801,415.928611802295,1212.8032791415617,416.5686793365286,1216.4447899553047,417.09481211548376,1220.0998480288476,417.516895484585,1223.7645885896513,417.84465563197125,1227.4360256205882,418.0863220136958,1231.1118676429621,418.24788984279775,1234.7902834171964,418.33278177582963,1238.4696670483036,418.34276073442885,1242.1485092028995,418.2787777893516,1245.8253574285395,418.14175257451706,1249.498894414771,417.9340246896842,1253.1680712079333,417.65975533291675,1256.8322145358015,417.32479448711626,1260.4910446437264,416.935987303504,1264.1446933952702,416.50110550351076,1267.7937014669944,416.0288045175643,1271.4390110958936,415.5287113629395,1275.081964674489,415.01170489520285,1278.7238063126774,414.48691354410784,1282.3659836240647,413.9644638142784,1286.0104224026122,413.4580511826107,1289.6571597355212,412.96845252565856,1293.3055436609577,412.491269209155,1296.9549659435345,412.0220868432688,1300.6053438906117,411.560419660361,1304.2600184484472,411.1343601076073,1307.920843130526,410.764871398106,1311.5866982113596,410.44911188550634,1315.256484094652,410.18283300404613,1318.929274603353,409.96175609407345,1322.604303057413,409.78158926223097,1326.2809474330845,409.638040311799,1329.9587150104373,409.52682609368986,1333.6372268198797,409.4436786702236,1337.3162023304872,409.3843647461997
205,1165.6565565732687,403.2265722727964,1169.2356754193272,404.07851713903267,1172.7745433202665,405.08505614655405,1176.2761189830348,406.2148063697262,1179.7467363891858,407.4365643433644,1183.1955791828896,408.7186398813178,1186.6340764590113,410.0282741935253,1190.0750111005173,411.33147555163293,1193.5308279625829,412.5945852368312,1197.0124152141439,413.7846425556352,1200.5277344509016,414.87078907513774,1204.0800386756546,415.82886273144067,1207.6667900661398,416.64859132571905,1211.2819725612803,417.33226108410145,1214.9187937525767,417.88967902643907,1218.5715822146692,418.3307195531425,1222.2357471537243,418.6645421131599,1225.9075926908938,418.8995432174862,1229.5841549205988,419.0433365999615,1233.263059729419,419.10281946134853,1236.9424090513378,419.0842751706914,1240.6206923012376,418.99343452731244,1244.2967141827792,418.83551757861517,1247.9695369229598,418.61530337642137,1251.638432800493,418.33716103614165,1255.3028533161093,418.00517018474056,1258.9624296306808,417.62342291738867,1262.6170065574813,417.19641881462223,1266.2666932992704,416.729417485843,1269.9118720302592,416.22840909700494,1273.5531186236485,415.6995502205224,1277.191514798115,415.1513955177961,1280.8277440364702,414.5890481262562,1284.4623764691323,414.0164569521676,1288.1003341396056,413.4654388145692,1291.7314490170158,412.87188025007237,1295.3499773486342,412.20512820422255,1298.9865047957544,411.64633211989235,1302.6382409123855,411.1959572003137,1306.2935090811661,410.77474910008596,1309.947377523428,410.3415633580276,1313.605612018171,409.9472885265671,1317.2695584819767,409.61015125802874,1320.9380178342158,409.3262367365287,1324.6099549890903,409.09147623653274,1328.2845000160999,408.9017805861506,1331.960934984343,408.7530551479688,1335.6386800949456,408.64121120669716,1339.3172794554334,408.5621740928222,1342.9963871258647,408.51192172865325
206,1170.0148769196248,404.164389770265,1173.4875557199277,405.38002463443996,1176.925446862193,406.69102956958216,1180.3389030231265,408.0645400784207,1183.7403710054816,409.46754253498824,1187.143407689736,410.86672683880465,1190.5616370685282,412.2282847307947,1194.0075465286727,413.51800648839475,1197.4905703912812,414.703621543348,1201.0150062779426,415.75958624646626,1204.5788061745818,416.6738745679747,1208.1760806021484,417.4461294840156,1211.799756222537,418.08326113440273,1215.4435111166551,418.5933626742488,1219.1019532284113,418.9846772483668,1222.7705707264624,419.26524965110815,1226.4456338856412,419.4427791468432,1230.1240881790386,419.52459684757156,1233.8034588880184,419.51759626407824,1237.4817622614814,419.428233347568,1241.1574282133363,419.26254151671526,1244.8292335603726,419.02614737914746,1248.496242556799,418.72426193489036,1252.1577609999563,418.3617446687136,1255.8132968118161,417.94313582716006,1259.4625065107036,417.4725210068951,1263.1052915432726,416.95447982023217,1266.742103181538,416.3959863595981,1270.374406409884,415.8088297400279,1274.0047544030012,415.2096717840192,1277.6363391455816,414.6180786560152,1281.2724275250594,414.054916806035,1284.9155618384968,413.5394050159538,1288.5656205474813,413.0754103907912,1292.2201284807936,412.6476844773163,1295.8756922404389,412.2290304843765,1299.5304078083739,411.8030490799065,1303.183868956318,411.3664339149925,1306.836567789375,410.9234800402451,1310.4891844259694,410.4798480166036,1314.142270402962,410.0401017629928,1317.7968538852945,409.61300874107565,1321.453796122189,409.20661690420957,1325.1129674946353,408.82080681666906,1328.7741436770843,408.45450498408434,1332.43711757621,408.10663488407715,1336.1016984387625,407.77611768497115,1339.7677109379474,407.4618728740762,1343.434994241898,407.1628187902671,1347.103402912967,406.8778972056759
207,1175.2169450222013,406.5857014250637,1178.612395750454,408.003111574303,1181.9918257886782,409.45838527165967,1185.3684271852596,410.9202237912131,1188.7553376857113,412.3579663538008,1192.1648941992828,413.74103239465404,1195.607848264404,415.03854000625813,1199.0922510916012,416.2199860216327,1202.6207002372125,417.26234292796363,1206.1901836210118,418.15408730690916,1209.7938567283206,418.8957687608342,1213.4242232058245,419.4934263895889,1217.0745007596756,419.9543084805796,1220.7388312707924,420.28564924831926,1224.412187630646,420.4947263313662,1228.0902992759168,420.58906990120295,1231.7696147069614,420.5760233169019,1235.4472045821035,420.46217731106844,1239.1206013326685,420.25276021903403,1242.7876223974854,419.9515933637116,1246.4461854159124,419.5608560275564,1250.0944272556387,419.0831895729564,1253.7315747519563,418.5271771326522,1257.3591994737615,417.91189695583705,1260.9815526531283,417.2661730389479,1264.6048093868974,416.6255636444694,1268.2349464851166,416.0253366891987,1271.8743039183705,415.4838841870047,1275.5215947748986,414.9985998927002,1279.1735755597133,414.5498257268131,1282.8273730242872,414.11602863475537,1286.4804461881006,413.67619674974145,1290.1308561776782,413.21481488894153,1293.7779771294083,412.72811143787885,1297.42263820089,412.2232836791202,1301.0670302159447,411.7165116536828,1304.7135299186364,411.22516165871275,1308.363017296038,410.7565413157975,1312.0160460798882,410.31640887739087,1315.6730365012436,409.9105467392013,1319.3342473706198,409.5447604809348,1322.9996879394344,409.22415674375446,1326.668762705663,408.948194201925,1330.3407195268599,408.7136294021885,1334.0149156035493,408.5171821278879,1337.6908108520129,408.3555608192869,1341.3679593193738,408.22546998767365,1345.0460003092442,408.12361584904716,1348.724649356787,408.0467103441222,1352.4036895856418,407.99150644794855
209,1183.8106412053123,412.0928701032038,1187.1044596743602,413.73234715039365,1190.4596223995136,415.2420517926265,1193.881746332216,416.59286992012665,1197.3686761075057,417.76617862678216,1200.912182542931,418.755646054453,1204.5007334503957,419.5668857536689,1208.123272086567,420.2098372540386,1211.770194702117,420.69612512801444,1215.4335158061456,421.0380520792413,1219.1067971431519,421.2480933671478,1222.7850042455657,421.3383324240629,1226.4643006707968,421.3202552411861,1230.141846347152,421.2046202906645,1233.815608314713,421.0013385074211,1237.4841947095674,420.719494557333,1241.1467199670715,420.3674128391771,1244.8026896600845,419.9526697030938,1248.451905383096,419.4821239856059,1252.0945202121495,418.96288854938496,1255.7311625872844,418.4032958539825,1259.363031167055,417.8134679848781,1262.9917852356562,417.20474241377406,1266.6191577384216,416.58782617841,1270.2467308006483,415.97209156679065,1273.8758709247597,415.3656719459294,1277.5078744558448,414.7766653317258,1281.1440476804003,414.2140106599961,1284.7854892947762,413.68656943204223,1288.4326182310756,413.20002272754823,1292.0845427208499,412.75083150271286,1295.739595574548,412.3277737373673,1299.3958844756928,411.9155017655011,1303.0517834990019,411.49979374383537,1306.7062581097427,411.0717585083084,1310.3590440086841,410.6295365149475,1314.010676423965,410.1778777403742,1317.6621085500244,409.72460015472143,1321.3144833057931,409.27899584884983,1324.968928087695,408.850731130579,1328.6266324475957,408.45136410337955,1332.2893931610467,408.10162881106476,1335.9572453181802,407.81005877302755,1339.6290441372473,407.57324559650704,1343.3037803784457,407.3874154647608,1346.9806031396577,407.24876664209035,1350.6588089349616,407.1534849411308,1354.3378299479984,407.097755964255,1358.0172218030762,407.0777743558682,1361.6966509724723,407.0897825635712
210,1188.7778919037858,415.40696804772233,1192.1375423432423,416.9067078555765,1195.5604314607767,418.2557012561203,1199.046016594034,419.4330192293574,1202.5905650680277,420.4184127291042,1206.1857519947125,421.19904445718254,1209.8192654989905,421.7758352456336,1213.4778595065388,422.16368549449817,1217.1505454447424,422.3820934387199,1220.829145248565,422.4505727529508,1224.5078800172346,422.3868181897583,1228.1828027202425,422.206849087831,1231.8513614527237,421.92515870913763,1235.512062421706,421.55486046382305,1239.164212987052,421.10787810540296,1242.8077446947325,420.5952478417961,1246.4431361872807,420.0276746877062,1250.0713814872142,419.4160139593152,1253.6939560811154,418.7715698870324,1257.3125579129853,418.10515060720155,1260.928909897976,417.426614521114,1264.544665130448,416.7449021286604,1268.16145339667,416.0686978225664,1271.7808383928289,415.4065485499115,1275.4042183430447,414.7666440685824,1279.0326089969474,414.15581044473356,1282.666190345328,413.5766565992161,1286.3043948699706,413.0272733446316,1289.946284796208,412.5028555790104,1293.590927081058,411.9979026593617,1297.2374296045798,411.5065497340936,1300.8850004709634,411.0231841937094,1304.5331436228146,410.5441560417732,1308.1819984713002,410.0705836342566,1311.832494221535,409.60985413219066,1315.4859673226101,409.1734227345088,1319.143700927179,408.7743690093272,1322.8064883561321,408.42485980053067,1326.4743850185823,408.13394325862083,1330.146765145271,407.90656666371945,1333.8226036377566,407.7445046763303,1337.5008032335072,407.6502592092566,1341.1801088210987,407.6220579378517,1344.8593816132277,407.65502084398577,1348.5377282554707,407.74416590330907,1352.2144837847877,407.8844926114121,1355.8891911019161,408.07100454505473,1359.5615795728734,408.29872593201424,1363.231543385499,408.5627128302611,1366.8991163176586,408.8581051179095
211,1194.322038140345,418.78202385335504,1197.7662956381403,420.0749023630718,1201.284460912355,421.1501821264539,1204.865768328145,421.99146261586253,1208.4945681994514,422.596200143207,1212.1535707613784,422.9788099644362,1215.828025188508,423.16319577217354,1219.5071790760076,423.1758833705923,1223.1839674022406,423.0412526189436,1226.854097576234,422.78148965275284,1230.5153034311231,422.41648961745386,1234.166764386581,421.9640229856776,1237.8086747777404,421.44003625241766,1241.4419316388621,420.85895995797546,1245.067909155431,420.23399212467575,1248.6883435438472,419.577624284904,1252.3052651277355,418.9021388369335,1255.920603631551,418.21822066767515,1259.535831442527,417.53371703813997,1263.151927058025,416.8538154042306,1266.7697291159477,416.18305867027635,1270.390185939754,415.52679315844676,1274.0142562647031,414.89080045715957,1277.6429018643596,414.2814825895963,1281.2773009725004,413.7075211164666,1284.9178698864998,413.1741070803685,1288.5638022290423,412.67862177515406,1292.213220623244,412.2094410117529,1295.8642836222693,411.75320329642454,1299.515729335602,411.3000345289627,1303.167113819227,410.8463726844175,1306.8188716457787,410.39572882011856,1310.4716823108226,409.953709752796,1314.126145705815,409.5255820177359,1317.782715382794,409.1158499194467,1321.4417904746083,408.7291546899577,1325.1037326056214,408.3706605959362,1328.7688700220303,408.04652061413645,1332.4374736221928,407.76441204814705,1336.1097144937173,407.53468635362674,1339.7856256901375,407.37482241511185,1343.4643898235352,407.3110205383042,1347.1429269891926,407.38003785440543,1350.8134396469295,407.6300059770773,1354.4657472433314,408.0729632083832,1358.0924189861325,408.69208160852935,1361.688606850122,409.46922013079995,1365.2517445426734,410.386261599374,1368.7811844636906,411.42564388680535,1372.2777648371646,412.57083685177616
212,1196.7628486905903,420.3178898842899,1200.287123257459,421.3732217675523,1203.8688586475243,422.21328071604006,1207.4927260856423,422.8478328221733,1211.144923521549,423.2917927349174,1214.814210750299,423.5609138951837,1218.4918125102374,423.66906908151816,1222.1708190071345,423.6284769368109,1225.8457375436387,423.4497883472494,1229.5121472299907,423.14226197380304,1233.1665004003041,422.7144642375425,1236.8063578109163,422.1769227866252,1240.43073535141,421.5431688019095,1244.0402299973568,420.8293557054335,1247.6367501925556,420.0526910612716,1251.2231946289776,419.23067033346854,1254.803163341577,418.3808408955667,1258.380684400035,417.5207476566104,1261.9599481573503,416.6679486903368,1265.545015630927,415.83993211108145,1269.1396034725635,415.0543570604657,1272.7467017792812,414.3284967182968,1276.3677741770803,413.6760161674719,1280.002172607964,413.10239409340807,1283.6477876436456,412.6049305367527,1287.3020374402292,412.17534399784194,1290.9626550505327,411.80377606059733,1294.627914480173,411.4810915684826,1298.2963681934057,411.19686344859105,1301.9667317233252,410.93841334018464,1305.6392455061662,410.71272176582306,1309.313561903188,410.5183564861935,1312.9884448913579,410.3349107344562,1316.662785537895,410.14100030414585,1320.3352913984252,409.9152377037273,1324.0041132826143,409.6362636114152,1327.6687474599778,409.30636811225145,1331.3349390170206,408.99440328481603,1335.002896144072,408.7037027300601,1338.6705387440936,408.4090621328199,1342.3377467620267,408.1090603009914,1346.0045520400067,407.8041747739368,1349.6709883286148,407.49488296914035,1353.337091098878,407.1816621733933,1357.0028973550452,406.8649895448113,1360.6684454476854,406.545342119042,1364.3337748870642,406.22319681915536,1367.9989261568178,405.8990304687026,1371.6639405278652,405.57331980743567,1375.3288597834273,405.2465405107329
213,1203.8061887820527,423.41245977384636,1207.434897292477,424.0177137471295,1211.0943120238594,424.39597060058566,1214.7695342195018,424.5626018003017,1218.4485088825293,424.5351922756762,1222.1220713045932,424.3324568541506,1225.7838586345727,423.97467659436154,1229.4303098501368,423.48418417397005,1233.060461237151,422.8845000922575,1236.6755567611178,422.1996307815187,1240.2785451246755,421.45351879653214,1243.8735288610978,420.66965059720184,1247.4648236835842,419.8690169769828,1251.0560375881112,419.06801881695003,1254.64938464914,418.27665329194986,1258.246166673153,417.50105760975504,1261.8472878046132,416.7458752382555,1265.4535413986519,416.0156082967359,1269.065627110799,415.3147739276494,1272.6841694289815,414.6480987990867,1276.3096559947287,414.0203076413139,1279.9423100201577,413.43543295788834,1283.5818765855008,412.89524476495467,1287.227737330499,412.39930169414964,1290.8791191763298,411.94577553183626,1294.5352672788104,411.53240759874797,1298.1954685157048,411.15659422885284,1301.8591174292358,410.8160101905049,1305.5256368347223,410.50782479343997,1309.1944477750465,410.22822408266916,1312.8654676493193,409.9793216925702,1316.5374279592918,409.744543464602,1320.2085687130523,409.4972889824063,1323.879697945218,409.2498623682585,1327.5520763833915,409.0218633816015,1331.2266539413556,408.8329178034281,1334.9030633357952,408.68321907806177,1338.5785187215945,408.5120415950134,1342.253083143341,408.32233347778225,1345.9283161940077,408.1460974492503,1349.604410957864,407.9889727088684,1353.281870426959,407.86837193497536,1356.960518710212,407.792140365691,1360.6397982494805,407.75770087927674,1364.3192386940673,407.76220554105385,1367.998460281457,407.8027977389499,1371.6771672926625,407.8766186334601,1375.3551412879717,407.9808122312366,1379.0322342305058,408.1125291882412,1382.708360041952,408.26896426129576
214,1208.881347304936,424.9195365107322,1212.5540514800543,425.13395210653806,1216.2330677710308,425.14459477086,1219.9079776078454,424.9688815715344,1223.5711418456722,424.6259590482918,1227.2176173576215,424.1359857242653,1230.8450411967224,423.5202712060062,1234.453698175544,422.8024098357572,1238.0460998541985,422.0069871223008,1241.6260614982357,421.15720850413965,1245.197564678091,420.27249179114017,1248.7646087572907,419.36993666435325,1252.3311642991634,418.4654499601116,1255.9010908960581,417.5743811242722,1259.4778871238461,416.71133964177665,1263.0640525338388,415.888135933867,1266.6608059822709,415.1125269116713,1270.2682525365067,414.38829804364974,1273.8862302815332,413.71868175181095,1277.5144719934387,413.10714547850284,1281.1524017446043,412.5561636955161,1284.7987798965537,412.06416443539774,1288.452436985838,411.6294892442384,1292.111802761831,411.2456935906671,1295.775378290887,410.90445475653127,1299.4436986675908,410.61882309824773,1303.1138608669082,410.3574444495378,1306.784726519445,410.10653456564495,1310.4605328356154,409.94656254098754,1314.1396975857667,409.9280271948734,1317.8181596865709,410.0123238410446,1321.4966822517226,410.09360802080937,1325.1757068979405,410.0633976326913,1328.8463902560457,409.8193311531809,1332.5035352382545,409.41516472278306,1336.1652163816539,409.0566301157293,1339.8414392085167,408.91586741734045,1343.520472471103,408.86114343389386,1347.1988140708686,408.7705713822261,1350.877172440435,408.6806042270415,1354.5550835231331,408.57400809286406,1358.2335144311162,408.4886546887717,1361.9128757324336,408.47083687975453,1365.5919346880323,408.5215526312977,1369.2695001167583,408.6381218218222,1372.9445253604356,408.81782509816276,1376.6161033252376,409.05792061130074,1380.2834604474795,409.3556585778731,1383.9459498819542,409.70829372313426,1387.603042863969,410.1131069428774
215,1215.0032161157799,425.68284383827466,1218.6758131764107,425.46543978721394,1222.3332111868976,425.0660366681328,1225.970641360424,424.51297635789024,1229.5866362935265,423.8333435877709,1233.1822294487467,423.0526712159565,1236.7602566250746,422.1949031824749,1240.3248398454405,421.2827632068418,1243.880917966545,420.3379446715686,1247.4337165522072,419.38084542039405,1250.9880656056384,418.4295291929415,1254.5481974157778,417.50011922060713,1258.1175537861495,416.60683366602535,1261.6982665949658,415.76025869452275,1265.2910492236265,414.9664865525873,1268.8957458334273,414.22872032294094,1272.5119383025617,413.5495555956465,1276.1390936020623,412.9316304861016,1279.776543910127,412.3775392476168,1283.4233759060724,411.8889962447452,1287.0782770615103,411.4649743592042,1290.7394057052024,411.098481812338,1294.4055502947906,410.7861561063271,1298.0755292155056,410.5224074299528,1301.7473274829272,410.285252246248,1305.4222653034117,410.10429066836934,1309.0986756950406,409.9548742818678,1312.7725295756038,409.75217205226005,1316.4467675544329,409.5565678025782,1320.1228315308504,409.3988479352174,1323.8000590898744,409.2709347150908,1327.477966003646,409.16418668369965,1331.1562174269015,409.06995999491556,1334.8345669238852,408.97961239384233,1338.5127954540285,408.88450283657727,1342.1906503743833,408.7759897606175,1345.8677844451413,408.6454310102801,1349.5437463909025,408.485285806461,1353.2191282591946,408.3121374137965,1356.8953686134198,408.1584819075561,1360.5729112168049,408.0405226213956,1364.2519242337305,407.9889944709729,1367.93050343496,408.0563907543748,1371.6018933028174,408.2946877100259,1375.2585834654903,408.7007633793177,1378.8951292061552,409.25950013601,1382.5079746333984,409.9554439314026,1386.0952339862051,410.77328162858373,1389.65643247983,411.6981653867254,1393.1921998216978,412.7160556901752
216,1219.181806367738,425.74669679516006,1222.8394864856175,425.35001130706587,1226.4761576834348,424.79223097309176,1230.0883144460922,424.09276672442434,1233.6743938399059,423.2697768343468,1237.2346570042707,422.34126270996836,1240.7715593242906,421.32723802877416,1244.2900660254688,420.2509926713658,1247.7970361135003,419.1376531839854,1251.3004203794321,418.013057543304,1254.808531765563,416.90332779870806,1258.3295135121596,415.8352305604257,1261.8704152967935,414.8353061641505,1265.4360685645656,413.92777025702475,1269.0278366305984,413.12997811935657,1272.6431978539056,412.4469827852165,1276.2774599671266,411.8728163195719,1279.92564835737,411.39483255919754,1283.5837903774968,410.9999567886103,1287.2488630505002,410.67542594402187,1290.9186502758732,410.4092517018336,1294.5916089034117,410.19099270269584,1298.266724914604,410.01257633366976,1301.9432758561877,409.86654960983327,1305.6207832296222,409.74694541144873,1309.298964100263,409.6501037672171,1312.9773001651877,409.5592200262286,1316.6555030310772,409.46309453722785,1320.3336426556634,409.364571591969,1324.0118154214495,409.2672976210839,1327.690113998228,409.1749192298034,1331.3686164988897,409.09108355048244,1335.047375627033,409.01943830106796,1338.726329804359,408.9585147118897,1342.4048824294453,408.87753076606305,1346.0827463373855,408.76928552445344,1349.7603892528068,408.65370604724535,1353.4378785591225,408.53333564814045,1357.1153307078412,408.4118310542298,1360.792901647223,408.29398662615444,1364.4707826179144,408.1863515102025,1368.1492920484168,408.10320689181225,1371.828348249509,408.04938858796436,1375.507706486998,408.0232806686842,1379.187158336373,408.0231864265319,1382.8665313932313,408.04740655624624,1386.5456869434124,408.094240867185,1390.224517592543,408.1619896684233,1393.9029448723686,408.24895484867716,1397.5809159883352,408.3534691875262
217,1224.7328193465173,425.2307329293475,1228.3295530035894,424.4558840600745,1231.8965420347508,423.5538062625434,1235.4340287535852,422.5420077179407,1238.9461127988882,421.44508436196344,1242.440939071281,420.2942253788908,1245.9287345796854,419.1221772603108,1249.4197124524055,417.95966325015763,1252.922068720978,416.83194704345175,1256.440435762314,415.75527882931317,1259.9772275008304,414.7408218709494,1263.5340494928364,413.7990725690206,1267.1121704394961,412.9418922452188,1270.7119481211857,412.18088643400074,1274.3326377078854,411.52669349939913,1277.9717689881322,410.9843733126502,1281.6252928710733,410.5492656317261,1285.288847267474,410.2084460291226,1288.9590695334932,409.9487963983415,1292.633608134163,409.75951410790407,1296.3108003879327,409.63139756778213,1299.9894318169067,409.5544971436001,1303.6687039964313,409.51894133820673,1307.3481529556254,409.5131412149752,1311.0275961746995,409.5231423746908,1314.7069452770027,409.55099876766434,1318.386286402116,409.57974867392716,1322.065712473555,409.59432431736747,1325.744697159562,409.6520471566612,1329.423964300566,409.6727696874074,1333.1028892859372,409.610940633804,1336.781904074364,409.5540815049317,1340.4611357838314,409.51332833511424,1344.1404401657676,409.47961571449184,1347.819725039681,409.44387947975576,1351.4988832291467,409.3970526326521,1355.177725461798,409.33006380962917,1358.855913200825,409.2338399981365,1362.5328916743376,409.0993175242234,1366.2082100593564,408.92502766648107,1369.882752978923,408.7348945319927,1373.5572704309411,408.5442694266267,1377.2329177026718,408.37743432643464,1380.9109728030483,408.27817935801795,1384.5902856548355,408.25243536535834,1388.2694527736373,408.2948122850297,1391.9473715190766,408.39986563353204,1395.623217338426,408.5621342311143,1399.2964187317023,408.7761695801502,1402.9666256632659,409.0366294759469
218,1227.0475046312788,424.9682265757533,1230.5922169046673,423.98273259578593,1234.0941089000444,422.85415063997436,1237.557566976358,421.61240094150696,1240.987876646315,420.281672821747,1244.394791724973,418.8920013609703,1247.793994897511,417.48351645535155,1251.2053897892076,416.10492827427385,1254.648476349255,414.807813239236,1258.135247775546,413.6334593506964,1261.6674168598788,412.60375710436955,1265.2385446614917,411.71848564780475,1268.8412596163555,410.9719645610256,1272.4686297806643,410.35611750083643,1276.1143303631118,409.85990979364226,1279.7728420602116,409.46886922851365,1283.440026875409,409.1695932762492,1287.1129429231385,408.95137644895357,1290.7894798406496,408.80611520797197,1294.4680302879847,408.7262986397416,1298.1473927750526,408.70479647698426,1301.8267032847264,408.7348123699995,1305.505378368653,408.80980718639495,1309.1830733422773,408.9232820828313,1312.8597029217983,409.0673549228519,1316.5354817545942,409.2318267583497,1320.2109213800122,409.40376024320864,1323.8866958857586,409.56832329077554,1327.5633585229857,409.7115262548951,1331.2411428477071,409.82200891301073,1334.919910163449,409.8923628514148,1338.5992117416229,409.9248199903264,1342.278591839802,409.90927108276725,1345.9574185574832,409.8413340283837,1349.6365511051886,409.79409859212336,1353.303739629956,409.5220568946211,1356.9393135648197,408.95602468407105,1360.598577340297,408.5796856617644,1364.27441746349,408.4230093725634,1367.9533596547778,408.3622958608303,1371.631681320374,408.27451797058114,1375.3041477694806,408.05242354257985,1378.9642875022573,407.6781948694643,1382.607746681498,407.1661431725461,1386.2318194785682,406.53101988974004,1389.8352684045553,405.7875818585807,1393.4181093926427,404.9503142952092,1396.981390413159,404.0332643569312,1400.5269829599886,403.04996551083246,1404.057388975663,402.0134060201396
219,1234.441131683815,422.8091523835302,1237.847538200552,421.418491002731,1241.2215288624764,419.9507490475891,1244.5776442064519,418.4424863719057,1247.9318057383216,416.9298734148519,1251.2999984252835,415.4488416065378,1254.6963557096553,414.0337371159622,1258.1318960622189,412.71682314312073,1261.6140339418982,411.52887030043513,1265.1461260635037,410.4992560645264,1268.7250785782203,409.64678937873094,1272.3419121325396,408.97270532957,1275.985629747702,408.46310335661155,1279.6471752213697,408.1027946928163,1283.3196159423064,407.87875331575714,1286.9975675174624,407.7789822389131,1290.6768949482985,407.78931185942804,1294.354810293165,407.89309288507366,1298.0298601083357,408.0721642187032,1301.701717639151,408.30815607324115,1305.3709184886698,408.5825872170052,1309.038606874126,408.8766466412941,1312.7062375921162,409.1714285552702,1316.3751903496843,409.4491952743192,1320.0462462935004,409.6975295644457,1323.7195625076592,409.9097795286126,1327.3948900320895,410.0837386125032,1331.0718581230956,410.2186300137043,1334.7500745776238,410.3135370739186,1338.4290972333185,410.3691537750861,1342.108497447861,410.38597631633996,1345.787817674465,410.35664577442117,1349.4669160337073,410.305150057894,1353.1446786882432,410.2000996944192,1356.8127588948723,409.9155518154612,1360.4705115917372,409.51676697390974,1364.1295581705986,409.130353228275,1367.7976673944163,408.8431940201147,1371.4723760405989,408.6584375245109,1375.1506378463177,408.56824892572297,1378.8300190654277,408.5645805526096,1382.5086578592525,408.63928750032346,1386.1852123967556,408.7842173896478,1389.8588028332015,408.99127551773387,1393.5289511473597,409.2524679593437,1397.195521635643,409.55992574274194,1400.8586638231413,409.90591335408345,1404.5187587020907,410.2828246738344,1408.176368556808,410.68316914875635,1411.8321897915023,411.09955393344984
220,1239.333993279907,420.26835103895036,1242.6679041692762,418.7116217968412,1245.9984602325892,417.1477140833525,1249.3391845640624,415.6056872138836,1252.7026958876152,414.1141120201857,1256.100169951983,412.7017596807227,1259.5407776251452,411.39822961971373,1263.030967401053,410.23426825074404,1266.5728569430426,409.23904077279786,1270.1641332761246,408.4407262483849,1273.7977593203598,407.86571515215326,1277.4609072970393,407.52632665679425,1281.137826121869,407.40108031414235,1284.8168765800615,407.4397381215898,1288.4933393915442,407.5862663728929,1292.1667998075034,407.79589381937745,1295.8382322540654,408.03870336295427,1299.5085084858206,408.2984669824155,1303.178083235507,408.567975915227,1306.8473455690382,408.8417123094724,1310.5167008777223,409.1141974430273,1314.186560409495,409.3797929325382,1317.8573153289137,409.6326888993125,1321.529263921878,409.8675864982936,1325.202588726906,410.07984191544006,1328.8773627128126,410.2652738481016,1332.5535733631975,410.41955112876576,1336.2311054942443,410.53810983072594,1339.909715426685,410.6161831835373,1343.5890021918435,410.6491295295756,1347.268401797968,410.63377693401304,1350.9472598121913,410.568821177505,1354.6249475153677,410.4554501254167,1358.3009796101467,410.2971941938796,1361.9747797174134,410.0936337611242,1365.6459750804217,409.8474243161408,1369.314708761695,409.56682481202847,1372.9813790204826,409.26037982871253,1376.6465640756003,408.9366172334395,1380.3109623419787,408.60404926999075,1383.9753332652742,408.2711795266951,1387.640386263055,407.9459168616575,1391.3063323667925,407.63087949905776,1394.9731299208258,407.32591166855445,1398.6407365346106,407.0308325160585,1402.3091112568666,406.74546052758336,1405.9782145562433,406.4696135713827,1409.6480083012057,406.20310893878997,1413.318455739185,405.9457633837076,1416.989521595705,405.697394837359
221,1245.4276093622382,416.82087007669503,1248.7211556734962,415.18061642639225,1252.0590108042254,413.6327440471859,1255.452805513359,412.21196487534587,1258.9063497778586,410.9434888055757,1262.4166444975763,409.84184325383984,1265.976514667978,408.9128215870036,1269.5774106419765,408.15826681249246,1273.2102593840764,407.57656706017667,1276.8658862760412,407.16100868005003,1280.5356034423683,406.8965802171479,1284.2125221876402,406.7644613092742,1287.8918107221762,406.74589325327753,1291.5703332527683,406.8247698106647,1295.2461385330428,406.9872018928314,1298.9181116516759,407.22102763236023,1302.5857441793128,407.51536701916024,1306.249003478858,407.8600128540574,1309.908331440174,408.2442530535481,1313.5646460194362,408.6562521817599,1317.2192755981391,409.0829782609786,1320.8738088751525,409.51053040879464,1324.5299072814807,409.92444558820915,1328.189006408628,410.3108591150931,1331.8520521841947,410.6577752548696,1335.5193541169297,410.95625038059393,1339.190767010321,411.1988501616912,1342.8657944224717,411.37835734448436,1346.5435906169205,411.4868239361161,1350.222860218484,411.51526153471286,1353.9017502074973,411.4560254175999,1357.578074435899,411.3063289434671,1361.2499378315765,411.0711729373856,1364.9163188035102,410.7618212203035,1368.5776046904814,410.3967989282573,1372.2352348872387,409.99667794341525,1375.8905776920344,409.57611710150815,1379.5451552765517,409.14893993264025,1383.2005647348215,408.72896041182406,1386.8583216785578,408.3300031163854,1390.5195721783273,407.9645615530622,1394.1844319740928,407.63730682694523,1397.8524826608086,407.3479797553121,1401.5231686503537,407.09423815726944,1405.1959975718426,406.87364438780656,1408.8705433666235,406.6837508084847,1412.5464416518707,406.52210418662656,1416.2233849087677,406.38624922943546,1419.9011175578714,406.2737313173161,1423.5794315583494,406.18212309854204
222,1245.124191130359,416.3811014398556,1248.3868600632138,414.68009916066245,1251.655700637244,412.99100790798605,1254.9496993241578,411.35169374280406,1258.297729572812,409.82632405621337,1261.729749703033,408.50195201029146,1265.2533962456966,407.4460700725758,1268.8516068492581,406.68164050301704,1272.4968913556602,406.186747209767,1276.166743709671,405.9286162526493,1279.8453798846897,405.87048980976454,1283.52315435095,405.9739201129225,1287.1952961829809,406.2037068688763,1290.8604419324047,406.52715732172624,1294.5194195353586,406.914570052162,1298.1741373759173,407.340469269124,1301.8266141162783,407.78524195273,1305.478815408718,408.2322775936549,1309.132415929178,408.667704247216,1312.7885118777692,409.08162442822055,1316.4474632291754,409.469477925473,1320.1093159696247,409.8288952184235,1323.7740466817552,410.1576524976272,1327.441608963979,410.4531352379437,1331.1117277084686,410.714956064139,1334.7844545033504,410.9370366765984,1338.4595727015312,411.11542646947237,1342.1360057393567,411.2641825797429,1345.8146449438332,411.33515982905647,1349.4939957293598,411.36003861876713,1353.172986452087,411.41215311467056,1356.8472275091008,411.23502882406257,1360.5180912155392,410.98786539307304,1364.1967417142484,410.92501679268736,1367.8760457035146,410.957005067678,1371.5554138750178,410.96331025501365,1375.23172151388,410.8229855484822,1378.892889581063,410.4620913660147,1382.5271832723035,409.89032535453146,1386.1262720096915,409.12732864186273,1389.6849323367883,408.19347190818644,1393.200653326381,407.10888050134093,1396.6731395486368,405.8927883967996,1400.103812162135,404.5631781337124,1403.4953657484455,403.1366382699954,1406.851404615812,401.6283700196175,1410.176160812677,400.0522870521451,1413.4742849882427,398.4211677819416,1416.7506970151082,396.7468332471662,1420.0104629756956,395.04029644670874
223,1252.6868204828738,411.7602840083664,1256.072001494024,410.3193468733205,1259.5288281484952,409.0603187439104,1263.0547380608145,408.0105531377101,1266.6404165064928,407.1879332304915,1270.271289900178,406.5955332148994,1273.9305677869309,406.2149856399111,1277.6044276105508,406.01786803579205,1281.2834079347717,405.97405216970685,1284.9617845637188,406.05701899564684,1288.6364187819127,406.24349838608566,1292.3059417371635,406.5128939702107,1295.970121997001,406.84744685854463,1299.6293135044095,407.23289468797566,1303.2841681923665,407.65758246850055,1306.9356863495389,408.11012347154434,1310.5852805481318,408.57796288615674,1314.234672322189,409.0473825336319,1317.885674774125,409.50407253324136,1321.5397891251077,409.9351013222639,1325.1978771037154,410.3309404278263,1328.8600874298004,410.68659118546043,1332.5262315600776,410.9990690902797,1336.1959717249208,411.2659852748514,1339.8688889711764,411.48483678375675,1343.5444737624118,411.6529771146663,1347.2221136122994,411.7675821970747,1350.9010775030545,411.8255793071378,1354.5804935397255,411.82362081161614,1358.2593274323763,411.7584129020751,1361.936337055001,411.62569636495726,1365.6101330572933,411.4225999921659,1369.2795523354007,411.15169336756327,1372.9428143810426,410.80751181945146,1376.6016095064276,410.4181251035317,1380.2568026072088,409.99748429437415,1383.8839978274762,409.38269342474297,1387.506832945295,408.7414194415959,1391.1565039721265,408.2759715021264,1394.8156422746945,407.88986413877205,1398.470845589482,407.4685582684106,1402.1222615687523,407.015168359111,1405.7768296418612,406.5880061103736,1409.4348514915587,406.19149611398757,1413.0959000099408,405.8239693261731,1416.7595882054386,405.4837507455319,1420.4255670256382,405.16916154797116,1424.0935231093902,404.878520962066,1427.7631764784837,404.6101477987361,1431.434279052941,404.36237431009704
224,1259.429260700281,407.8912475643887,1262.98036208262,406.9304735443047,1266.586228897604,406.20117822984173,1270.228707967461,405.6840778396743,1273.893188486236,405.35641085233954,1277.5688911099837,405.19643227271644,1281.2481171471495,405.18374646561966,1284.925586785021,405.2997319385797,1288.59785911281,405.527632696974,1292.2628619303887,405.85244500589323,1295.919540911127,406.2606442267937,1299.5677998148208,406.73845159964407,1303.2085791722889,407.27040155498224,1306.843938291681,407.83831309214776,1310.4767979195658,408.4220474669456,1314.1104866491085,409.00058225499737,1317.7480522930837,409.5541548764253,1321.391400580172,410.0682174093895,1325.0412340044325,410.53395746595294,1328.6975443357076,410.9457187041828,1332.3600118100408,411.298473432155,1336.028081481621,411.5871203598065,1339.7008948404757,411.80723639455425,1343.377277426647,411.95627234978923,1347.0558493564117,412.0345401700955,1350.7352450586964,412.04449222706523,1354.4142436901566,411.98922627061125,1358.0917898372525,411.87187535867776,1361.7669842630066,411.69554559230954,1365.4390688301414,411.4632354066812,1369.1074188620878,411.1779166722532,1372.7715361432206,410.84255557011767,1376.4310594386875,410.46027311287446,1380.0859585085213,410.0360036929725,1383.7367093109226,409.5773494157874,1387.3844396134164,409.09521017182885,1391.0308938593514,408.60349062872103,1394.6771303859236,408.1101580432011,1398.324121800461,407.6224490725879,1401.9734800259673,407.1528194668757,1405.6266878867564,406.71421619387826,1409.2848939252028,406.31958154334484,1412.9482924203046,405.9764849506435,1416.6159575508584,405.68243391306436,1420.2869854603973,405.43380732435963,1423.960607815655,405.22696141364474,1427.63618167528,405.0582417653264,1431.3131787523566,404.92399273000865,1434.9911743208236,404.8205644210807,1438.6698362094219,404.74433129974466
225,1262.7700793621884,406.03166284887135,1266.362005589666,405.23734141851054,1269.9998136770673,404.68954152444087,1273.6643949012096,404.3645344783477,1277.3412341996204,404.2360926213724,1281.020156150164,404.27918914696863,1284.6944199142185,404.47062431987257,1288.3598939521266,404.78933699635184,1292.0143188673546,405.216839730671,1295.656807727619,405.73654958416546,1299.2877061712065,406.33204922165294,1302.90895394688,406.9838195478786,1306.5239517889788,407.6695066472029,1310.1371306197104,408.36474401203014,1313.7533082283737,409.0441606538444,1317.3769778155224,409.6822777189627,1321.0109498468014,410.2587005249616,1324.6558124132002,410.7616041196035,1328.3104367802068,411.187799701591,1331.9732256949203,411.536950117667,1335.6425004421767,411.8096475382194,1339.3165829865052,412.0073630165557,1342.993815242665,412.13381786068965,1346.672729860265,412.1945064565875,1350.3521523059997,412.1954009070633,1354.03118887632,412.1417033758081,1357.7091551374647,412.0378197046999,1361.3855311530376,411.8877650539447,1365.0599371552123,411.695350643537,1368.7321185422986,411.46428665012684,1372.4019536566227,411.1985049954507,1376.0694443871337,410.9020893797492,1379.7346762649331,410.5789160579671,1383.3977186347638,410.23179464055386,1387.0584105169899,409.8607102075428,1390.7167611739826,409.4671939696774,1394.3725109944278,409.0502683155669,1398.023337062083,408.59231752921124,1401.669928917731,408.1016530899571,1405.3155753750536,407.60398252109337,1408.962600423855,407.1165170066599,1412.6086844466993,406.6220826955418,1416.2524445347772,406.1108013495789,1419.8940511505027,405.5843961751809,1423.5337317625786,405.044831064361,1427.1717350170186,404.49406663129207,1430.8083275265665,403.93406029995407,1434.4437906903543,403.36676659573624,1438.0784175419503,402.79413760432374,1441.7125095827562,402.2181233155087
226,1268.0168766001534,403.39268816663235,1271.6787648385912,403.04379694780783,1275.3567630682955,402.96866759666284,1279.032872156921,403.1152770163013,1282.6979409412097,403.4372613004551,1286.348130496177,403.8990282656692,1289.9825351236725,404.47235588970955,1293.6023829958076,405.1316448049336,1297.2108964109414,405.8505808250867,1300.8127436929954,406.6022972518807,1304.412773210248,407.362694558535,1308.0156580150099,408.10941151886675,1311.6259513076768,408.81933614493505,1315.2473486009744,409.4701214701316,1318.8808744961582,410.0492876943785,1322.525414317232,410.5545670772745,1326.1791197847451,410.9886729810531,1329.8403289125163,411.3541706891134,1333.5075578522892,411.6533324010453,1337.1794682164732,411.88819710820894,1340.8548438190965,412.06059028746915,1344.5325714214096,412.1721284257067,1348.2116223647183,412.22427160949775,1351.8910391622271,412.21821836017205,1355.5699229422926,412.15518559160097,1359.247453573026,412.0370802799813,1362.922952847198,411.8670317275155,1366.5959269688742,411.64907056568893,1370.2660337467385,411.38718371845124,1373.9329781856989,411.0841815970708,1377.5968232846255,410.7456983532231,1381.2573558312263,410.3731337668669,1384.9142730330066,409.96653298845285,1388.5697438430157,409.54708274523676,1392.2203311655142,409.0874714871337,1395.8688526110463,408.611733377338,1399.530576259219,408.2526143954023,1403.1983478617665,407.95962388425596,1406.8622446889426,407.62279758697855,1410.5083201646464,407.1319937159068,1414.1229612509826,406.44514174543895,1417.7587850208017,405.8871588341977,1421.419487585548,405.5164156002243,1425.074343555975,405.09233318244605,1428.718875851622,404.5870609477848,1432.3524405291055,404.00808448246687,1435.974853561877,403.3629396720546,1439.586341518804,402.65915292613226,1443.1874898775004,401.9041990662574,1446.779176562965,401.10540973915647
227,1273.801139157972,402.69979374490714,1277.4786550956828,402.59758663727933,1281.1560509922822,402.7058359681679,1284.8221032580946,403.01454594201397,1288.4669971150988,403.5148162716277,1292.0840477119154,404.188033792256,1295.6722548629846,405.00163641207376,1299.2370565022325,405.9127375131603,1302.787659630567,406.8779005326894,1306.335663050529,407.8526159309164,1309.8929965200343,408.792583872336,1313.4682113521508,409.6618435335725,1317.0655596388447,410.4341853994448,1320.6854443606917,411.0927066425411,1324.3252901040603,411.6300329952226,1327.98052174067,412.05031320534647,1331.646562841807,412.36287686036655,1335.3196038530953,412.5785018421285,1338.9967272751458,412.707469788716,1342.6757590346715,412.7595919216128,1346.3551415111028,412.74420747946454,1350.033823079136,412.6701994174106,1353.7111618099766,412.54601077980186,1357.386835308783,412.37951858740587,1361.0607191439576,412.1772678683627,1364.732755678923,411.94383186600004,1368.4028414813924,411.6814912155601,1372.0708307115883,411.39130120067745,1375.7365567529093,411.0737957202088,1379.399851301205,410.7293662666467,1383.060545666811,410.3583184217188,1386.7184722164832,409.96090911342526,1390.373523450683,409.537864466167,1394.0257558059195,409.09112482421386,1397.675509881817,408.62455544437535,1401.323221338644,408.14226586927464,1404.9695154901008,407.64936351394743,1408.6153222240528,407.1528646917362,1412.2611909791178,406.6568217258229,1415.9075121802953,406.1641172580149,1419.5546681331723,405.67763349299827,1423.2029911018208,405.1999832534028,1426.8525559801262,404.7319165124507,1430.5033329978367,404.2733998774477,1434.1552923270353,403.82439714037366,1437.8084044397733,403.3848719944114,1441.462640107471,402.95478803869764,1445.1179704002716,402.5341087830057,1448.7743666863294,402.1227976522817,1452.4318024943486,401.7208350765781
228,1277.6939137949669,401.3512860193947,1281.3535868741014,401.72380815531335,1284.978007453255,402.3541168409006,1288.5613362635581,403.18822496367227,1292.1119916246473,404.15282698295607,1295.6448595404438,405.1810107665882,1299.175370455613,406.2172951530179,1302.7152842436665,407.22091008367977,1306.2702838807086,408.16962038181777,1309.8424354446802,409.05149926136676,1313.4324352237604,409.85757568957763,1317.040523737864,410.57828482917205,1320.666178752174,411.204569051621,1324.3075890322066,411.7315453004069,1327.961941206027,412.1597439725464,1331.6260559824968,412.4944122277327,1335.297108433436,412.74181585889113,1338.9727344950973,412.90822255496204,1342.6509987447741,412.9996759109514,1346.3303409320422,413.02198190579344,1350.0095268086332,412.9806942170807,1353.6876032876453,412.881114614223,1357.3638593052406,412.728315504184,1361.037792682115,412.5271753299477,1364.7090813636116,412.2823971635426,1368.3775604487996,411.99855382455127,1372.0432027120635,411.6801234801303,1375.7061020812207,411.3315245410275,1379.3664624098178,410.957179589275,1383.0245937729158,410.5616253977488,1386.68090285097,410.14955130295937,1390.3358711932663,409.7257387756793,1393.9900687440183,409.295324175614,1397.6440185417523,408.86280982730557,1401.2982329471804,408.4325406672307,1404.95364955047,408.0126179005128,1408.6094769929211,407.59627491334805,1412.2673186005986,407.19833386330345,1415.9300114620366,406.84775956608974,1419.572235968733,406.33067230134174,1423.215535726204,405.82426301255333,1426.8892682150681,405.62366750997563,1430.5558819210912,405.3247172404874,1434.1955670314173,404.78913040391797,1437.7977024769154,404.0410489528216,1441.3560991783356,403.10639105366226,1444.8683585075944,402.01073400457705,1448.3350873118704,400.77835335018625,1451.7591289539307,399.43175008579874,1455.1448424158868,397.9913783363877
229,1285.181383076831,401.8532960376706,1288.7503928735985,402.74635734830554,1292.2800939508054,403.78491527901525,1295.7869035595888,404.8987022868292,1299.2868226252285,406.0340358501887,1302.7916459362054,407.15410171941335,1306.3098907634696,408.23117673166894,1309.848551224681,409.2389913490343,1313.413249168732,410.15018682069694,1317.0070515963587,410.93853273041503,1320.6282421163887,411.58946169447074,1324.2713777461502,412.1038062450114,1327.9299200876037,412.49411847384556,1331.598603699094,412.7739132456752,1335.2734743360763,412.9556983409985,1338.9516282192485,413.0508799796695,1342.6309812151542,413.06994769603114,1346.3100930047615,413.02260863802087,1349.9880275440785,412.9178090242914,1353.6642469025842,412.76398078072816,1357.3385316305012,412.56920851472125,1361.0108904776723,412.34090375729147,1364.6814005863832,412.08454897596005,1368.3501288022744,411.80382193152565,1372.0171036845059,411.50104441621454,1375.6822032317655,411.1763531667953,1379.345613432287,410.83309749280926,1383.0073764529864,410.4727240970281,1386.666684620671,410.08821079869364,1390.325857442706,409.70238661812,1393.983283390619,409.300599846677,1397.6356043028247,408.85456597675653,1401.293484758646,408.4574856080333,1404.960022294688,408.1504283829618,1408.6307470195472,407.89710007686875,1412.2989753280785,407.6107391777967,1415.9551952625,407.2007543558411,1419.5813575405023,406.5806803812285,1423.1939921441449,405.88412951381054,1426.847344142626,405.45243353558334,1430.5101917360953,405.1033764642936,1434.1735928207424,404.76047261480613,1437.8431394105708,404.49125550846304,1441.516182210825,404.2744125259402,1445.191422651211,404.0986264901646,1448.8682438875005,403.9596866734752,1452.5461560901224,403.85336998153423,1456.2247820280404,403.7754443990984,1459.9038426325885,403.7216757615477,1463.583142567458,403.6878603647371
230,1289.553370464296,402.8968367347954,1293.1094251462139,403.840952781289,1296.6347973451168,404.89428414085467,1300.141143608322,406.00955038020396,1303.642702820205,407.13981232797,1307.1528734866433,408.2429646109934,1310.6806390930774,409.2883626780716,1314.230218801845,410.25701073131125,1317.8033038610479,411.1348793327773,1321.4005340242365,411.90769982629337,1325.0216724286258,412.55914032755146,1328.6641812062717,413.0777773379944,1332.3233319438273,413.46198419312566,1335.9935505380417,413.72026622287666,1339.6700973998293,413.8631720900309,1343.3492546325042,413.90022174425854,1347.0281116217602,413.83941031799395,1350.7043533154815,413.68764173546316,1354.3761674764382,413.4517083539815,1358.042360483501,413.14020375251516,1361.7024897947606,412.7639255148096,1365.356867495995,412.3352477737094,1369.0063843545831,411.8668971693077,1372.6524314908854,411.3721988936112,1376.2967935198392,410.86520689670834,1379.941425479418,410.3601626473883,1383.58791438068,409.8687276172167,1387.2368768921783,409.39600904273505,1390.888500107764,408.9443400341739,1394.5439512925766,408.52480196848603,1398.2010040730354,408.1193611461623,1401.8615457547232,407.74749794571323,1405.5292261704985,407.4534916647292,1409.1890061100983,407.0751489978119,1412.8556485050362,406.7805137897559,1416.5345551100513,406.7224278806725,1420.2108948835307,406.578609007175,1423.8791989518365,406.29424286266084,1427.5395377652774,405.9200909361991,1431.1956877368118,405.50661162407926,1434.8530266730588,405.10389572712853,1438.5163334187814,404.7602512892027,1442.1863945900288,404.4985563576856,1445.861447932885,404.320066156548,1449.5394825152384,404.22002509885203,1453.2187868891504,404.1929644236946,1456.89797743972,404.23335352183426,1460.5759751723685,404.3356436656872,1464.2519796573906,404.49430201877135,1467.925437357519,404.7039039743809
231,1293.348889414615,404.0568215350241,1296.8669477692754,405.1342025683639,1300.3584422139186,406.29502092645674,1303.8349239242755,407.5001931459874,1307.3107002331578,408.7074046271651,1310.800403833562,409.8736074070134,1314.316684162588,410.95676166220085,1317.867925858912,411.91875551733006,1321.456697208307,412.729213368659,1325.079772716681,413.36881482822116,1328.7293437111719,413.83424919473,1332.396031094247,414.13740427530007,1336.0717414941148,414.2991367997392,1339.7508411255603,414.33920611934343,1343.4296338427926,414.27489182330135,1347.1058024110043,414.12114259114435,1350.7779883207343,413.89080174770675,1354.4455089049532,413.5951454383887,1358.1081602618965,413.2441618126937,1361.766094093807,412.8469302538734,1365.4197939684996,412.41241221295303,1369.0700779251074,411.950026428844,1372.7179941831216,411.469288436856,1376.3646903328172,410.97936682837354,1380.0113680501684,410.48930792791265,1383.6593157243888,410.0088106757476,1387.3097464503826,409.54758782501636,1390.96352025565,409.11367556015495,1394.6208751603904,408.71107670044546,1398.2816285335407,408.34064605616504,1401.9454067908914,408.00142724569713,1405.611804636361,407.6917831693753,1409.280282764711,407.40780835140174,1412.9502791979123,407.1441434516572,1416.6211241408307,406.89252293947175,1420.291789471791,406.6383037456052,1423.961625040793,406.37239464055824,1427.6301809788656,406.0894053010691,1431.2969346500474,405.7839822100514,1434.961264544228,405.45077431446566,1438.6224267453233,405.0844371153487,1442.279531844388,404.679641259885,1445.931764962494,404.233019742663,1449.5790143443903,403.7473499935683,1453.2214257810108,403.2266147873224,1456.8592590285743,402.6747851358216,1460.49287409102,402.0958152386832,1464.1227176802613,401.49363973503984,1467.7493099532462,400.87217294715373,1471.3732278015275,400.23528849342495
232,1298.2988324939436,405.6013485070719,1301.725738037356,406.9409580974727,1305.1454125483858,408.2989838403574,1308.5788271848305,409.6217501082599,1312.0446375469262,410.8568189610737,1315.5553061128492,411.9574917881372,1319.1149005121558,412.88740211695153,1322.718976142872,413.6261459809075,1326.3571201657924,414.17338509839186,1330.0173739073675,414.54584794586174,1333.6900371371948,414.7656167059525,1337.368304043628,414.8522139317065,1341.0475033834732,414.8218767009132,1344.7244265568645,414.6881863490307,1348.3968636181567,414.46235812625036,1352.0632731931682,414.1535778023099,1355.722723752279,413.77089425818946,1359.3750537583112,413.32520811434637,1363.0210121052994,412.82997617914566,1366.662022531113,412.29950942352696,1370.3000029375532,411.7485988084439,1373.9372554551,411.19289144304656,1377.5762892990967,410.64900047648126,1381.2190280473815,410.13054791235055,1384.8663691582747,409.6455536498854,1388.5181950924234,409.19557095643347,1392.1740223663908,408.77933061486294,1395.8333028231227,408.3946125235523,1399.4954844509457,408.0385436467714,1403.159993670338,407.70726985580075,1406.826719873529,407.40152563559076,1410.4947907483136,407.11226506035763,1414.1625304251668,406.8188379851154,1417.8298702760444,406.52044959694933,1421.4971463941808,406.2212780305532,1425.1646975349156,405.9255010219015,1428.8328508634254,405.63729738200965,1432.5019076642927,405.36084800675144,1436.1721037879533,405.09997168129377,1439.841927780693,404.83405228541477,1443.5079267233068,404.5198813805437,1447.1720912774342,404.1847464298924,1450.8363093633502,403.850196561477,1454.5006454621237,403.51694183441117,1458.1651150470182,403.1851582054854,1461.829733380885,402.8550216668346,1465.494515490425,402.52670824408074,1469.1594761403087,402.20039399288476,1472.8246298072881,401.87625499521806,1476.489991060087,401.5544719892794
233,1304.7620876276376,408.13587022771657,1308.1657606804893,409.53349612997886,1311.5915924143465,410.87565800362404,1315.0611569272824,412.09975459158716,1318.5886470830046,413.14456877513777,1322.1724333788634,413.97559501938935,1325.7995273168171,414.5912077592387,1329.4548526847452,415.0083669914506,1333.1263800438448,415.244713977384,1336.8048511618804,415.31756016735164,1340.4834302995512,415.2466788264916,1344.1577536477114,415.0548657919704,1347.8257822379123,414.76612724846103,1351.4869441435917,414.4001754929025,1355.1413531434773,413.97186806180486,1358.7894321590402,413.4925331299043,1362.431933775169,412.9724439471603,1366.0699154597712,412.4215800569989,1369.7046777660423,411.8498289401809,1373.3376982104273,411.26709638554104,1376.9705807302792,410.6835034269848,1380.6050452287348,410.1098612818735,1384.2426895350718,409.55677241828255,1387.8846549310083,409.0329210055968,1391.531267820826,408.5424795165539,1395.1823131818453,408.0862001839606,1398.8373342840325,407.66293639189416,1402.4958397535638,407.27091548004245,1406.1573151453156,406.90766232097457,1409.8213700145266,406.5714158649201,1413.4875574811263,406.25924283317414,1417.1553342021825,405.96634049910836,1420.8253595558485,405.70320533214897,1424.495409687118,405.44048425207865,1428.1623061278635,405.1367549450816,1431.8310097065114,404.8562642152759,1435.5060210792917,404.6796034492524,1439.1841750297983,404.5818069095047,1442.8613079397758,404.4512975420629,1446.538559551195,404.3240982107787,1450.216511046379,404.21888889563354,1453.8948359795122,404.1276201095346,1457.5734477429373,404.0487420561185,1461.252287158732,403.9812987133222,1464.931303965811,403.9243335210428,1468.6104560788742,403.87688959145817,1472.2897088443856,403.8380098800605,1475.9690342944523,403.8067373160908,1479.6484103995463,403.78211489641507,1483.3278203603359,403.76319417798464
234,1308.0729176590442,410.3825326914771,1311.5080570944745,411.7002139247927,1315.000968260434,412.8556318368185,1318.5538735441307,413.8101424779309,1322.1585711884181,414.5453280152362,1325.8000078761288,415.06973335226934,1329.4636479031535,415.40679310502867,1333.1388184941852,415.57873201247685,1336.8179752806498,415.6049355259158,1340.495843801878,415.50249387269236,1344.1687873803996,415.2858124450545,1347.8343922602312,414.96798360076286,1351.4913691686697,414.56251898159536,1355.1395973532688,414.08450132218064,1358.780015432073,413.5501085256146,1362.4140032642078,412.97353100544626,1366.0430204518252,412.3664091016113,1369.6685299637131,411.73865297647325,1373.2921898673342,411.1002925077665,1376.91582028841,410.4617644884991,1380.5412977751341,409.83382418283344,1384.1704680806572,409.227627114546,1387.8052359655862,408.6560159980395,1391.4467118286946,408.1288713653874,1395.0951714132357,407.65251483394195,1398.7504497419404,407.2316563097845,1402.41051267684,406.85449923365684,1406.0757505026925,406.5321163673125,1409.746539315588,406.2798767932219,1413.4163143430987,406.01324980432565,1417.0905297390475,405.8237246851564,1420.7696115534766,405.8277308428409,1424.446071248547,405.97422063567416,1428.1223777716768,406.1248600480353,1431.8012425264808,406.12153612052344,1435.4734962824296,405.8973693674554,1439.1362807757446,405.54806790572394,1442.7976837082929,405.1842049785053,1446.4670172914975,404.91465129030854,1450.142783642044,404.75022499257426,1453.8170315127982,404.55509336954407,1457.4897449448354,404.3324053554784,1461.163974929439,404.13696257464386,1464.84111636865,404.0079172442539,1468.5200084381568,403.9460812726452,1472.19942624717,403.947050714845,1475.878371615448,404.00638030086867,1479.5560580484716,404.11960964421945,1483.2318941943686,404.28228410888954,1486.9054647818557,404.4900008247856
235,1312.1395666457731,412.4984110899038,1315.6106044331812,413.7171963287127,1319.157785305591,414.69195201975674,1322.764297701071,415.4176153669803,1326.4092917468104,415.9162270582778,1330.0762118769944,416.2149500438412,1333.7532809850552,416.3390543272011,1337.4324039687529,416.3106928164412,1341.1081288792489,416.1488977428067,1344.7768428906397,415.8696952016614,1348.4362033446116,415.4866722426331,1352.0845916380513,415.0102182438227,1355.7207005999937,414.44758398735877,1359.3438473165547,413.8066695228924,1362.9549723829703,413.1010301727478,1366.5570867854562,412.35063212973614,1370.155048735673,411.5805130597122,1373.7547461245842,410.818572117459,1377.361371231039,410.0902169321285,1380.9780200579596,409.41345862170897,1384.6051181670382,408.7951759506221,1388.2418956290508,408.236633116452,1391.8872755148668,407.73730053110575,1395.5401768329107,407.29633202971905,1399.1994724797373,406.9119905961177,1402.8640049650637,406.58123365613704,1406.5324114240395,406.2964855897537,1410.2035259263705,406.04907725947885,1413.877116998589,405.84157529480933,1417.5504305029008,405.62934850553626,1421.2212675568976,405.3777107651519,1424.8919229987632,405.12339985231927,1428.5651423624302,404.90997303004787,1432.2422053565567,404.7805843572371,1435.9210014035973,404.71107566643985,1439.5979153621338,404.5762204458255,1443.2732725335795,404.4025400134975,1446.9485186400664,404.2265252130919,1450.6234740904447,404.04453848488737,1454.29844883356,403.86294319593566,1457.9738249907255,403.68969093672723,1461.6497633806223,403.52881074465034,1465.3262066034295,403.3799082278261,1469.0030919842607,403.2423516643821,1472.6803627026927,403.1155088827529,1476.357967471159,402.9987473958445,1480.0358602112408,402.8914345157899,1483.7139997283778,402.7929374498784,1487.3923493854427,402.7026233787913,1491.0708770426681,402.61987177514374
236,1317.0056469305907,414.6829559980149,1320.577819200624,415.56257009747424,1324.1989324475219,416.2115797002658,1327.8540529494546,416.62904699282166,1331.5274139246521,416.8329025415485,1335.2064967643964,416.85181645017775,1338.883052349936,416.7118690946841,1342.5519570039855,416.43573666434463,1346.2102341778796,416.04274006728906,1349.8562993016383,415.5488790246765,1353.4897092921308,414.9690258261899,1357.111251163709,414.3190028418282,1360.7227990981387,413.6154678851572,1364.3266994517448,412.8736886402161,1367.925361990233,412.1068671877842,1371.5214628839412,411.32810287005077,1375.118081074675,410.55173523438,1378.7184693095926,409.7930752711273,1382.3259830006455,409.0691280551924,1385.9435865746955,408.3975282809506,1389.5729934687429,407.79304321867585,1393.2135297784582,407.25966701323165,1396.8634758059075,406.79496588703574,1400.5207853590505,406.39218357928667,1404.1837065089421,406.0440927070327,1407.8518602069041,405.75640916477147,1411.52271634082,405.50496868160343,1415.1956366277377,405.2871452882258,1418.873521795452,405.18228316336376,1422.5484678954938,405.00777810838184,1426.222739582732,404.8226941594188,1429.8996485570244,404.9343725939197,1433.5681171668432,405.21776369290296,1437.2388270604645,405.4682568324601,1440.916932519004,405.4789913016117,1444.579776221943,405.1389188871014,1448.2288095017407,404.66683272587915,1451.8928856350524,404.3398648358205,1455.5698160083134,404.20496241975445,1459.2447968684778,404.02504818818437,1462.9170550722192,403.7950264964915,1466.5922676929536,403.6220408490803,1470.2713794047006,403.59684437701776,1473.9485584459999,403.719683479806,1477.618567544332,403.980446454604,1481.2773189802947,404.36866860940773,1484.9217955556808,404.87380722962445,1488.5499413169578,405.4854514706437,1492.1605388124026,406.1934707553861,1495.7530527765562,406.9882509485797
237,1321.1971656848673,415.99432897269605,1324.8229871057335,416.6175987195362,1328.4772131686368,417.04411728376834,1332.1488123196634,417.2781319160963,1335.8276101752908,417.3222385341328,1339.5039493008062,417.180087686799,1343.1693266710186,416.86216646093965,1346.8175572367209,416.3857147451485,1350.4454781455836,415.7730889627494,1354.0529813760406,415.04953733781167,1357.6430568791382,414.2436926679892,1361.221093360113,413.38581544724696,1364.7935508312116,412.50493205984037,1368.3662041818995,411.62484439628037,1371.9436338253822,410.76440985239617,1375.529458588919,409.9397197926633,1379.1267043190944,409.1664532490907,1382.7375417262806,408.45947576665804,1386.3625060076338,407.8289874645752,1390.0004696784292,407.27842726342067,1393.6492053417314,406.8044129819237,1397.3064388601654,406.4010726963272,1400.9701747174947,406.0617299800831,1404.6387623715186,405.7795161414464,1408.310872265819,405.5474657787676,1411.9854588926178,405.358515810517,1415.661735750187,405.20581735170157,1419.3391201841866,405.08249510484234,1423.017168945106,404.98077584183585,1426.6956735828173,404.8971268934982,1430.3743284193445,404.8202402595248,1434.0525988097625,404.72690221381316,1437.730417053602,404.61709774745646,1441.4079426192454,404.49784730850064,1445.0853890452445,404.37616929979345,1448.7629837585603,404.2590813712583,1452.4409279210117,404.15360244987187,1456.1193510499315,404.0665095112267,1459.7979810940271,403.98845451009487,1463.4762928681594,403.8966157529535,1467.154956577257,403.82087280272304,1470.8342884671288,403.7967240461267,1474.5134146807077,403.84201954698005,1478.1911075977353,403.95447943915985,1481.8663645439149,404.12942702951557,1485.5384215487106,404.36215440313055,1489.206735432711,404.64794923324894,1492.870964584348,404.98211565043727,1496.5309491526127,405.3599895941448,1500.1866891868083,405.7769663455464
238,1325.8103628339823,417.42973291647235,1329.4735657742335,417.76697847879444,1333.1514077982995,417.8516885735756,1336.8277778358165,417.7130377029478,1340.492377395825,417.3863621256184,1344.1397537343955,416.90328383512065,1347.7676910248265,416.2906393313022,1351.3764936760904,415.5735341193171,1354.9687170961074,414.7773130405986,1358.548626088259,413.92730052864647,1362.1212541578154,413.0471237337778,1365.6911893552424,412.15606828161737,1369.262357107117,411.26997272440946,1372.8384380133489,410.4039502566048,1376.4231053517617,409.57425015649676,1380.0197178709439,408.79805731052886,1383.6299217552037,408.0878303746152,1387.2532140482667,407.44769371827016,1390.8876488409064,406.8741604136182,1394.531667539784,406.3650188418187,1398.1828279662159,405.9097508331729,1401.8400262721143,405.5060247926288,1405.504081613147,405.1701930847651,1409.1721034538195,404.8804463889852,1412.8422615412617,404.6191089557757,1416.5141882389116,404.3839076953931,1420.1875957504458,404.1730767190798,1423.8622316538153,403.9848480313687,1427.5378763537972,403.8174527227202,1431.2143405055806,403.669121830332,1434.8914624234117,403.5380868945753,1438.5691119580392,403.4227957343211,1442.2472440639654,403.32412380500347,1445.925819129707,403.24365260167883,1449.604755391169,403.1818848977865,1453.2839750977578,403.1403720687784,1456.9633772422665,403.1210378340593,1460.6428283639536,403.1248673423555,1464.3221964314046,403.15013819080235,1468.0014294225175,403.1907627140864,1471.6805074655185,403.2435772647392,1475.3592156565785,403.31727465235826,1479.03670345299,403.4367189827807,1482.7121539632542,403.60782556027993,1486.3850690377485,403.8267753987753,1490.0551026410453,404.0896925152231,1493.7220473300833,404.39270099861136,1497.3858214497036,404.73193490967725,1501.0464561725491,405.1035453690767,1504.704077740464,405.5037484728741
239,1332.255807661847,418.0769581008748,1335.9348314121014,418.08855435156767,1339.609388478264,417.9069731270845,1343.2691553141651,417.53101796147195,1346.9038911469886,416.9616763476505,1350.5065213554285,416.21522696839054,1354.0777635507654,415.33006264378946,1357.626097207546,414.3567191785552,1361.1637589786505,413.34511495044814,1364.7027403787715,412.3381495630302,1368.2514862705384,411.36622777814557,1371.81424473109,410.44705427584984,1375.3922653481468,409.58925785946883,1378.9862516949408,408.80108823061477,1382.5962959748495,408.0901425026606,1386.2214406822818,407.46070821821564,1389.859432025287,406.91029776358624,1393.5074686323148,406.43083825636415,1397.163254577572,406.0144938904795,1400.8247287097645,405.6513474476331,1404.489422291965,405.32220939056117,1408.1589574956406,405.05309708272745,1411.8278105984687,404.7762441261909,1415.4796069624892,404.3280295967718,1419.12409156063,403.8220538699759,1422.7831985946814,403.4404936146809,1426.458409325546,403.2717273632019,1430.1376323306147,403.2390886591169,1433.8170739307764,403.2498551042481,1437.4962470713645,403.21244747115014,1441.1738864724455,403.0973646317391,1444.851529655361,402.9819656510965,1448.52981055051,402.88910637889717,1452.2086939441906,402.8247772250461,1455.8880365213613,402.7976963912641,1459.5674603436566,402.8093771232306,1463.2465756085735,402.85856666014536,1466.925063074603,402.94257716716913,1470.6026992510217,403.05806025712945,1474.2793340562393,403.2019867004022,1477.9548916360022,403.3712415784685,1481.6292137557502,403.5654495104492,1485.30198444217,403.78706170497856,1488.9730756796775,404.0349614061326,1492.6424477632866,404.3071408609444,1496.3101007827106,404.6015925959291,1499.9760712598616,404.91631095785806,1503.6404287739867,405.2492932760876,1507.303272595097,405.5985406443432,1510.9647264627372,405.9620769894533
240,1335.8113693057187,418.0011443221985,1339.487789912509,417.8606047868724,1343.1532118501182,417.5434970890278,1346.799107109431,417.0503694601846,1350.4148591884723,416.37096935596134,1353.9872767032934,415.49201080984835,1357.510241356559,414.43120356380155,1361.003949828765,413.2769837219635,1364.4984526420753,412.1251722557413,1368.012254983351,411.0337637065867,1371.5483441603672,410.0169278054432,1375.106336646136,409.0796331738489,1378.6854956867687,408.2267663479581,1382.2842760468993,407.46089607364956,1385.9000772237187,406.779853870637,1389.5300352235352,406.1787547366622,1393.1715313400018,405.65197544376866,1396.8221766352888,405.1927684637728,1400.4798911105788,404.79369018580775,1404.1433116761607,404.45085057878765,1407.81025543474,404.14773111432635,1411.480416342217,403.88712875284233,1415.154694601698,403.69223396184225,1418.8190957282084,403.36630319825866,1422.4748350548682,402.94999673835565,1426.1448675965705,402.6917812929776,1429.8227015229984,402.58944319716306,1433.5020747713786,402.59769884165985,1437.181428225293,402.6173777890354,1440.860249269967,402.5514379776295,1444.538745042912,402.46733537640745,1448.217446339839,402.39268996231004,1451.896304418751,402.32629257768764,1455.575408230421,402.27541795983757,1459.25471717715,402.24264888244545,1462.9341505529194,402.2305190015973,1466.6135823056538,402.2425254301831,1470.2928081422658,402.2829562127389,1473.9714834792333,402.358099281456,1477.6490788211652,402.4744952672006,1481.32478957523,402.63980895490613,1484.9974448689243,402.86281599394005,1488.666170984088,403.14319419070625,1492.3304049792887,403.47723748418105,1495.9897470551962,403.8612187381784,1499.6439487543648,404.2914095062412,1503.2929007735856,404.7640924475775,1506.936620507496,405.2755707409024,1510.5752395912145,405.8221747526924,1514.2089833902764,406.40031724381424
241,1341.6359163661612,417.7887086709103,1345.2794125628907,417.2781900651564,1348.8929380087775,416.5867669211064,1352.4689515595217,415.72178345054533,1356.0053420355148,414.70649868389836,1359.508229392729,413.5806729260469,1362.9893343454607,412.38897139287087,1366.463431529014,411.17692230141853,1369.9459374347448,409.98932820413444,1373.449756320051,408.8663649567039,1376.9830161645214,407.84000215390967,1380.5478764352638,406.9295336084374,1384.1409776563657,406.13778495136637,1387.7569782156436,405.45809158068545,1391.3905174843255,404.879249044463,1395.0375450847016,404.3925313040889,1398.695467959884,403.9956846911596,1402.359030970465,403.65420692011804,1406.0294364360416,403.3999973814369,1409.7060983928507,403.25742098447773,1413.3734267801954,402.96292299412977,1417.0482852273703,402.89994436152733,1420.7100303638224,403.2584857898285,1424.3839896677891,403.4416137522049,1428.0624875858653,403.3800348669711,1431.7354986722312,403.16456488069593,1435.404341998998,402.88534132926736,1439.074958959569,402.63121482896196,1442.751252247927,402.4827831357982,1446.4295497197452,402.3905931424442,1450.1069168391261,402.26670111500215,1453.7842524832042,402.14175847797543,1457.4619487155462,402.02793215106817,1461.1401240612079,401.93096318794426,1464.8189242653011,401.8620235203164,1468.4982424937098,401.8324909901015,1472.1776200697855,401.85171631899095,1475.8562883260752,401.92619344902994,1479.5333875996703,402.05706442241404,1483.2083457673027,402.2383733313423,1486.8793502697279,402.4865391153481,1490.5417557555882,402.8384801340785,1494.1873271053691,403.3346869299856,1497.807837343518,403.9890344818367,1501.3973840505041,404.7963341832754,1504.9529194533181,405.74241298401563,1508.473086257905,406.81274709593976,1511.9579754193794,407.9929999677379,1515.4088864295481,409.2692787493,1518.8280469833896,410.6283964514317
243,1351.9040055908001,415.72150992109766,1355.4483403134545,414.7342058251781,1358.9590910627826,413.63326440125536,1362.439384066803,412.43937827129923,1365.8959454003807,411.1782848284761,1369.3401226820392,409.8836660284391,1372.7863885428033,408.5946336458209,1376.2493677111117,407.35133454858635,1379.741311567382,406.1921107459391,1383.2701071577671,405.1507315048028,1386.8374507791807,404.2504448720313,1390.4399496608007,403.50321179817297,1394.071150681904,402.9109120781502,1397.72365690037,402.46835808185216,1401.3903539584596,402.16452715800364,1405.0652575274412,401.98451749016726,1408.7438871600525,401.9117712948045,1412.4232190828607,401.93061267187977,1416.101381634052,402.02621738741925,1419.77739855792,402.1845204718412,1423.4509698610054,402.3922199055227,1427.122281777251,402.636779528663,1430.7919413114341,402.9050945441275,1434.4606725367557,403.185847575265,1438.1290519335384,403.4711706959179,1441.7983722942406,403.7440788271445,1445.4670972644026,404.024710601543,1449.1362228812293,404.2986487290054,1452.8141848796831,404.38093586581675,1456.4932584092144,404.3293178733499,1460.1724481433753,404.33437008970293,1463.8463393758536,404.5298888696214,1467.5111143932577,404.85739424004066,1471.1727219589047,405.2193606406472,1474.8398270682928,405.51890594949475,1478.5150595898467,405.692357831338,1482.1929776969102,405.7983706843396,1485.871675138402,405.87270766469317,1489.5508259674075,405.919873994454,1493.2301718464048,405.94835592674644,1496.9096008600338,405.9628211120919,1500.5890478077972,405.9721856304765,1504.2684809482075,405.98586969865033,1507.9478894103602,406.00507155473156,1511.6272638326518,406.02995232828135,1515.3065941068764,406.060673181934,1518.9858693570136,406.0973952799525,1522.6650779179718,406.14027978197083,1526.3442073143747,406.1894878359931,1530.0232440702798,406.2451912626976
245,1359.705440019316,413.3404544577432,1363.1714566988182,412.1054976595089,1366.6445317643834,410.8905408585517,1370.1263690392025,409.70093814873513,1373.6185864576591,408.54217502172196,1377.1226929003617,407.4198937510682,1380.6400613321316,406.3399157688657,1384.1718976775553,405.308259942528,1387.7192049785428,404.3311553534895,1391.2827425614457,403.4150468416327,1394.8629802267458,402.56659122768156,1398.4600478947568,401.7926417972436,1402.0736817111808,401.10021839053366,1405.703168356627,400.4964603651325,1409.3472902105207,399.98855989547764,1413.0042750077516,399.583673668018,1416.67175462958,399.28881189301393,1420.3463990841933,399.1025885562602,1424.0238795332655,398.9825652438469,1427.7024136993964,398.9007280008382,1431.3815400602562,398.85198429379085,1435.0609201254356,398.8287571510308,1438.7403740864017,398.82544912514953,1442.4198126400063,398.8371588911127,1446.0992065473342,398.85891396306107,1449.7785608874487,398.88662674137146,1453.4578882495523,398.9177323204977,1457.1371964693315,398.95102813220285,1460.8164859905178,398.9863291150613,1464.4957515527524,399.0240413454791,1468.1749815835985,399.06506627883454,1471.8541560343022,399.1107905765041,1475.5332418760565,399.16313780428646,1479.2121842366419,399.22471329393005,1482.8908938411541,399.29885046112554,1486.5692195778881,399.38998380630005,1490.246906619848,399.50391747885027,1493.9235688090307,399.64703168813537,1497.5983675527727,399.8315962995404,1501.2701135556526,400.0692293871221,1504.9382803743242,400.3569498505234,1508.602654509313,400.68956290176976,1512.26321233425,401.06187943955,1515.920097129474,401.468728657714,1519.5735961376909,401.9049656769042,1523.224117969848,402.36547488120317,1526.8721705410724,402.8451696567909,1530.5183396036473,403.33898921408434,1534.1632678463204,403.8418931458983,1537.807634507592,404.34885401272
246,1362.976560566288,408.504381027993,1366.486877101892,407.40165792887603,1370.0084666577086,406.3355067774254,1373.5431479696854,405.31362696086484,1377.0925139436613,404.344020019178,1380.6578715524843,403.43502416961496,1384.2401709474282,402.5953362462684,1387.8399232225372,401.834016226032,1391.4571072623028,401.1604683779465,1395.0910676408778,400.5843920714144,1398.7404076740443,400.1156947428994,1402.4028845069192,399.7643598510037,1406.0753163106367,399.5402644094538,1409.753514536639,399.45289702335026,1413.432543478573,399.4980094453121,1417.1090474475661,399.64324229095655,1420.781186499625,399.8739993556027,1424.4476924505939,400.18178556410874,1428.1081311785538,400.5550210252953,1431.7625463318304,400.9833423341909,1435.4114625253985,401.4563102127375,1439.055812067298,401.96332567545977,1442.6968312031534,402.4937688097354,1446.335988458946,403.03685979736326,1449.9749023584834,403.5815817815787,1453.6152230015143,404.1168053459403,1457.2583912744003,404.63226268223696,1460.905128239862,405.1218163841852,1464.5553978219818,405.5843015407488,1468.2087278613158,406.021968141902,1471.8645973918137,406.43790304459645,1475.522545337285,406.83515614829463,1479.1821787384317,407.2165795158109,1482.8431660591432,407.58478830495426,1486.5052695420088,407.9417273077984,1490.1685897961024,408.2859439620094,1493.833612441029,408.61149210475594,1497.5010552949304,408.9084494649643,1501.1715173974694,409.1652523648584,1504.845293217419,409.3689490826875,1508.5221331380217,409.50615483180127,1512.2010767951163,409.56173274799,1515.8800841361544,409.513829417511,1519.5560880839184,409.35728790084187,1523.2264397474082,409.1000625015328,1526.8891711863116,408.75053311488364,1530.5429426006187,408.3171260282183,1534.1869791070776,407.80821735246514,1537.8210028456426,407.23206441455795,1541.4451604101232,406.59673651552816
247,1369.257402269599,402.8818406175167,1372.8815587878673,402.2463937366868,1376.5125221515025,401.651110658241,1380.1508906916542,401.10295388306986,1383.797014274284,400.60907212716063,1387.4509445012031,400.1768050024357,1391.1123802502686,399.8136754558198,1394.7806093917884,399.52736689909347,1398.4544483307704,399.3256817143097,1402.1321820555665,399.21647782637666,1405.8115085870118,399.20758046192594,1409.4894929964103,399.30666723701637,1413.1626358466692,399.51970441564015,1416.8290191326703,399.82880953146906,1420.4891223651016,400.2053125855493,1424.1430493537239,400.6377737141775,1427.791541631877,401.11401468812704,1431.435784177314,401.621811172169,1435.0771575324825,402.14982689661906,1438.717308121582,402.6862230714271,1442.3578419308105,403.22000797541233,1446.000060793972,403.7421573884737,1449.6448729346864,404.24586766648093,1453.2929206744122,404.725561278367,1456.9446883310657,405.1760347761247,1460.6005060396083,405.59233184953234,1464.2605303774099,405.96982325755084,1467.9247361695284,406.30425529049586,1471.5929197256237,406.5917444736674,1475.2646747708604,406.82926939572644,1478.9393930889576,407.01540036556264,1482.6163335157153,407.1507511897474,1486.2947550198428,407.237023100645,1489.9739805207523,407.2763108849312,1493.6534133670068,407.27064436715625,1497.3325282068881,407.2218140614188,1501.0108659014259,407.13172298402327,1504.6880728944489,407.00341885650374,1508.3640127356284,406.8427472013077,1512.0388013632435,406.65750930488554,1515.7129227198589,406.45939899505805,1519.3870452213573,406.2613049357445,1523.0613038339245,406.0657518751836,1526.7357044251294,405.87288512761063,1530.410252549351,405.6828501263856,1534.084953425204,405.4957923268141,1537.7598119182135,405.31185720595874,1541.4348325234914,405.1311902621559,1545.1100193483853,404.95393701422773,1548.7853761495555,404.78024416258904
248,1373.9300596997223,404.2810409498196,1377.3620704484988,402.9545710876941,1380.8158013025172,401.68785856939746,1384.4213622552052,400.9929365678214,1388.081961564392,400.6283936099626,1391.6850944897296,399.8885211775778,1395.267705218911,399.05089831775155,1398.9129715076222,398.57776663430843,1402.5914179192307,398.51426554746195,1406.2707311301642,398.53919003035605,1409.947290129609,398.67967312744787,1413.6175621502882,398.9380361036821,1417.2804397831399,399.2860703139978,1420.9345441418184,399.71670400468815,1424.5797645453151,400.2171606521302,1428.2168922226201,400.77350403756316,1431.8474663640761,401.3712119518258,1435.473801276384,401.99417931798536,1439.098642474917,402.6257993725215,1442.724496688995,403.25156794904984,1446.353263992732,403.86019495535777,1449.986197554782,404.4434092885437,1453.62431669392,404.99330964324207,1457.2684142759138,405.50203403149465,1460.9190083748886,405.9617591585119,1464.5762942580684,406.3647144877901,1468.2400790988365,406.70341202284754,1471.9097892746486,406.9701880376659,1475.5843765330633,407.1580285042091,1479.2622444131648,407.26361813104785,1482.9415459957074,407.28958783888595,1486.6206625352104,407.2432654892026,1490.2984876941057,407.1348318026913,1493.9744901076497,406.97589404823066,1497.6486485304922,406.77868067860544,1501.3213687881275,406.55615955597597,1504.993394962296,406.322407180315,1508.6656739172897,406.0926848921651,1512.339275455821,405.88536687164776,1516.0150688512101,405.72194151051224,1519.6931849361047,405.62500869310946,1523.3725371439784,405.6118037422278,1527.0517383469169,405.65483498780725,1530.7309228875054,405.69972450544697,1534.4101958177937,405.73662856898466,1538.0895555780978,405.7634518799803,1541.7689833984896,405.77809603017687,1545.44843967238,405.77845878038744,1549.1278602966624,405.7624338125851,1552.807152943893,405.72790324318294
249,1378.0838997890735,402.0803903326785,1381.5942971143347,400.9786773405653,1385.1476900061361,400.0249171897423,1388.741285015397,399.23631051065195,1392.3698564643557,398.62893167268237,1396.025126781366,398.21135406616696,1399.6970490206309,397.981922530735,1403.375807720089,397.9287805431498,1407.0534998374999,398.03446179460616,1410.7246369544628,398.2790179122055,1414.3860206630127,398.64194018891067,1418.0363306661054,399.10345361852393,1421.6757454322862,399.64443919451895,1425.3056008611698,400.2463858575918,1428.9280871024966,400.8912985783014,1432.5459903238218,401.5615005920061,1436.1624742357994,402.2393364984782,1439.7807180209045,402.9076948670989,1443.4035092759057,403.55090129272514,1447.0328260575707,404.1561444515042,1450.6695966279347,404.7148126956568,1454.3138815408727,405.2221331576506,1457.9652032908016,405.67603072832713,1461.6229030486945,406.0752774175297,1465.2862211561333,406.4191706246987,1468.9543352885755,406.70744319687844,1472.6263894702063,406.94021734669377,1476.3015164830651,407.11802005445617,1479.9788635132168,407.24171608532544,1483.6576114640288,407.3124783994112,1487.336991126022,407.3317677935907,1491.0162959474503,407.30116800703513,1494.6948918452913,407.22261782776,1498.3722504727302,407.0989298897502,1502.048022020798,406.93460464402244,1505.7220818321748,406.73555490258457,1509.3945089952992,406.50829891158907,1513.0655466389537,406.2595536672371,1516.7356096331027,405.99678606612406,1520.4052013150404,405.72750162507594,1524.0751330764497,405.4629194595865,1527.746440935978,405.2182322130958,1531.419189175221,404.996200122406,1535.0931701801428,404.7955864273008,1538.7681979614126,404.61515019687243,1542.4441070298258,404.4536483759209,1546.1207511686218,404.3098365967496,1549.7980021852661,404.1824698538637,1553.4757486490053,404.07030305013956,1557.1538951638856,403.97211264163576
250,1382.2439414023052,399.59211472561117,1385.8157800284305,398.7104738249197,1389.4290320945377,398.01737178539923,1393.0664883610132,397.46431985561924,1396.7274772055998,397.10356730994863,1400.4051082440935,397.02317757230014,1404.0793859646633,397.20906917768707,1407.7466768796523,397.5078203925186,1411.4076029824757,397.8753990871008,1415.0560922115667,398.35100497472695,1418.6941829206462,398.9009240603571,1422.3236699249255,399.5051149385018,1425.9465373495054,400.14790519199596,1429.5657642784224,400.81092876343814,1433.183808436268,401.480386927797,1436.8024745246328,402.1464716355418,1440.423164912088,402.8014531375616,1444.0471068707395,403.4381805292253,1447.675466009991,404.0492078705486,1451.309269220233,404.6269414344687,1454.9493351564554,405.1637561121536,1458.596145344321,405.65261096880124,1462.2496062510327,406.0889578202209,1465.909100999615,406.47141944485577,1469.5737683259447,406.8006632784658,1473.2427457603414,407.07779687156847,1476.915220061575,407.30394002399356,1480.5904266365333,407.4802196997776,1484.267646997055,407.60780586473845,1487.946208524365,407.6879509300042,1491.6254867543744,407.7220030079536,1495.3049041104466,407.71045169987076,1498.9838775337132,407.6522735720768,1502.6617371327395,407.54478566701135,1506.337675517511,407.3846235551673,1510.0108163214213,407.1696689082643,1513.6804251226422,406.901020250132,1517.3462553192564,406.5848671362874,1521.0087299120705,406.23185106208473,1524.66878152449,405.8544756062197,1528.327834016479,405.46749840174283,1531.9884744613742,405.09591866739675,1535.6517485729205,404.7512710462853,1539.3173766976677,404.4326254086053,1542.9850739616707,404.1387436125491,1546.6545807169616,403.86838314070053,1550.325661371066,403.62029835023617,1553.9981031744835,403.39324155082124,1557.6717149757606,403.18596391910074,1561.3463268919038,402.99723525990504
251,1388.4105559186623,397.66592812661213,1392.0510936064027,397.13283927085774,1395.7086009194688,396.73551209220074,1399.3850057696234,396.6549600026926,1403.0547421323233,396.91800044408734,1406.7249215727434,397.1786779801116,1410.3897039663607,397.50385693289195,1414.0401487482902,397.96411629886506,1417.6797386441363,398.5039073045761,1421.3083746617624,399.11306053395356,1424.927526050056,399.7763818605877,1428.5398063828873,400.4762212437238,1432.1477168795248,401.1982877778537,1435.7540363127437,401.9282725269826,1439.361542604254,402.65235977479995,1442.9728494280084,403.3572172593985,1446.590145953845,404.0306201076997,1450.21470114579,404.6637514020261,1453.8469627064303,405.2510341673547,1457.48688968902,405.78874118856396,1461.134234738911,406.27355426513844,1464.7885882004757,406.7023229824287,1468.4493768225886,407.07210944477833,1472.1158521797859,407.3804172468251,1475.7870774794806,407.62576571781705,1479.461923294739,407.8091255553398,1483.1392351974082,407.93375788346367,1486.8179872079395,408.00434174653503,1490.4973600095616,408.02560149890184,1494.1767230655585,408.00202442193233,1497.8556063066571,407.9378821248812,1501.5336742350253,407.8372073298834,1505.2106879695768,407.703404319063,1508.8863778368984,407.53717364515586,1512.5603135304773,407.33593170816675,1516.2318412270142,407.094773919701,1519.9002757919193,406.81043386609986,1523.5653660457735,406.4857510048716,1527.227687321199,406.13109534331136,1530.888714722044,405.7632717149529,1534.550207208374,405.4001313489914,1538.214667103371,405.0685374292294,1541.8837076392624,404.7923264406409,1545.5564751206362,404.5710456898443,1549.231968615669,404.4008500475087,1552.9093486266509,404.27786377878726,1556.587925844064,404.1981966051595,1560.2671490205742,404.15795641590177,1563.9465923277232,404.15325888202455,1567.6259422929495,404.1802587513561
252,1394.126120745765,396.0286928007492,1397.7997960525229,395.8368004929583,1401.4780694752708,395.9028023872023,1405.1478745244735,396.16478718058454,1408.8043545113078,396.5736732931822,1412.4448923242987,397.1063107772012,1416.0679090842261,397.74772303282083,1419.6760440706482,398.4684262466266,1423.2729961304724,399.24315034822,1426.8631523474303,400.04885695558977,1430.451321813167,400.8633857854464,1434.0417229236468,401.66800417346604,1437.6371980168474,402.44961042310234,1441.239461234195,403.199283958555,1444.8495536409255,403.91026936146517,1448.468253304225,404.5760267619253,1452.0959184385442,405.191026353653,1455.7325207465165,405.7507278613724,1459.377734994679,406.25124712030697,1463.031013473009,406.6890016651344,1466.6915481893097,407.0612047718252,1470.3582445689008,407.3668096202277,1474.029790401844,407.6072956240301,1477.704879334645,407.7857328862668,1481.3823541912145,407.90543253646797,1485.061221748273,407.9695602786249,1488.7406331654788,407.98150700576485,1492.4198945905518,407.94566548783877,1496.0985045787816,407.86744041519177,1499.7761708722724,407.75299001651905,1503.4527946160372,407.6087748244445,1507.1284397325915,407.4413878398858,1510.8032946013398,407.25741784536325,1514.4776300923147,407.0633236760016,1518.1517504532403,406.86518908188856,1521.8258964372105,406.66753081832724,1525.500199921576,406.47282364131814,1529.1746830647949,406.2815367223271,1532.8493086661842,406.09300504712195,1536.52401203393,405.9059942914887,1540.1986756127708,405.7182048086231,1543.8731194730062,405.52616818458137,1547.5472990763647,405.32913969608074,1551.2212237259746,405.1274124557935,1554.8949039182785,404.9212807784545,1558.5683512077173,404.71103893091544,1562.2415781356892,404.4969811276737,1565.9145981595755,404.27940152806235,1569.5874255818296,404.05859423500374,1573.2600751789535,403.8348483888277
253,1396.4798763809079,395.33992882076984,1400.155084046675,395.5161385355162,1403.82534379799,395.7696322715946,1407.4766045418949,396.2218487995363,1411.1102356862182,396.7999530176074,1414.7264384491352,397.4787388030705,1418.327072055739,398.2360458260048,1421.916888345501,399.0432101428756,1425.500791253816,399.8763004674684,1429.0840133411832,400.712321749171,1432.670876068252,401.53255720606535,1436.2643178712399,402.3234370235916,1439.8661308682729,403.07523576328515,1443.4773284761588,403.78054436943745,1447.0981163256554,404.43482430170513,1450.7280564605173,405.0362507452664,1454.366427077193,405.58437364103384,1458.012398473205,406.07942653312807,1461.6650901984624,406.52218873842696,1465.3236087879734,406.9139151861667,1468.9870931315997,407.2561189765574,1472.6547544628384,407.5502146615249,1476.32587679461,407.7974013154755,1479.9998060605317,407.9986239391701,1483.6759370168145,408.15454849918757,1487.3536954602175,408.2656668548821,1491.03253229388,408.33208918262795,1494.7119071679067,408.3531933114424,1498.3912512501347,408.3275224875539,1502.0699394588307,408.25353717872684,1505.7472987029998,408.13007543193,1509.4226336894524,407.9565170764614,1513.0952414815602,407.73255277404746,1516.7644354067206,407.45827791984345,1520.429557692065,407.1340990014388,1524.08998735769,406.760630397337,1527.745431808547,406.3411231947363,1531.3962682211388,405.8831693225304,1535.0441211744437,405.40194562997675,1538.6924694248019,404.92449989199645,1542.3427768452118,404.4622715965002,1545.9948897783863,404.0145298504345,1549.6486381902855,403.58033377879667,1553.3038625465977,403.158740871043,1556.9604131082283,402.74880733496707,1560.618149217182,402.3495883976204,1564.2769385747645,401.96013855696935,1567.936656513803,401.5795117881961,1571.5971852662647,401.2067617085336,1575.2584142263865,400.8409517496796
254,1403.3264438006886,394.98369214058835,1406.9746951006136,395.45892510708626,1410.5986513669127,396.0944080577176,1414.200873412235,396.84379645166456,1417.78433802351,397.6785127878411,1421.3540052947542,398.57054941334275,1424.9155798968332,399.4944351734945,1428.4741176630264,400.42997011365406,1432.033768093457,401.36125694461765,1435.5979475321583,402.27503682464487,1439.1695954425402,403.15913948012764,1442.7512882520202,404.00157534394407,1446.3450840115306,404.7907201248791,1449.9524243075498,405.5153540556499,1453.5739739352462,406.1651696633174,1457.209403386319,406.73214578234484,1460.8571184652978,407.2137936289658,1464.514824198881,407.6126309572585,1468.1801481849184,407.934124921158,1471.8510555574815,408.18405665843846,1475.5258760012557,408.367848949547,1479.2032496612485,408.49055719674396,1482.882077561751,408.55690461038404,1486.5614805778664,408.57129339312144,1490.240764807655,408.53792361195946,1493.919396904197,408.4608491307449,1497.5969852575536,408.3440397349373,1501.2732678015573,408.1914919714837,1504.9481015945125,408.00725988058724,1508.6213405730502,407.7935758039836,1512.2926313995333,407.54873586907354,1515.9612106316654,407.266238645962,1519.6262186161273,406.94071128028685,1523.2871512246163,406.5721233992148,1526.9443385355166,406.1679908362211,1530.5988685998568,405.7404346549694,1534.2522056444302,405.3027759868339,1537.9059671964633,404.8686856520879,1541.5618219503885,404.4526436913288,1545.2211948770216,404.0688813080414,1548.8857066988078,403.7381243179393,1552.5560797102753,403.48059630865527,1556.2308007892887,403.29499939804543,1559.9082925463817,403.17611284997935,1563.58726412262,403.11865259164136,1567.266690828743,403.1173082148138,1570.9457913079548,403.16677176546096,1574.6240033462943,403.261759041574,1578.3009591941372,403.3970241456739,1581.9764595671047,403.5673986395033
255,1408.0210507517347,395.1381895562414,1411.6282548583322,395.8625037598722,1415.207115007191,396.71634832650034,1418.761111837138,397.66867482486936,1422.296957762992,398.6865132919077,1425.822798588584,399.73857277256485,1429.346539689636,400.7976591506754,1432.874758121894,401.8417082111398,1436.4124875683965,402.85301355777057,1439.9638963679774,403.81510582206454,1443.5322627733883,404.71216905752954,1447.1194284310761,405.5307381348445,1450.7252502935567,406.26271032313474,1454.3481742564484,406.90469760646647,1457.9859555275943,407.45631208690634,1461.6362717106472,407.9177598992082,1465.2967801419686,408.2898370703647,1468.9650922959922,408.57498236731476,1472.6388784143428,408.77795401179884,1476.3160731098435,408.9053462410916,1479.995015758482,408.9640707355178,1483.6744346179346,408.9608169962827,1487.3533912419384,408.90192285303,1491.031225717047,408.79342322739376,1494.707510850723,408.6410855782831,1498.3820136797863,408.4504490594266,1502.0546633508905,408.22687255543985,1505.7255251776373,407.97559730244603,1509.3947782528085,407.70179662105767,1513.0626963592072,407.410632399564,1516.7296322676161,407.1073314447019,1520.3960023821396,406.7972561270111,1524.0622752977442,406.48603190381874,1527.7289483346524,406.1795654135617,1531.3964883501842,405.8836697629113,1535.065147756917,405.6020023792652,1538.7349447437903,405.33556292669306,1542.4056866138842,405.08245877510114,1546.0769857897942,404.8375546903393,1549.7484101314287,404.59453004800315,1553.4194504530374,404.34578916681846,1557.089543272895,404.0834583259871,1560.7585516402319,403.80636883003257,1564.4264882956222,403.5154328186879,1568.0933763394266,403.2115626310615,1571.7592485042155,402.8956700899103,1575.424146462067,402.568666332803,1579.0881201332295,402.2314616899975,1582.7512269970666,401.88496560539727,1586.4135303727387,401.530076025173
256,1411.9274353476776,395.2985646611323,1415.485174560333,396.2362930118467,1419.0089672259453,397.29473249981135,1422.5047646106398,398.44249381005545,1425.9834491535698,399.64127729321166,1429.4587541297615,400.84985453718565,1432.9445626298434,402.02770473918486,1436.4518524108614,403.13980581771415,1439.9857516188213,404.16408799330543,1443.5471259789585,405.08825520066426,1447.1342978159587,405.90656036753006,1450.7442530467822,406.6176687021302,1454.3730671830428,407.2253470003809,1458.0167911706715,407.7361955666479,1461.6719436342246,408.1577019163031,1465.3356247884824,408.49733588819066,1469.0054664531713,408.762408689919,1472.6795795836479,408.9598114574362,1476.3564889228346,409.09572057636376,1480.0350532735451,409.17536748251655,1483.7143785154906,409.20332525790616,1487.3937620739841,409.183737980135,1491.0726574713012,409.1204724946009,1494.7506481696726,409.0171222367343,1498.4274273401984,408.8770806132192,1502.1027822893666,408.7035867935964,1505.7765816822557,408.49975491686814,1509.4487656165934,408.2686098873782,1513.119340519269,408.0131596218051,1516.7883724891128,407.7364109284703,1520.455981291978,407.4413844825501,1524.1223653940424,407.1314955500326,1527.787658873237,406.80896041246774,1531.4516641045182,406.47212721974154,1535.1134523664196,406.1120483819929,1538.7717383077309,405.7180495476005,1542.42558885621,405.284835783549,1546.0752452719212,404.81754712539765,1549.7222339998552,404.32982034300323,1553.3685310408412,403.83693601773996,1557.0166761298385,403.35798606395895,1560.6695300197719,402.91648652920253,1564.3271910400126,402.51673965318054,1567.9889198490375,402.15612729930035,1571.6540610421553,401.8320047234656,1575.3220389129428,401.54171379824527,1578.9923520587538,401.28258882492554,1582.664567722317,401.05196120836456,1586.3383159608145,400.84716307798635,1590.0132852219083,400.66556182951166
257,1417.6944745110432,396.4974246490015,1421.1757582131945,397.68839797837245,1424.6330347265764,398.94752746792443,1428.0772323078406,400.24208711881107,1431.5202788285249,401.5397122336909,1434.9741862313303,402.8080761947072,1438.4502698217814,404.01417669241164,1441.9581277193747,405.1242356706244,1445.5025267034578,406.111180537708,1449.082013051486,406.96211347113825,1452.6905667252424,407.6799940903005,1456.3212739814296,408.2760275202287,1459.96827060135,408.7627971602786,1463.626970543714,409.15219529665785,1467.2939139474206,409.45447265978686,1470.9665876320114,409.6767230180386,1474.6430372141538,409.82403025516305,1478.3216495007962,409.90043418870664,1482.0010490211469,409.9095935557304,1485.6800565111278,409.8548070461259,1489.35765085763,409.73894638305944,1493.032961008904,409.565012207628,1496.7053424065534,409.3373687448083,1500.3745748892393,409.06349479314696,1504.0409612223912,408.75372863800766,1507.7053029952374,408.42057096249613,1511.3687530436478,408.0777141533101,1515.032608347091,407.73922961021736,1518.6977702785932,407.41522064584734,1522.3643785167394,407.10799961830935,1526.0318062802946,406.8106965979883,1529.6992278580558,406.51331751364137,1533.365806436581,406.2057444683707,1537.0307335037903,405.8791198697659,1540.693217640709,405.5261920143007,1544.352784683472,405.1442001173254,1548.0095704267285,404.73640496331393,1551.664508427853,404.312332880309,1555.3190717644743,403.88503516849727,1558.9748247634052,403.4680653720345,1562.6335675112143,403.07833734992687,1566.2973234215729,402.739161906486,1569.9657884921032,402.4553572561227,1573.6378850044844,402.22314750650634,1577.312693643094,402.0386852369481,1580.9894461916224,401.89810166093406,1584.6675138983342,401.7975202619989,1588.3463951880783,401.7330673218187,1592.0257030254165,401.7008796054926,1595.705152104618,401.6971415899524
259,1426.8477827179527,399.6711327231439,1430.2190961349152,401.1450890430546,1433.5832082540467,402.63544638009245,1436.9578542876939,404.1017189437795,1440.3628757273314,405.49575986023564,1443.814664505448,406.7691895112507,1447.3230088325092,407.8767869373793,1450.8876276784981,408.7869025604738,1454.4977713349574,409.4954272335917,1458.1390507955994,410.0218482799503,1461.7995005168377,410.3931333942767,1465.4708460855886,410.6349984419056,1469.1477011050672,410.7706653602318,1472.8267552233374,410.8206699899609,1476.5061179374145,410.8012098545155,1480.1847050063363,410.72275031709916,1483.8617270471264,410.5897338003369,1487.5364671700722,410.4040485239824,1491.208247762914,410.1669144976807,1494.8764911080573,409.8801779057883,1498.540864324623,409.5475671348336,1502.2013695790145,409.1747318683174,1505.8583442623406,408.76867547352833,1509.5123987319114,408.3370908695436,1513.1643764683588,407.88824533125273,1516.8152988118086,407.43088059699016,1520.4663066284345,406.97419995760896,1524.1185899162174,406.5278533688887,1527.7732722291264,406.10163472437887,1531.4313971725487,405.7061229515007,1535.09361449218,405.35054513546663,1538.7595735890861,405.03581624735745,1542.4273720526758,404.7431286257133,1546.0946772541638,404.44437111477424,1549.7595083982224,404.11674326627633,1553.421301385982,403.75672413878766,1557.080707299696,403.3731318825455,1560.739138664454,402.9803249029611,1564.398186778431,402.59332342578426,1568.0593531937516,402.2269778876223,1571.7242446308003,401.9002094623745,1575.3935172900274,401.6270446338199,1579.066269921984,401.4054527793115,1582.74159017597,401.23147768513235,1586.4187203893232,401.1011376170132,1590.0970454400133,401.01043968801804,1593.7760798756544,400.9553909983471,1597.4554546396703,400.9320067948506,1601.1349036418612,400.9363159596762,1604.8142501383356,400.964388458869
260,1430.5779323982242,401.56959231136995,1433.9192439404148,403.1103310391171,1437.2873251776296,404.59150821285357,1440.6934663511906,405.98276382853817,1444.1440418530292,407.2596664537963,1447.6424354624387,408.39878346499927,1451.1896923886425,409.37486105545014,1454.781761346311,410.1701440689327,1458.4092202579816,410.78444761184915,1462.0611083651559,411.2317039201906,1465.7282739064503,411.52947397642976,1469.4038822104699,411.6938427651063,1473.0829199181874,411.73929279525055,1476.7617715631402,411.67889516225404,1480.4378904127188,411.52424148364383,1484.1095372617758,411.2856798189356,1487.7755919433805,410.97254616727304,1491.435404801648,410.59325088897816,1495.0886849983797,410.1554004049163,1498.735622244228,409.6674523644355,1502.377055627151,409.13992284259837,1506.014531475396,408.5857080336256,1509.6500498204439,408.018767679445,1513.2858271520674,407.4534942218109,1516.9241282794521,406.9047380702896,1520.5671253426674,406.3881604025884,1524.2166930860358,405.92039074599404,1527.873383904603,405.51209379472664,1531.5373224037392,405.1753619254144,1535.2086113233388,404.93184234635487,1538.8846032204,404.77350729135964,1542.5621779686671,404.6558123297508,1546.2389901417364,404.51685779164757,1549.9129876923134,404.3175185407073,1553.5823806683582,404.04631173197254,1557.246426958702,403.71028847338636,1560.9053945030523,403.3227541674216,1564.559166249793,402.88892903904195,1568.20759672443,402.41224109555304,1571.850660915211,401.89611914114346,1575.488444010312,401.3439841356982,1579.1211309959174,400.75924266375364,1582.7489962881928,400.1452823864327,1586.3723935237435,399.5054692713345,1589.9917455907885,398.8431463911397,1593.6075349509147,398.16163408298286,1597.220294271026,397.46423126676655,1600.8305973597064,396.7542177297856,1604.4390503839738,396.0348571940713,1608.0462832751818,395.3094007399194
261,1434.0587942293232,403.22808362496556,1437.3417738186783,404.88952639228967,1440.6504693122592,406.49896795007555,1444.009983943371,407.9990137520519,1447.4417172330513,409.32473132823236,1450.9545429214438,410.4167603084264,1454.5397106807657,411.24064192493313,1458.1743470410174,411.8089169392245,1461.8368377704203,412.1572334483667,1465.5120745482643,412.32746362649476,1469.1912434155574,412.35715466586464,1472.869770157161,412.27878736057914,1476.5456524333058,412.1179145687726,1480.2181074254484,411.8916604576372,1483.8866064523681,411.60830903162287,1487.5506338785642,411.2720038326839,1491.209688773123,410.88530836217893,1494.8633570741881,410.4506293940672,1498.5114600076924,409.9714460422383,1502.1544270964996,409.4546136142113,1505.793412796946,408.9104047651912,1509.4302467594189,408.3519673422417,1513.0672144582898,407.7944037214111,1516.7066897199404,407.2534903561539,1520.3504309301054,406.7421474115799,1523.9990996122654,406.26726101847163,1527.6523979428976,405.82940376653704,1531.3097479995229,405.42677207813205,1534.970552850351,405.0568474294907,1538.634272697935,404.71698624814996,1542.3004711969213,404.4049805275136,1545.9687033629866,404.1178447557035,1549.6386932629437,403.8541399727975,1553.3103658664302,403.6149627437331,1556.9825147289177,403.38314519392213,1560.6544404888255,403.1478180257309,1564.3264315143865,402.91351335605634,1567.998819410191,402.685525637976,1571.671908461683,402.4691510951502,1575.3459484332557,402.2696064746781,1579.0200779976872,402.0717975314072,1582.6909140794673,401.82083966137094,1586.3565575902664,401.5028233692678,1590.0163721526442,401.12349211553965,1593.6700159142063,400.6886647020227,1597.31740864899,400.2041431722392,1600.9587017065119,399.67569127596295,1604.5942480409526,399.1090207611501,1608.2245729645763,398.50978445264127,1611.85034557793,397.88357258912214
262,1439.4221169670998,406.3552404959253,1442.7305711487113,407.9647301649982,1446.120467719286,409.3939153999811,1449.6004930292365,410.5862791712562,1453.1590890493217,411.5185439541419,1456.772958676814,412.20687330280407,1460.4216514860684,412.6780744796494,1464.0898837969185,412.9608876025174,1467.767082856862,413.0825708113821,1471.446333413608,413.06727656677657,1475.123340580008,412.93643333238236,1478.7956373309432,412.7083984907017,1482.461910508931,412.39795679814614,1486.1214435439351,412.01603095972894,1489.7739513033905,411.57181811663986,1493.419556883117,411.07404730394904,1497.0588011353113,410.53165916408665,1500.6926272535422,409.95403672004824,1504.322338052962,409.3510586318334,1507.9495164645004,408.73300814776087,1511.5759314637373,408.11048751937545,1515.2034506570292,407.49444370277615,1518.8339461625585,406.89621873777526,1522.4691843295907,406.3275760996451,1526.1107103102108,405.80078286242747,1529.7597186761495,405.32871568186084,1533.4164558967577,404.92090019620423,1537.0800313665457,404.57988594676186,1540.7486911898486,404.2986211999461,1544.4206520187727,404.06411153719733,1548.0944668125057,403.860492371945,1551.7690563715332,403.6712685988688,1555.4436126603441,403.48140106777737,1559.117541479826,403.27979854421966,1562.7904472078465,403.06036319989306,1566.462150731183,402.8216565046381,1570.1325943266272,402.56429603877507,1573.8017388900082,402.28903166947015,1577.4695539700551,401.9965810194924,1581.1360376744378,401.6878830349144,1584.8012135362123,401.36401900539136,1588.4655455715497,401.0307223716993,1592.1296409037773,400.6948308541705,1595.793625346939,400.3577316779155,1599.4575626874584,400.0201208396794,1603.1215170049395,399.6826943269437,1606.7855522771201,399.3461481713501,1610.449731984598,399.01117850075235,1614.1141187152825,398.6784815892508,1617.7787743208737,398.3487600617996
263,1443.9359011945369,409.07544564917015,1447.3766627987557,410.3773355360049,1450.8998387683764,411.4354559512209,1454.4912438481535,412.2318821511119,1458.1290455105116,412.77991984993844,1461.7926929730456,413.11606199880634,1465.4684094125917,413.27546087887737,1469.1476480014621,413.2880462445129,1472.8253311262174,413.17833926901227,1476.49856444973,412.9660975002173,1480.1658065502513,412.6673738827988,1483.8264566515231,412.2962934714474,1487.4806148370346,411.86581768502197,1491.1288517790913,411.38766186413704,1494.771833924265,410.8709422211986,1498.4103358283207,410.32352929195906,1502.0453434344497,409.75334597606263,1505.6781603444638,409.1693493064361,1509.3103123118356,408.58122533950893,1512.9434462634208,407.99920769452353,1516.5792208621867,407.43394718513724,1520.2191779158215,406.89632393863224,1523.8645767578207,406.396996493576,1527.5159200522742,405.94320551174206,1531.1727156163806,405.53564591234834,1534.8337018432726,405.1675482403071,1538.4975937493946,404.82952199565716,1542.1633125436679,404.5118696764443,1545.8299886620607,404.2054381018487,1549.4968604738983,403.9013515322068,1553.1632586684407,403.59161773720945,1556.828709638901,403.27087561298146,1560.493181461623,402.93912580665324,1564.1573155428289,402.6036570696793,1567.8215764063357,402.26957618267323,1571.4862727460268,401.9403198667187,1575.152468996365,401.62827120284595,1578.8211746734935,401.34738678255985,1582.4930451818811,401.1116750825354,1586.1682201581427,400.93519538259403,1589.846053163739,400.82736544559515,1593.524965685809,400.7644528093204,1597.2042041638963,400.72463936399424,1600.8836076824603,400.70524637647543,1604.5630629418383,400.70464792517214,1608.242481572199,400.721215909112,1611.9217979998468,400.75332102049623,1615.600967292763,400.79933350452797,1619.2799629939877,400.85762372739293,1622.9587747175776,400.9265742984285
264,1448.7261408772647,411.30220720655626,1452.2504969875267,412.3562898880441,1455.8454122826133,413.1363048193507,1459.4886658509135,413.64565820197123,1463.157623518471,413.91637090146133,1466.835998061899,413.98939773301544,1470.514115271368,413.8995411630083,1474.1865631689166,413.6752171926987,1477.8505676381105,413.3395937974261,1481.5049925282965,412.9117949272694,1485.1498009104835,412.40839710088323,1488.7859769398237,411.8458813967835,1492.4153322707903,411.24082082446375,1496.0400190816667,410.6083453574152,1499.6619509141062,409.9602570168873,1503.282874883292,409.3065542267171,1506.904562523932,408.6571014067347,1510.528830792155,408.0222282041822,1514.1574017494481,407.41246372263674,1517.7917621437791,406.83826662517464,1521.433076445242,406.3100351959294,1525.0819442919953,405.8368532490792,1528.7380038438334,405.4229034032148,1532.3999369885596,405.06451533386365,1536.0661448884398,404.75275183612274,1539.7352384700246,404.4769039244973,1543.406181120675,404.226779413119,1547.0781801821902,403.9926204918116,1550.7505609285895,403.7645034789053,1554.4227536343924,403.53338304973676,1558.0946455814424,403.29753345785144,1561.7658740060483,403.0516041156691,1565.4370276363206,402.80461482912926,1569.1098253426426,402.58343239926427,1572.775140269516,402.26462050341405,1576.4351067979662,401.887112588041,1580.1062193873206,401.64260403502567,1583.7828517605503,401.49966746039183,1587.4605805803528,401.38687526438315,1591.1372698784153,401.2449237639503,1594.8114824814604,401.04885988619526,1598.4847918280693,400.83621917482435,1602.158230988781,400.62583341332464,1605.8318032472787,400.4177844837868,1609.5054984764397,400.21191823055506,1613.1793068175632,400.0080803653191,1616.8532186617801,399.80611647929993,1620.5272246313964,399.6058720552605,1624.2013155611555,399.4071924793358,1627.8754825523695,399.20992441495656
265,1453.2163518024338,413.36850403747343,1456.836555541837,414.0201605152586,1460.4963600974725,414.39285342957373,1464.1725531506281,414.53605588195506,1467.8514401252003,414.49241720433093,1471.5255346730612,414.2976516950674,1475.191250948173,413.981471469392,1478.8474283132202,413.5689353521719,1482.494465248318,413.08191027780896,1486.1337609838984,412.53990749886873,1489.7671901317974,411.9597979629853,1493.3963424882827,411.35347133520963,1497.0223167232302,410.7284059286248,1500.6459758995327,410.0900464040145,1504.2683476585032,409.4444154284185,1507.8906658803455,408.79848388870874,1511.5142762625185,408.15984869040915,1515.140531992683,407.53642585589546,1518.7706900763662,406.936169140282,1522.405824994565,406.36686215708244,1526.0466986265635,405.835528803272,1529.6936030966237,405.3473270508951,1533.3461912308394,404.9036392884481,1537.003496873339,404.5006343532579,1540.6649941049318,404.13772826115036,1544.330224295022,403.8145726663396,1547.9972027943259,403.51184589132765,1551.6682649967224,403.264679271175,1555.3419869560514,403.05952188394485,1559.0115427810304,402.79020668407503,1562.681743208671,402.52988786135535,1566.3555073786422,402.32576049199474,1570.031395893528,402.16401355127914,1573.708383568037,402.02929748153093,1577.3857847321606,401.9062651668296,1581.0630604368212,401.7795748701298,1584.7396256987358,401.6338803357209,1588.4146565951435,401.4538249047724,1592.0868974041794,401.2240565350294,1595.754528248642,400.929945608987,1599.4166520375488,400.57352731233175,1603.0763465761695,400.19271393606545,1606.7415519321214,399.8701294913898,1610.4133106074648,399.63343682950494,1614.0894418549392,399.47866927955147,1617.7680283551633,399.4015235448414,1621.4474288546783,399.3976260523858,1625.126264967079,399.4625712207145,1628.8034051119657,399.59195306489113,1632.4779434354582,399.7814459476166
266,1456.4895160086226,414.65530336241204,1460.1368280013128,415.1337382171654,1463.8092752530201,415.34981048125144,1467.488250787587,415.3416213316029,1471.1621037677835,415.1446973812548,1474.8242917556609,414.7909608485727,1478.4718672370132,414.30877943351476,1482.1043562737177,413.72334565288236,1485.7229993560668,413.0574394741529,1489.3304317640489,412.3331084588899,1492.9302199426513,411.5716095677647,1496.5262659279053,410.79259470266203,1500.1221541979858,410.0128505498061,1503.721058203734,409.24716813898533,1507.3257518100706,408.5092656059359,1510.9383940650923,407.8113657212925,1514.5599907512556,407.161570089764,1518.1905820598504,406.5640892283618,1521.8297027163283,406.02098429054126,1525.476742392937,405.53390231708596,1529.1310326778034,405.10460658117273,1532.79175973093,404.7341941413639,1536.4578665975114,404.42142620509605,1540.1280772033952,404.16108906154255,1543.80116903832,403.94502426296253,1547.476168036747,403.7641288881722,1551.1523601097008,403.60923565316426,1554.8292272607205,403.4712022628625,1558.50638690956,403.3411498769813,1562.1835569902487,403.2113911138242,1565.8605039170202,403.0754793578653,1569.5369853602358,402.9275393985871,1573.2128822031689,402.7657270879992,1576.8876906442106,402.5810419782847,1580.560308234287,402.3570659780138,1584.2305529858015,402.0969960948255,1587.898705608272,401.8088532384703,1591.5652302198127,401.5006426838053,1595.2307217043945,401.1803543785229,1598.8956615323946,400.8538154027402,1602.5587479031526,400.5072123980173,1606.2185085647566,400.1271087209858,1609.874854817417,399.715435342358,1613.5278821212253,399.27526621948823,1617.1777573800978,398.80966893279316,1620.8247108955154,398.3217020890716,1624.46902839213,397.81441384771875,1628.1110431559484,397.2908414268351,1631.7511283056851,396.7540114474718,1635.3896888309812,396.20693852437284
267,1462.2497581220184,414.8896539196914,1465.9239562138014,415.07904089233165,1469.6030667283446,415.0896424128703,1473.2789023370576,414.9331297263767,1476.9447476585833,414.61990919516523,1480.5956195206113,414.1637893383391,1484.2290536577943,413.5845278572222,1487.8456849123029,412.907924047507,1491.4482912739131,412.16002612032594,1495.040978873748,411.3657270839966,1498.6286465943497,410.54899696229336,1502.2165641470895,409.733366368927,1505.8090208061099,408.9380029247322,1509.4086675710805,408.1758731700302,1513.0166631507925,407.4543305149251,1516.6335943644683,406.77903625456065,1520.2598313569513,406.15568363319255,1523.8955087619759,405.59003366773135,1527.5404581160324,405.0876419398516,1531.1941942709138,404.6538056891621,1534.855672598332,404.29107612764403,1538.5232814734627,403.9965842849227,1542.195126287159,403.7604743945587,1545.8696239783778,403.56978777842335,1549.545669470039,403.41151388820026,1553.2225349339114,403.2734509409114,1556.8997113300281,403.14387154943785,1560.5768086365686,403.01208058162536,1564.253469238273,402.86867897396485,1567.929457909389,402.708965218649,1571.60485926119,402.5362828368632,1575.2786930780333,402.33323435480725,1578.9526400583027,402.13263730869204,1582.6271383854598,401.9457206919376,1586.2734875213184,401.4643114225689,1589.9105065312224,400.9109452823002,1593.5784683460943,400.62906037444446,1597.2563115653506,400.5247592173517,1600.9352306768765,400.46234638692056,1604.6111687915093,400.3078293083114,1608.2798764972442,400.02731301905595,1611.9494709852524,399.75847016722963,1615.6223710432994,399.5393032613302,1619.297732457829,399.3661683831187,1622.974847246478,399.2353631073175,1626.653136015769,399.14317538570185,1630.3321368205013,399.0858932645972,1634.0114936815974,399.0598120917268,1637.690944966271,399.0612394617154,1641.3703116059653,399.0865209571535
268,1465.883239341141,416.2920464799587,1469.560643343803,416.1898905486876,1473.2256461564011,415.86915677615536,1476.8701024414338,415.36515790974,1480.4899945229124,414.70705581306726,1484.0844028280846,413.92121081829316,1487.6565685792377,413.0394378323476,1491.2148380327342,412.10293135207917,1494.7707714762275,411.15755594454646,1498.3353969911911,410.24560657316346,1501.9147913985062,409.3935819130126,1505.5098466030145,408.6102591632167,1509.1187838680107,407.89357685892986,1512.7395695535315,407.23934564816597,1516.3704850403074,406.64386570365616,1520.0100457405931,406.10370429433834,1523.6569523589208,405.6155680847113,1527.3100826418438,405.17639955854963,1530.9684619774991,404.7833188429294,1534.6312537459569,404.4337101624191,1538.2977167412657,404.12493938352634,1541.9671447293044,403.85362333579303,1545.638861367446,403.61521463430734,1549.312268656032,403.40439214154685,1552.986882863857,403.2157226421537,1556.6623447416662,403.04431494655864,1560.3382868498284,402.88349372485885,1564.014526896211,402.72963825224076,1567.6909537829767,402.58030572650523,1571.3666950708296,402.4150430924922,1575.0428505489388,402.2595670031393,1578.7187128530388,402.09862969905464,1582.3886079526812,401.8341112567698,1586.0642939305153,401.68026375954946,1589.7430603721373,401.6133058465002,1593.4162603183422,401.4034154391118,1597.0798980204456,401.06391240673935,1600.73529144642,400.64408612330493,1604.3869531884145,400.19266973947794,1608.040634211795,399.7580553947009,1611.7005684946937,399.3799075515783,1615.3654337364922,399.0528323248617,1619.036974022418,398.8146493392592,1622.7151563735029,398.7286701413466,1626.393831640325,398.7924976806737,1630.0676138446686,398.9933449403979,1633.7325588097985,399.318086772294,1637.386028044726,399.75360348921663,1641.0265193896644,400.28702369576854,1644.6534710692865,400.9059779417513
269,1470.130046418734,416.27141487559834,1473.8037639345114,416.0754596045211,1477.4589008604971,415.658203789878,1481.0811940184863,415.0153544991912,1484.6604316317353,414.1641893514738,1488.2006648363722,413.1622015736155,1491.7188098190386,412.084726537524,1495.2357554427813,411.0033113463381,1498.766193572869,409.9669328850868,1502.3166901896298,409.00161402180424,1505.8880087341875,408.1164350420641,1509.4780681663538,407.31060467015385,1513.0845732100477,406.5818760532996,1516.7054616392636,405.92833503799784,1520.3389035153166,405.3486236835267,1523.9832033318708,404.8416090364489,1527.6366649846593,404.4054510254613,1531.297527205999,404.0364554674246,1534.9641077719027,403.7293423283298,1538.634939643481,403.47798125839296,1542.3088383251768,403.27621860377474,1545.9848688140894,403.1178376270758,1549.66230675704,402.9962773481678,1553.3406087819906,402.9043122050228,1557.019392923787,402.8340298546259,1560.6984119355257,402.77719802620203,1564.3775068444522,402.7254446198358,1568.056551690099,402.6702901375457,1571.7353953666736,402.6031689468492,1575.4137988910556,402.5153431509585,1579.0913754276153,402.3980593928514,1582.7675631051977,402.24337389463636,1586.4417585271729,402.0470168754317,1590.113532680438,401.8095973800593,1593.7827722573086,401.5357312820905,1597.449537289869,401.2304633163765,1601.1145182510738,400.90440156393424,1604.7785182365672,400.5674814282317,1608.4417759293174,400.22257989045886,1612.1044861137377,399.8719088020984,1615.7668535663736,399.5176743545035,1619.4290456969852,399.1616314162584,1623.0911526919497,398.80471370086156,1626.7532569335137,398.44776773013973,1630.4154408291147,398.09164008158854,1634.0777862274233,397.73717747841886,1637.7403738339456,397.3852268774802,1641.4032826257253,397.0366355516198,1645.0665892648144,396.6922511635927,1648.7303685115646,396.35293270170064
270,1475.8592965840928,415.7897913533327,1479.5025879809014,415.27713747252636,1483.1208390493741,414.6102892534242,1486.7078649226296,413.7918974486731,1490.2601828647441,412.8337979652885,1493.7804439317233,411.76354983449966,1497.2797416246947,410.6263683942175,1500.7753750396053,409.4779204156033,1504.2854655051265,408.37465102070104,1507.8227590737272,407.36223643999944,1511.3908454189568,406.4644986182115,1514.9865141427854,405.6844758924423,1518.6045126359636,405.0154861051658,1522.2397894718267,404.4476818043927,1525.8881661867115,403.97108604738594,1529.5462768424238,403.57591935928565,1533.2114656068345,403.2527587766671,1536.8816787392589,402.9926264230647,1540.5553600611038,402.7870199323666,1544.2313570134086,402.6279132756031,1547.9088370527577,402.50767730340414,1551.5872175218738,402.4189578732944,1555.2661069200997,402.3544941369883,1558.9452595517755,402.30718171613313,1562.624531044864,402.27009671511433,1566.303836241272,402.2364645367793,1569.983109062212,402.1995101345838,1573.6622628815935,402.1522937545461,1577.3411483030584,402.08761720405494,1581.0195025542735,401.9978526659418,1584.696879058288,401.8745478187639,1588.3727152898186,401.71174043042214,1592.04641732278,401.5063786776144,1595.7175065886322,401.25857521054695,1599.3868581136533,400.9860638862389,1603.0552420607778,400.700826397365,1606.7222981645114,400.39901887310975,1610.3875371378642,400.07591696128486,1614.0503870315376,399.7268011593365,1617.7101752446688,399.3469625594965,1621.3676325027384,398.94519319799764,1625.028227861677,398.5733914131327,1628.6936725331755,398.252877829735,1632.362981799823,397.9800874926257,1636.0352868131406,397.7510681937132,1639.709861105304,397.5618488506983,1643.3861082383155,397.408451463863,1647.0635489065705,397.28690010272203,1650.7418077575826,397.19322721373504,1654.4206007503294,397.12351401645725
271,1480.1361651125123,415.7928193859172,1483.7153949668902,414.9417602946248,1487.249556576437,413.91896232377024,1490.7454370267365,412.77164075256684,1494.2168635060927,411.552041488914,1497.6816333894792,410.3135827895665,1501.157118493216,409.10562610627187,1504.6552030663931,407.96490686445145,1508.1810460178162,406.91322911929035,1511.7354711453788,405.9627078544397,1515.3175054353014,405.1222763540606,1518.92448288857,404.3963188737905,1522.55229642933,403.7828223753894,1526.1963177253208,403.2742124114279,1529.852393496355,402.86087061056145,1533.5171139013091,402.53267754287083,1537.187806875792,402.27964835630155,1540.8624380536055,402.09202897841584,1544.5395137385005,401.9604448010132,1548.2179834228962,401.8760228896422,1551.8971468287134,401.83047699843746,1555.5765690339924,401.8160261032892,1559.2560118067624,401.8252748169515,1562.9353781605535,401.85110190528883,1566.6146660124264,401.88653720823186,1570.2939274719927,401.92465431317726,1573.973230776255,401.9584162711156,1577.6526199858663,401.9806445106375,1581.3320717960373,401.9842805840912,1585.011464294794,401.96355354969023,1588.690585576746,401.9144411780935,1592.3691679382198,401.83463852973784,1596.0469162968866,401.7228435167652,1599.7235170049396,401.57815716466797,1603.398647109685,401.3999901116677,1607.071984134035,401.188050677936,1610.743198609039,400.94207126301137,1614.411952725305,400.66178007944933,1618.077900028432,400.34690145857337,1621.7406851186415,399.9971561758738,1625.4000757567205,399.61348737403443,1629.057845583345,399.2145679907541,1632.716322807511,398.8221956948393,1636.3757061483743,398.43836545056405,1640.0359414537477,398.06274588850033,1643.6969768170113,397.695005421767,1647.3587624833308,397.33481223297866,1651.0212507609983,396.98183430997364,1654.6843959322307,396.6357394775924,1658.3481550812323,396.29620539963264
272,1483.5515293333171,415.53040643602804,1487.104529037378,414.57531457691886,1490.6139866532965,413.47052930016815,1494.0857002159933,412.2520140788708,1497.529449696339,410.95637058968845,1500.9601300228169,409.6263945173695,1504.3967137949483,408.31180817524955,1507.858876782675,407.0664170976673,1511.3617304146728,405.9409908303951,1514.9107271567495,404.97115848047395,1518.501379930496,404.16907109268374,1522.1230549579102,403.5209068017353,1525.766259488778,403.00690883319027,1529.4237763757108,402.6067981407668,1533.0904450461337,402.3012580190646,1536.7627366735924,402.07256388227773,1540.4383975132318,401.90619824160024,1544.116022342411,401.7907981322129,1547.794732877653,401.71738927159373,1551.473969934583,401.67791535916183,1555.1534000608824,401.66493214450475,1558.832848562407,401.6720910089725,1562.5122415648098,401.69388039870273,1566.1915841834134,401.723104141569,1569.8708757735096,401.75813615328997,1573.550186541727,401.790797650306,1577.229626977114,401.8017130368826,1580.9089820781783,401.8278906959309,1584.5883043710294,401.82060514880254,1588.265748900957,401.7010416898093,1591.9422087733997,401.55251552105744,1595.6186768028224,401.40419161425496,1599.2948877481213,401.2496487055977,1602.9705366217097,401.08231093293006,1606.6452494367866,400.89559914777004,1610.318547580652,400.68293012999555,1613.989812186362,400.4377197247687,1617.6582487260862,400.1533912518229,1621.322852267002,399.8233905292539,1624.9825355717883,399.44268868432744,1628.6384705148675,399.0273262283055,1632.293670441457,398.60551010744547,1635.9503264005307,398.1965356169214,1639.6088340781012,397.80446806843753,1643.269023689438,397.42842314429663,1646.9307366837168,397.0675104449434,1650.5938256106765,396.72083817679663,1654.2581534886715,396.38751350619594,1657.9235931638632,396.06664285971567,1661.5900280940853,395.75734937615044
273,1486.950016299652,414.6578870324516,1490.4251538665833,413.4496602809351,1493.8546318168922,412.1169405873571,1497.2539050814785,410.7087105372611,1500.6428125599396,409.27563002788276,1504.0429890377366,407.8695905227841,1507.4738208514752,406.54036245893144,1510.949610120433,405.33396427009916,1514.4771176929996,404.28877409525046,1518.0524411756576,403.42120967390787,1521.6648276550236,402.72339210391755,1525.3026013154729,402.17252015685375,1528.9573180496902,401.7478689637178,1532.6230420891552,401.43155239062986,1536.2956341734268,401.20822815999867,1539.972232208342,401.0647157489227,1543.650876561839,400.9894042143995,1547.330260352681,400.9711005657126,1551.009594009625,400.9990736986365,1554.6884762198836,401.0635561096924,1558.3667557662068,401.15644244912335,1562.0444566105868,401.2700681029733,1565.721733737711,401.39673266818136,1569.3988324924492,401.52849948090306,1573.0760478933432,401.65695204319246,1576.7536455561076,401.77388580789966,1580.4318246529092,401.870655597805,1584.1106453168002,401.9386298056393,1587.7898933244337,401.97704257096865,1591.469314640859,401.97287241521633,1595.1483504967346,401.91795865813117,1598.8269487793782,401.839211311528,1602.5021157318774,401.66618730089584,1606.1730469551171,401.41592228067,1609.8465244864851,401.20638831107726,1613.518938925256,400.97930897814825,1617.1872824460904,400.69409819848977,1620.8497280796937,400.3412835721456,1624.5041424189158,399.9132842827573,1628.1487321002735,399.40842019216655,1631.7818078903138,398.82646023554304,1635.4021337956838,398.1697832973848,1639.009512534116,397.4452938100146,1642.6042281583698,396.66033538502353,1646.1869283338349,395.8222037474915,1649.758574154194,394.9381180660512,1653.3203913268223,394.0152057665381,1656.8738237103387,393.06049869875073,1660.420489645791,392.08093855036986,1663.9621355066827,391.0833698073071
274,1492.7600577549752,412.9412876941238,1496.146211254125,411.501929481362,1499.5081794730925,410.0067737451876,1502.8683477169757,408.5075643051623,1506.250266007573,407.05825401205533,1509.672041968081,405.7060205208462,1513.143471431428,404.48717582780034,1516.666575855722,403.4271683534288,1520.2375980898466,402.54204389152403,1523.8476891582422,401.83273479513343,1527.486296911823,401.28782523842017,1531.1437802432827,400.8881736702023,1534.8127785831273,400.61286881962576,1538.4881808597163,400.44232262189234,1542.1666187525093,400.35861333440045,1545.8460096435665,400.3453209669662,1549.5251984358854,400.38765349764697,1553.2036508981284,400.47303673175287,1556.8812090121535,400.59101728873327,1560.5579334557983,400.7327350948358,1564.234036664182,400.889810376754,1567.9098270616507,401.054072269757,1571.5856582205004,401.2174156812965,1575.2618814426191,401.3716430217639,1578.9387968363671,401.5082881776001,1582.6165741232949,401.61919331368915,1586.2951887409752,401.69735534883165,1589.9744072155595,401.7378515736604,1593.6538455644059,401.7370746786326,1597.333003595472,401.69190032688283,1601.0112671387758,401.5991831010252,1604.6878911548033,401.4555680839982,1608.3619590433389,401.257137170983,1612.0321851897265,400.99733737596046,1615.6969030353825,400.66889589051,1619.3552327639388,400.2755267638129,1623.0076986460174,399.83082152890063,1626.6560364115624,399.3533250070473,1630.302492173792,398.861617980012,1633.9495276442392,398.3742430959583,1637.5995318826392,397.9096984442825,1641.253803459631,397.4800321208476,1644.9119540403085,397.084735247719,1648.573462923745,396.7218458202141,1652.2378617729737,396.3893894825372,1655.9047317929476,396.08538316605836,1659.573700739439,395.80783816965356,1663.2444398017994,395.5547627094769,1666.9166603964727,395.32416397173034,1670.5901126308584,395.1140810068087
275,1497.2741152685103,410.6047480318275,1500.641681010045,409.1222770931504,1504.034345245523,407.6982839779228,1507.4605090649763,406.3570149817394,1510.9236344432438,405.11436597452314,1514.4235111970725,403.9793906200782,1517.9581390953115,402.9578111123513,1521.5249337558053,402.0549781045628,1525.1207521271613,401.2757827183609,1528.74193246171,400.62460110696287,1532.384345383675,400.10521724742205,1536.043352662583,399.71974353131765,1539.7138427033888,399.46564747163404,1543.3908094024853,399.3344223100289,1547.0700865057138,399.3121085732488,1550.7487920487808,399.38252561263397,1554.4252711418922,399.5292729271201,1558.0988516991629,399.73661916145477,1561.769598209869,399.9894398532134,1565.4381056100735,400.273033628759,1569.105320300215,400.57294554863677,1572.7723817466617,400.87473271403053,1576.440476646378,401.16363345757395,1580.1106127356243,401.4252083433017,1583.7833597873412,401.64697892152486,1587.4587213712657,401.81992290009856,1591.1362559569777,401.93774422403624,1594.81522508941,401.9949713017509,1598.494619775066,401.98601914588954,1602.1731330470466,401.9053268536337,1605.8492497440084,401.75001771552905,1609.5216084506956,401.52240865760797,1613.1894393116424,401.2305985125148,1616.8528023665326,400.88705591944176,1620.5124400004893,400.5057521344405,1624.169615867625,400.10144703602873,1627.8258149527353,399.68837889546546,1631.4822490969545,399.27740096014224,1635.140034799013,398.8786571283448,1638.8001872264745,398.5023071223831,1642.4635356013,398.15853557280957,1646.1305864864469,397.8568963327193,1649.800998309489,397.59932065283414,1653.4740628176608,397.38278756214527,1657.1491691697959,397.20417505075625,1660.825803756694,397.0603513173157,1664.503542392504,396.9481816246121,1668.1820422509968,396.8645335449452,1671.8610336699132,396.80628073990914,1675.5403121849256,396.77033795922824
276,1501.5314403703003,408.87299050659294,1504.8934387544734,407.3780010788569,1508.2897046703185,405.9627536437226,1511.7283436370776,404.65398245676624,1515.2112540176918,403.4681184517686,1518.7357530398644,402.4122993138347,1522.2977352390922,401.49084640677466,1525.8925326513784,400.70714963098226,1529.5150162242462,400.06344211289087,1533.1596030190306,399.55965549275476,1536.8204025223245,399.1915417875189,1540.4918305229685,398.9511430223868,1544.169085910511,398.82788745152885,1547.84839184697,398.8095726034219,1551.52706735756,398.88169640125153,1555.203553175257,399.02835293016176,1558.8772649780071,399.23340733407366,1562.548320134173,399.4817316388405,1566.2173100750442,399.75902279289755,1569.885086679377,400.05198214131457,1573.5525519895818,400.3488253553494,1577.2204640039538,400.64008360249886,1580.8894097914756,400.91798842346043,1584.559840226148,401.17549793410507,1588.232087477128,401.4055822777187,1591.9063332791045,401.60106924499905,1595.5825669763894,401.7545322530898,1599.2605347444414,401.85812361578326,1602.9396698629366,401.90355550429035,1606.6190164191628,401.88283943853406,1610.2972767163196,401.7912242378249,1613.9730829864427,401.62852574480246,1617.6453527725812,401.3993400118934,1621.3135325680173,401.1118784260911,1624.9772793742663,400.7725126230049,1628.6368951266568,400.3909983471691,1632.2945088356432,399.99066462240944,1635.9502718253493,399.573797222999,1639.6030530709584,399.1316058147413,1643.2515299229283,398.6552548866615,1646.8949986004027,398.14193631162794,1650.5401333798957,397.6407207742936,1654.192442390592,397.19486048584366,1657.8509826062786,396.8033578609713,1661.5145509311762,396.4620465761562,1665.1821173708984,396.16672449309,1668.8528119688494,395.9131711677538,1672.525910694219,395.69716148306975,1676.2008207030078,395.51447572552894,1679.8770670586562,395.3609513791817
277,1504.1419472439661,407.7083785409442,1507.4656136166936,406.12991693359623,1510.8137552453206,404.60418753792646,1514.2033132499264,403.17311798884367,1517.6501128618365,401.8865721522997,1521.1648804212898,400.8001383832428,1524.7437634170844,399.9487865980127,1528.3706455647055,399.3322855517155,1532.0262331626118,398.9172010289701,1535.696995227461,398.6680468659946,1539.3745722279662,398.555968304716,1543.0539039158446,398.55906106391154,1546.7318841655344,398.6601139921453,1550.4066980795697,398.84369512769734,1554.0777188303343,399.09223697423806,1557.7454708361986,399.3853560760188,1561.4113369358777,399.7013156592441,1565.0769687752706,400.01999644264794,1568.7436303531408,400.32656761625856,1572.411933955938,400.6127946174128,1576.0819747951025,400.87579560610857,1579.7537426874565,401.1134525362206,1583.4271971496319,401.32340706915215,1587.1022453493144,401.5032956503359,1590.7787154051975,401.6512604862153,1594.4564677160743,401.76274747804285,1598.1351633632771,401.8370598964629,1601.8144059963176,401.874614822552,1605.493756653043,401.8528303834044,1609.1728476103217,401.80082662009283,1612.8511780728218,401.7142103298723,1616.5235593008201,401.48949630625646,1620.190324425282,401.1842787954019,1623.8548050623854,400.8526889341674,1627.517104830507,400.4978141209349,1631.177223991475,400.121106456415,1634.835188773391,399.7240177209076,1638.4910496031407,399.3079985710308,1642.1448793366887,398.8744979328698,1645.796771494637,398.42496258134105,1649.4468382696975,397.9608350345498,1653.0952044049295,397.4835202500439,1656.7420056387841,396.99439008662426,1660.3873908902774,396.4948139574258,1664.0315208309921,395.9861598619165,1667.6745663252534,395.4697943887376,1671.316706879763,394.9470827988867,1674.9581291025486,394.419389176989,1678.5990251703452,393.88807663848706,1682.2395912105094,393.35450694954085
278,1508.9435540028103,404.474574794134,1512.3156460712362,403.00309835519346,1515.7579127287813,401.704771094671,1519.2725971783104,400.61813457600397,1522.8498247299074,399.75940838654174,1526.4726969791882,399.11943571032305,1530.1245934764002,398.67290790055677,1533.793038950507,398.3917883645781,1537.4695802664446,398.24991720362334,1541.1488251300611,398.22474901060815,1544.8274607977407,398.2981346785685,1548.5035017083446,398.4551507864237,1552.1758456369118,398.6830937786624,1555.8440460415875,398.97030484873403,1559.5083084848816,399.30416980314027,1563.1694561388715,399.670724600427,1566.8287994717552,400.05493264379413,1570.487929418858,400.44117437152914,1574.1485153164206,400.813312832138,1577.8121110263671,401.15441826619326,1581.4797607375808,401.4485779151389,1585.1515937577396,401.68467969230267,1588.8269611114954,401.8571367319453,1592.5048561614956,401.96257915559096,1596.1840852202076,401.9985587026987,1599.863346613354,401.9657388836965,1603.5414465017,401.86739751067,1607.2175077778472,401.7100792216043,1610.8910008182293,401.50115234529017,1614.5612007672814,401.24066237435204,1618.2288915259905,400.9466672579256,1621.8941535706647,400.62405393581287,1625.5543757625212,400.2484480549424,1629.2157823295313,399.8847535650448,1632.883654220963,399.59410552780366,1636.5566534375387,399.3765215308438,1640.2297074165278,399.15983609432976,1643.8969536074235,398.86236312492434,1647.547141011135,398.4028296247769,1651.1828056373818,397.83741277225,1654.8463044641403,397.5060952633786,1658.521490098307,397.3290311580574,1662.197104286826,397.1609964609591,1665.8741206690947,397.02739964514336,1669.5522476048434,396.9288246708472,1673.2310334606268,396.85882705912815,1676.9101772103852,396.8109764362936,1680.589494174456,396.77885706230455,1684.2688820663905,396.7560640192652,1687.948287321644,396.73619373267803
279,1513.5606660346857,402.0540673305904,1517.0104745628428,400.77596340538554,1520.53100117702,399.70824680748166,1524.111739825701,398.86429679318127,1527.738423594057,398.2468003120879,1531.3955458174064,397.8464288177428,1535.0689247420623,397.6415659996595,1538.7479330022368,397.6043077979059,1542.4257996506394,397.70637905856785,1546.0989108887404,397.9205450307246,1549.7660665360377,398.2204550573191,1553.4277959149097,398.5809584869907,1557.0858704910895,398.9770186340529,1560.7426178501612,399.3852046368769,1564.4000566709915,399.7871314537829,1568.0593033944906,400.1722238112038,1571.7209280759687,400.5339787891576,1575.3852625186448,400.86713022054636,1579.0525255226114,401.16627661384643,1582.722782264322,401.42606032225376,1586.395921289112,401.6411961954196,1590.071644791992,401.8062506467392,1593.749447976429,401.91533856324537,1597.4285372197776,401.96443993525514,1601.1079308406236,401.9516630156752,1604.7866288181542,401.87859899308665,1608.46396069922,401.75428485181067,1612.1389991775036,401.5748499930784,1615.8114548245715,401.34806182024835,1619.482838219291,401.10462528361074,1623.148456012725,400.78704235684825,1626.811729056116,400.44270747793985,1630.4815560091624,400.1774528732024,1634.1544901513018,399.958544328189,1637.8280043700188,399.7494797859719,1641.5003229727429,399.520582955167,1645.168848448324,399.2379803768599,1648.8282497972243,398.85596532245603,1652.470030195499,398.3324508308448,1656.1130605518717,397.8194778834372,1659.7837977859467,397.57415379831406,1663.4595236720847,397.4084976830595,1667.1362343921933,397.267584809883,1670.8150600953259,397.20306189742655,1674.4944504055545,397.2127588952715,1678.173060175103,397.28966580442545,1681.8499282427415,397.42676011858737,1685.5244356151127,397.617049149345,1689.1962622919402,397.85359839881073,1692.865340155527,398.12960105158413
280,1517.371783800453,400.16061192259815,1520.9417725591804,399.27185806485005,1524.5567376454255,398.58855924965167,1528.2038634550781,398.1050719526384,1531.870896342501,397.8072410877026,1535.5477347415103,397.67578371511786,1539.2269695900009,397.68916937293204,1542.903776510787,397.82514517192425,1546.5755684109567,398.0611770745069,1550.2415725509147,398.3749652335171,1553.9023853841989,398.74469092414097,1557.5595541043967,399.1490253933446,1561.2151971007102,399.5669855591626,1564.8714559861573,399.9795041934441,1568.5299587479356,400.3715757586121,1572.1915537945117,400.73357829630106,1575.8565592535642,401.0591945190154,1579.525055384981,401.3427198918747,1583.1969303439123,401.578390828858,1586.871816194401,401.7611098083223,1590.5490335212626,401.8885283395637,1594.2277413682643,401.961275299199,1597.9071129632346,401.98215253849816,1601.5864448996726,401.95464731096627,1605.2651760437866,401.882500265583,1608.9428877219943,401.76966380184206,1612.619300622862,401.6203021428498,1616.2942691036199,401.43877772234873,1619.9677843957215,401.2298472563877,1623.6399142614698,400.99780757271384,1627.310715044557,400.74559992598944,1630.9801504241846,400.4742502826415,1634.647921875688,400.1812934170378,1638.3136924179432,399.86427909697,1641.977418462237,399.5244420084852,1645.6391153537836,399.1633890354576,1649.2988260417874,398.7827235268567,1652.9566188925855,398.3840447637492,1656.6128854414878,397.9715797305598,1660.2692273018304,397.55978511037154,1663.9274908639745,397.1654872065871,1667.5886495861146,396.79905905199706,1671.2524176414931,396.45969918006136,1674.9184287052897,396.14548196792333,1678.5863562344186,395.854475638156,1682.2559105601192,395.58474441608183,1685.9268359015596,395.33435027239,1689.5989073250491,395.10135428942135,1693.2719276681937,394.8838176847016,1696.94572561526,394.6798240289059
281,1521.0939263616897,398.6069307976861,1524.7002292728212,397.8790907904302,1528.3398773234214,397.342005308269,1532.0018195110413,396.98707020565854,1535.6764920006488,396.80589553458003,1539.3556288440923,396.7904518355453,1543.032167421181,396.9306301148219,1546.7008374439145,397.20976987942197,1550.3589779149167,397.6041965953365,1554.0067526292935,398.0855648182508,1557.6463461607761,398.6255727645146,1561.2812469091741,399.19643953931705,1564.915674976558,399.77031995952575,1568.553972021376,400.31903631184684,1572.199317807404,400.8186109921721,1575.852951517764,401.2533298719865,1579.5144100398575,401.616221600594,1583.1824964376065,401.9044684099298,1586.8558142647955,402.11577879182,1590.5327946363316,402.24894793794647,1594.2117550477128,402.30571052284876,1597.8911429610912,402.2927170284107,1601.5698258178454,402.2188776508419,1605.247111999872,402.0931958505926,1608.922638190674,401.92351246165117,1612.5963189091008,401.7175936777911,1616.268370394169,401.48432541804095,1619.9391940660275,401.23242843062707,1623.6091951822689,400.96879018002807,1627.2790298729306,400.7028370927648,1630.9479773056344,400.42501774323335,1634.6163632284013,400.13997958270687,1638.2882801486792,399.9049516056237,1641.939274018501,399.46162306542067,1645.5635004408368,398.82723643933576,1649.2203841515382,398.42813075779316,1652.8947472861257,398.23908598421565,1656.5725461716463,398.12873736852873,1660.2482744934514,397.9665960210441,1663.9157703595833,397.67153024844936,1667.581903035066,397.35893336607717,1671.2513692506748,397.0881173108962,1674.9229042897482,396.84690059702285,1678.5961029999435,396.63248628569465,1682.2706857799353,396.44324981164755,1685.9464064737622,396.2775609904871,1689.6230503257668,396.13378580307426,1693.3004318746318,396.0102878906967,1696.9783928032264,395.9054297765397,1700.6568002618492,395.81759575025825
282,1525.9409954342327,396.9232599318616,1529.607581236423,396.621373727898,1533.2849711959882,396.5086137934735,1536.9638820423713,396.55629941798975,1540.6387233461473,396.737293264872,1544.3066481113972,397.02706042025204,1547.9667750674362,397.4031113170503,1551.6195450507926,397.8451768606524,1555.266236208732,398.33500626803857,1558.9086509223189,398.85576416669994,1562.5488562307723,399.39178468213845,1566.1890267322697,399.9280421170903,1569.831330494185,400.4495771885925,1573.4778195334698,400.94091704851394,1577.1301510752692,401.386625873623,1580.7891761369601,401.77342244137776,1584.4547450521425,402.0921830810387,1588.1258790911083,402.3386477643476,1591.801260043152,402.5104709554726,1595.4794157740016,402.60584915394514,1599.1587648827558,402.6229750805316,1602.8376136225716,402.5600737617571,1606.5142362263368,402.4174059073668,1610.1871718823281,402.1993523817117,1613.8556698120137,401.91605988288563,1617.5198683212377,401.58153092473646,1621.1806476370439,401.2113300574179,1624.839444101796,400.8219496226997,1628.4981332008522,400.43155813266856,1632.158704025509,400.0592969217206,1635.821984371371,399.71471549163,1639.4877790441833,399.39803974353873,1643.1561432283872,399.11258299487235,1646.8219460104763,398.79664489187144,1650.4825170126767,398.4243519711324,1654.144694853151,398.06828313421477,1657.8097122463068,397.7427110409766,1661.4770118629413,397.4439095759012,1665.1449536863847,397.15304548245746,1668.8109489326696,396.83860469985507,1672.4783443051786,396.5411835769736,1676.1496646677545,396.29719051487933,1679.8245173851983,396.113942767192,1683.5018034614832,395.9885237400445,1687.1805314160572,395.916681995682,1690.8598964495357,395.89413518996065,1694.5392663636587,395.91658910406153,1698.2181664914779,395.9797524569527,1701.896264099907,396.0793478166957,1705.573350663208,396.21116954278665
283,1531.16069871511,396.09068181664696,1534.8397309105537,396.0572983037841,1538.5175288235105,396.1622947480315,1542.1906457023103,396.37636979796815,1545.8572305664848,396.6828370998835,1549.515511900246,397.07627616603094,1553.1639549861877,397.55245560390466,1556.8023268806235,398.1004879714217,1560.432857961691,398.698448873543,1564.0604872420136,399.3138523215656,1567.6917781797001,399.9071348051763,1571.3323932208273,400.4399087683104,1574.9846808904497,400.8854376366197,1578.6470069968138,401.23914939441715,1582.3165719517422,401.5078258065157,1585.9908737616147,401.7015071097692,1589.6681021712793,401.8283075538309,1593.3469276756996,401.8945337836192,1597.026339494192,401.9048445406638,1600.7055216935628,401.862256065468,1604.3837518777455,401.76828813064856,1608.0603796007474,401.6246475588787,1611.7349280257922,401.43502034676357,1615.4072260207781,401.20580236162397,1619.077453994015,400.94544454522446,1622.7460872100003,400.66344295288764,1626.4137225119484,400.3687183323775,1630.080914336549,400.068515845459,1633.748115909622,399.76843214952163,1637.415438877148,399.4698353479169,1641.0833608249088,399.1787267844821,1644.7529888209274,398.9100242193437,1648.42399645541,398.66082159324156,1652.0957169082678,398.42231905232825,1655.7675602873128,398.1857107332018,1659.4389503716063,397.94219049392274,1663.10937213781,397.6844964010932,1666.7803928669764,397.43564018494345,1670.4537881576864,397.22467584618136,1674.1282550793126,397.03311383204834,1677.8035727332524,396.85869214078025,1681.4798197544915,396.7050968192734,1685.156838199942,396.57121822640073,1688.8344794866366,396.4556897555561,1692.5126155190674,396.35714324364415,1696.1911371833187,396.274209711078,1699.869952825507,396.20551995392333,1703.5489867203423,396.14970499937704,1707.2281775344195,396.105396436593,1710.9074768002552,396.0712281299861
284,1533.8416120095653,395.73788093197885,1537.5167100502217,395.91177073756575,1541.1830821239116,396.21990365944674,1544.8389518984138,396.6349646927158,1548.4841073009006,397.13573558669617,1552.1191865616463,397.705211177188,1555.7460739228386,398.32487513844944,1559.3688898069906,398.968005631884,1562.9938235022573,399.59902842369917,1566.626969423282,400.18064941770194,1570.2717987654528,400.6836602910877,1573.9277653690444,401.09799644888346,1577.592181001255,401.42963852653304,1581.2623863624358,401.6897296158396,1584.936444856798,401.88833759943515,1588.6129835198067,402.0342333397309,1592.2910547709678,402.1345370700675,1595.9700239526655,402.19342131190444,1599.6494197390211,402.2113181094153,1603.3287671056576,402.18574304852723,1607.0074891688846,402.1134295101965,1610.6848813500824,401.99101922198383,1614.3601019711834,401.8151742774924,1618.0321824790185,401.5828550907359,1621.7003489463384,401.2952095115605,1625.3645048608769,400.9601795119464,1629.0256669913495,400.5937499299767,1632.6858248690253,400.21737090574027,1636.347446199001,399.85559290270066,1640.012785711673,399.53391545638533,1643.6828422441981,399.2715716545546,1647.355558047193,399.04900922010563,1651.0292218794464,398.84261173921163,1654.7033773373553,398.64513570696994,1658.3776738873144,398.4502955039926,1662.0517745124234,398.25180455352216,1665.7253234187704,398.04337662846655,1669.3979137690565,397.81872783826174,1673.0691311813473,397.57267346401795,1676.7392908283432,397.3112555716276,1680.4095802930508,397.0516850941211,1684.0813502928727,396.8140546276406,1687.7546528888006,396.6014101965199,1691.4292377080492,396.4121958520043,1695.1048842156156,396.24485172007786,1698.781399804475,396.0978154247631,1702.4586178431944,395.96952327176587,1706.1363956931978,395.8584111997866,1709.8146127067976,395.76291551693464,1713.493168603736,395.6814917130745
285,1539.4641456344202,395.15871336084143,1543.1220613646776,395.5527368051884,1546.7573372490692,396.11931933821177,1550.3673305133404,396.82996240224037,1553.9548733924782,397.64685619829646,1557.5271907913752,398.5282194003298,1561.0939452676928,399.43192170547906,1564.665482552635,400.3164550252897,1568.2514089606177,401.14045323134735,1571.8592810667742,401.86182853337226,1575.4919386869738,402.4451486211701,1579.1465025085345,402.8699476604849,1582.8159163568914,403.13812963822187,1586.493034980526,403.2636135096815,1590.1723435979302,403.2642558697312,1593.8501439170973,403.157498209044,1597.524220608227,402.95997554402544,1601.1935298499243,402.68755171199473,1604.8579369236345,402.35541960887247,1608.518002540399,401.9782993392946,1612.1748294602085,401.570879717148,1615.8298961803923,401.1479147775368,1619.4847147073629,400.7228049594035,1623.1404477447068,400.3056448859671,1626.7977658224631,399.90263155980347,1630.4570367125878,399.51776511564316,1634.1185170392016,399.1545394953812,1637.7824199280515,398.8166365718108,1641.4485262649787,398.50353833732765,1645.1174146622102,398.22514930572527,1648.7887808324836,397.98127166034357,1652.4584486840197,397.71326560281784,1656.1269106797345,397.4290183047036,1659.7976789117195,397.17680172115655,1663.4730195873778,397.00541688450176,1667.1519471776624,396.9503530250252,1670.8310832976874,396.90705597262354,1674.50871588854,396.7917605514685,1678.1860079663331,396.66550455450897,1681.8630987057552,396.53354800091046,1685.5398660578696,396.392848924626,1689.2164211733736,396.2467037061094,1692.8927885795754,396.095909084534,1696.5689834200034,395.9409634208068,1700.2450225267899,395.7823650340534,1703.9209242175916,395.6206121946499,1707.5967080926898,395.4562031230908,1711.2723948322202,395.28963599250494,1714.9480059935245,395.1214089342471,1718.6235638027815,394.952019919828
286,1542.7409074155241,395.7543630346698,1546.356811010124,396.4342259738942,1549.9502685705572,397.22464972507595,1553.5275579063814,398.0855777566173,1557.0975794102542,398.97628237813313,1560.6705586668793,399.85499470622403,1564.256789408491,400.67769848722907,1567.863855365732,401.4031886657233,1571.4940657394436,402.00193053526584,1575.144037999654,402.4651825756361,1578.8081747024974,402.79870187504383,1582.4812466510405,403.0129184693683,1586.1590752825323,403.1183304682098,1589.8384301012281,403.12521229108535,1593.5168991045775,403.0433359975876,1597.192756077842,402.88199511076846,1600.864848117146,402.6500569890013,1604.5324995649871,402.355994333546,1608.1954355037103,402.00798355384995,1611.853708104489,401.6138884821406,1615.507645832748,401.1813863450186,1619.1578949861996,400.7187360783431,1622.8057506975713,400.23753429735456,1626.453247527742,399.7536124134003,1630.102964643535,399.28679613459803,1633.7574687532929,398.85924190850494,1637.4187153729713,398.494232264502,1641.0872064617367,398.2114817078935,1644.7615173522854,398.01850680047073,1648.4390580920226,397.90122680190655,1652.1180982555645,397.8489811090589,1655.7975279843242,397.8351089090383,1659.4762939189995,397.7673954705737,1663.1536958654729,397.6446919453366,1666.830953284716,397.51758576549554,1670.5094717261888,397.43702443584743,1674.1888818384425,397.438272839995,1677.8679364613563,397.40065606366227,1681.5436263735562,397.2360780112116,1685.2167789408984,397.020961544069,1688.8876302267238,396.76966540314436,1692.5557840275178,396.48163288808195,1696.2211334208885,396.1598475655131,1699.8836605370873,395.8073670570719,1703.5434238113155,395.42724333301464,1707.2005500330934,395.0225194629423,1710.8552264404507,394.5962275695321,1714.5076929110005,394.151387844016,1718.15823428221,393.6910084821278,1721.807170605113,393.21806948973057
287,1548.275200284623,396.5559638986648,1551.8434129808772,397.4536274079051,1555.3973361372043,398.4064805181676,1558.9465460213241,399.37680250996414,1562.5015463383652,400.32561073723224,1566.0722150247161,401.2134054452268,1569.6659081387177,402.0024727796671,1573.2857996217704,402.66051032308127,1576.9301024055123,403.1658416924952,1580.5929988724392,403.51165113597636,1584.266996538038,403.7078457528326,1587.9457421472923,403.77100299645235,1591.6247034771675,403.7188415007173,1595.3009605900243,403.567631288465,1598.9728254192505,403.3323880932383,1602.6395384096,403.0269392829857,1606.3010333199602,402.66409700865677,1609.95775748488,402.255862180867,1613.6105341006712,401.81362528072503,1617.2604670072456,401.3484564003712,1620.9088297289902,400.871106258827,1624.5569256937765,400.3917180190354,1628.2059048285787,399.919109054556,1631.856733680877,399.46102700233894,1635.5102166955855,399.0246482902132,1639.1670370261186,398.6172244431064,1642.827732782182,398.24629339955754,1646.4925808034202,397.9189941773909,1650.1614937086208,397.6410001077569,1653.833948436703,397.41454335738086,1657.5089656238797,397.2342050359632,1661.1859095825878,397.0989543348036,1664.8641672180152,397.0051136175043,1668.541934256907,396.89415619296585,1672.2189460075417,396.75999422168593,1675.89655433279,396.6438619735457,1679.5755151782666,396.58802722159356,1683.2546626652404,396.62759185750383,1686.9336768902403,396.6806309618667,1690.6129789433728,396.65107707747484,1694.2921029558881,396.6014436098044,1697.9712867479545,396.55647906892614,1701.650539485117,396.51756869987537,1705.3298540833655,396.4850338350864,1709.0092214550668,396.45915196446566,1712.6886310081272,396.44020065552576,1716.3680705825786,396.4284575486568,1720.0475263871,396.4242003500846,1723.7269829355116,396.4277068221733,1727.4064229343571,396.439267929922
288,1551.5260167986257,397.3707321604721,1555.0652729857532,398.37675194025456,1558.6077330913765,399.3713952695729,1562.162906991493,400.3194501201749,1565.7378432831442,401.18979650865873,1569.3370189632708,401.9534047020154,1572.9614216037655,402.58627145658846,1576.6076288774332,403.07810757822745,1580.2697911349628,403.4323983108109,1583.9421342872224,403.6583390513275,1587.6199103952931,403.76452156785535,1591.299229812771,403.7580411019315,1594.9768189727642,403.6446396873151,1598.6498155618347,403.42860278712214,1602.3156665315869,403.1136524075604,1605.9725198972264,402.7071757411151,1609.6200521305668,402.2239046706589,1613.2598910426161,401.68553745638434,1616.8953657846246,401.11833252806605,1620.530740402529,400.5504824783274,1624.1698815764298,400.0073796764201,1627.8151549474137,399.50716940217507,1631.466967515347,399.0572170981543,1635.124828775553,398.65942028985125,1638.787987530453,398.3137887533799,1642.455607795264,398.0192070031272,1646.1267049998603,397.77161976808986,1649.8003849464703,397.5657792001409,1653.475724489817,397.39185836063564,1657.1518939806338,397.2363666645821,1660.8286056532986,397.0942487125575,1664.5057069301554,396.9625768923215,1668.183070195959,396.8384225500925,1671.8605858075941,396.7188565627564,1675.5381550928655,396.6009496073052,1679.2156845927989,396.48181040830497,1682.8931272273533,396.3600192801506,1686.5705456129822,396.2374981827487,1690.2481639893817,396.1211660689793,1693.9261467735387,396.01703949898666,1697.604680083144,395.93498691230286,1701.2838447032684,395.88985885462586,1704.9632820737513,395.8832001619912,1708.6426094616381,395.9126562950172,1712.321513585088,395.97586416939686,1715.9997462025808,396.07045685220527,1719.6771195371246,396.1940674298251,1723.3535016009064,396.34433205539375,1727.02881147446,396.5188922373175,1730.7030126510947,396.71543123181925
289,1555.637672669285,398.73939454629385,1559.1307888507927,399.8953412449584,1562.6545001450077,400.9537681841388,1566.2217821531274,401.85383032977927,1569.831731560994,402.563413022555,1573.4732412193673,403.08802184380306,1577.1348730514298,403.447034742748,1580.8078751121602,403.6614306014419,1584.4861315174544,403.74910806763256,1588.1653860171714,403.7247799271554,1591.8426398412314,403.60035826233,1595.515743798608,403.3856101634227,1599.183188679765,403.08933690535,1602.8441665515318,402.7215106761762,1606.4987070061238,402.2942837955761,1610.1477239709154,401.82207912359246,1613.7928668662573,401.3207665314613,1617.4362973083223,400.8071217696023,1621.0802538809494,400.29723177759865,1624.7265930091264,399.8047016901532,1628.3764657631268,399.3391204811438,1632.0306120663774,398.9084133315808,1635.689477767813,398.51989584858546,1639.3531351059316,398.1795551243526,1643.0209783618375,397.8877363954647,1646.6920862804463,397.640258395004,1650.3654526206471,397.4287809302568,1654.0401665441166,397.2420739834389,1657.7158189311574,397.07482959140395,1661.3921901429078,396.9241853488242,1665.069099554031,396.78728163953775,1668.7463986424168,396.6612579199739,1672.4239643109568,396.5432533031971,1676.1016923644852,396.4304122189668,1679.7795362538245,396.3214150397703,1683.4575468933867,396.2182044695289,1687.1357138132612,396.12071724992876,1690.8140216782388,396.0287043037199,1694.4924808702801,395.9429597041475,1698.1711144430174,395.8650843193921,1701.850026944912,395.8019138367275,1705.529227062606,395.75864213944794,1709.2086029778818,395.73450591296915,1712.8880533277209,395.7283160981607,1716.5674941568197,395.73888262847936,1720.2468577712634,395.7650150188025,1723.9260915820703,395.8055228401338,1727.605156942753,395.859216091525,1731.2840279842057,395.92490547706757,1734.9626902947557,396.00141009424385
290,1560.6677646488379,400.6121551232191,1564.214001912115,401.5916136919021,1567.8091479745563,402.37263221853306,1571.4405357296475,402.96306644045245,1575.0960615771912,403.379337607865,1578.7660514107947,403.63975701687747,1582.4432762354163,403.76249406569184,1586.1225919401822,403.7642148279235,1589.800464747018,403.6599760019382,1593.4745759877983,403.46322784428327,1597.143502589562,403.1858662675991,1600.8064810663097,402.8385096348012,1604.4632340251628,402.4306923769681,1608.1138487189803,401.9710833965538,1611.758684367544,401.4676395260124,1615.3982484248845,400.9273630089357,1619.033594350724,400.35935145748664,1622.6668078427797,399.777822457122,1626.301349132376,399.204683025061,1629.9413516850766,398.667484999444,1633.5903902299083,398.1958979108329,1637.2499121314897,397.814370912913,1640.9181664880098,397.5287305247367,1644.592195685495,397.3302077315888,1648.2691800436296,397.1959809239506,1651.947457578244,397.10386053278603,1655.6267485432147,397.07189263005023,1659.3047131438916,396.9794625596713,1662.975117686968,396.72345809704166,1666.6435727544635,396.4395744821444,1670.3193145705006,396.28309746260607,1673.998610650837,396.28478612884174,1677.677179030822,396.364984803726,1681.3558349385055,396.4406570532469,1685.0351441901644,396.43259657518803,1688.7135941906654,396.3470463496004,1692.3918016811879,396.2510919733591,1696.0699345301675,396.15231824237577,1699.748132410196,396.05601412991314,1703.426543892135,395.9682710431836,1707.105252841936,395.89420068942417,1710.7843917711198,395.84650833000904,1714.4638013613596,395.8294927386614,1718.1432316702164,395.84153964765875,1721.8224715804845,395.88095806755234,1725.5013477322248,395.94605434569587,1729.1797222019802,396.0351340268293,1732.857490137491,396.1465033706226,1736.5345773671638,396.2784705480068,1740.2109367941587,396.4293746597709
291,1564.7460386195114,402.18716108069873,1568.312707679946,403.0895642318878,1571.9242242032751,403.7905451864207,1575.5723685702412,404.2648710976779,1579.242613803201,404.51800448024255,1582.9212480953954,404.5772381891312,1586.5990983144948,404.47666663397194,1590.271089735563,404.24484404077674,1593.9347906611351,403.90580844818453,1597.589473379287,403.480118643164,1601.235494596697,402.9855091124705,1604.8739451908054,402.437858448859,1608.5064212037682,401.8518100709954,1612.1348857343369,401.2413698809607,1615.761551133853,400.6203108101847,1619.3885354040162,400.0011195603505,1623.017675333855,399.39470823287485,1626.650644627426,398.81171804471836,1630.289293519457,398.2653771264197,1633.9354463727127,397.77174605350285,1637.5904388611245,397.34876344389005,1641.254441653921,397.0129107018333,1644.9258787844574,396.7716140569676,1648.6021188066318,396.61960611519777,1652.280727463648,396.5428545710562,1655.9601123875227,396.52495572169744,1659.6394469907887,396.5531306957452,1663.3185379770873,396.60508546985864,1666.9972737880955,396.67707017714633,1670.6752919606117,396.7793338523262,1674.353951959317,396.7399648012771,1678.0276269421147,396.5352289019066,1681.7015628728002,396.3356042830885,1685.38040506187,396.29341330436995,1689.0584988239937,396.38991696858193,1692.735095262281,396.53498622016593,1696.4130079636252,396.6386803270112,1700.09228607444,396.62651899908917,1703.7708571796543,396.5459373045808,1707.449267860203,396.45811723791803,1711.1277173269082,396.37196197100127,1714.8064582216123,396.29946433271806,1718.4855101861797,396.2449731060786,1722.1647750522334,396.2074803820271,1725.8441680981318,396.1859097834559,1729.5236185830295,396.17918418071935,1733.2030688072457,396.1862261109011,1736.8824731659274,396.2059581168806,1740.561797198715,396.23730301187936,1744.2410164271641,396.27920117991476
292,1567.014356705976,403.09274175052775,1570.6378521013755,403.728517002236,1574.2934623414556,404.142215444296,1577.9664009544433,404.35435224738967,1581.645383633344,404.3906179375248,1585.3228347469812,404.2758051633608,1588.9941474464536,404.0333877412174,1592.6570109060592,403.6853959893849,1596.3108184397706,403.25222836374974,1599.9562030345585,402.7529113443341,1603.5946811945287,402.20540498348254,1607.2283716618506,401.62689982654734,1610.8597725365184,401.0341584862871,1614.491567103441,400.44384000625246,1618.1264986682743,399.8732079749894,1621.7670052588105,399.3393870958397,1625.414558581688,398.8561530081459,1629.0691994888157,398.42984662513203,1632.7300487996151,398.06059765910436,1636.3959078186692,397.74488133959153,1640.0656736117335,397.4783177642856,1643.738387162424,397.25594243079814,1647.4132478628865,397.07233854137417,1651.089617095955,396.9218334655478,1654.767010531894,396.7987647859413,1658.4450592296882,396.6970366328518,1662.1235172412905,396.61131878050514,1665.8022307695085,396.5372894790738,1669.48093577754,396.46283588396034,1673.159490209222,396.38127672344257,1676.8379257792624,396.2945109408146,1680.5162910277916,396.20480733294215,1684.1946399299059,396.1144345352308,1687.8730273947692,396.02564837085714,1691.55140145444,395.93632429273583,1695.2294986982056,395.8362825107368,1698.9075106605346,395.73311198621633,1702.5857302677837,395.6376671329921,1706.264262045076,395.55520059498866,1709.9431829789298,395.4926941165991,1713.6225036327335,395.46294770406456,1717.3019261377947,395.4744403695666,1720.9810178236273,395.52527090192194,1724.659422806645,395.61274854284983,1728.3368656541793,395.7341761553648,1732.0131454806515,395.886855585512,1735.6881298864291,396.06809186934197,1739.361748822731,396.27519637820785,1743.0339884479029,396.5054889975071,1746.7048827117146,396.75633239180945
293,1572.4288875457062,404.3294015101364,1576.09277673351,404.662591650304,1579.7690551411285,404.8067612426505,1583.448139464099,404.7816414945274,1587.1230485631204,404.60354034795733,1590.7887222164966,404.28754129795055,1594.4419750189898,403.85037697286634,1598.081622643822,403.31122884906074,1601.7084440484105,402.69141251428476,1605.3247555226214,402.01280058471974,1608.933978090286,401.29734787061057,1612.5401899951896,400.5668333891857,1616.147669646833,399.84262074642436,1619.7604494143013,399.1453963353106,1623.3819959228915,398.495364437477,1627.0145812061883,397.9102935222362,1630.6586995245934,397.4020822725165,1634.3132308866454,396.9751675640678,1637.9764959700783,396.6311806343979,1641.6467024132585,396.3715552248822,1645.3219289522128,396.19673858710206,1649.0000455164388,396.0995120587174,1652.6793060649957,396.06426676969113,1656.3587370075975,396.0730390133196,1660.0379382635642,396.11606330569305,1663.7172082035108,396.1521568704737,1667.3961439243285,396.2077326212135,1671.0705832634505,396.3964644458028,1674.7412314101693,396.65090152290696,1678.4149504094057,396.85384391689826,1682.0936696818424,396.88680289869154,1685.766720466136,396.67765080699206,1689.433326231912,396.37046148810714,1693.1067485732644,396.1680607366997,1696.7859859489297,396.1366293010293,1700.465266682906,396.10248356632246,1704.144436895735,396.0565541383234,1707.8236973172575,396.0183459936224,1711.502899888864,395.97493426877935,1715.182073994871,395.9291593837114,1718.8611691244996,395.87748779611337,1722.5401347718994,395.81727578048645,1726.2190086970495,395.75167516874177,1729.8978481405882,395.6841604371794,1733.5767158070332,395.61820825942044,1737.2556700451037,395.5572999411247,1740.9347549789393,395.504923777507,1744.6139905571495,395.4645771396986,1748.2933624918812,395.43976809249926,1751.972812098094,395.43403789875686
295,1581.6609148186037,404.95570434664296,1585.3398407459003,404.9491062196626,1589.0119626650635,404.7252767050411,1592.6657529082056,404.29497865793815,1596.2949461232133,403.6905396588286,1599.899498984016,402.95261032512656,1603.484268143601,402.12350397436586,1607.057174643073,401.24448255749587,1610.627711683766,400.35584731875736,1614.20516533236,399.4955833434341,1617.7964911024683,398.69536690394784,1621.4051655822825,397.9776080604397,1625.0318926198836,397.3576396118645,1628.6751712969772,396.8438739712033,1632.33187951756,396.43640798841966,1635.9981807094657,396.1266610749192,1639.6708375513722,395.90427685604055,1643.3473588950355,395.7587192554633,1647.025924152983,395.6795477514119,1650.7052810914943,395.65634158814174,1654.3846530541737,395.6788055355923,1658.063642973055,395.73688834342676,1661.7421505944833,395.82035811261915,1665.420297213885,395.9185696336046,1669.0981612381925,396.0268640252013,1672.7759797165513,396.1367023367523,1676.4539557386813,396.2411267741844,1680.13128553448,396.36611686254,1683.809356833275,396.4649830484253,1687.4885877088814,396.5051761863176,1691.1677752739936,396.5495662105684,1694.8467855997649,396.60697114052414,1698.5257429600313,396.66771941277017,1702.2047979231154,396.7221450748888,1705.8840512708716,396.7605762952379,1709.563477683174,396.7733255891916,1713.2428488681521,396.750686991787,1716.9216562514155,396.68294445672416,1720.5990340209216,396.56039580420344,1724.2737272308302,396.37414750363166,1727.944864196015,396.12730828125046,1731.6136754501981,395.8476038498169,1735.283903480824,395.5873184156669,1738.9563413318429,395.3603130308221,1742.6305953734636,395.164870942609,1746.3063152213203,394.9992429586334,1749.9831932633938,394.8616746534012,1753.6609622477063,394.75040874916266,1757.3393927914285,394.66368709059896,1761.0182912160872,394.5997774378665
296,1584.955863924407,404.5016057035205,1588.6228880458734,404.2038393163863,1592.2731820781128,403.74339649140273,1595.9050127321973,403.15419968054954,1599.5197649094853,402.46760904159896,1603.1209321892443,401.71278506741334,1606.7137229844968,400.918918758913,1610.3047835005225,400.1172351448276,1613.9005060573438,399.3367915523462,1617.5057603502255,398.601744383906,1621.1237421816109,397.9323119792447,1624.7562735551523,397.3471291950647,1628.402566399853,396.85497381473743,1632.060083346458,396.45454191499925,1635.7258212991335,396.13790933882683,1639.3973371888733,395.8971563440792,1643.0726924525645,395.7244028131491,1646.7503950403102,395.611888175665,1650.4293415586046,395.5521203620319,1654.1087532989877,395.5379064253956,1657.7881177554111,395.5622674806262,1661.4671301670244,395.618951273458,1665.1456352357388,395.7024543405399,1668.8236339157054,395.8059861938822,1672.501065123357,395.9279909752597,1676.1780722821327,396.06228568568105,1679.8552546818887,396.1916782658557,1683.5312983179924,396.34964541121246,1687.207598567032,396.50074386360996,1690.8862881339817,396.5744557377936,1694.5651648622686,396.6396818286431,1698.2437847002718,396.7182284423592,1701.922391331913,396.79739950387955,1705.601238192754,396.8642915446302,1709.280449658169,396.9059836872219,1712.959884597808,396.90952367779414,1716.6389986398715,396.86193349379,1720.316706356369,396.75024482446264,1723.991380745512,396.56388031327646,1727.6626052077797,396.31818377944853,1731.331037745204,396.033735983219,1734.998352101964,395.73523242683336,1738.6723008414901,395.5392207542015,1742.351315106228,395.50377146586067,1746.0287355529456,395.6190016092609,1749.699247233302,395.8726190361761,1753.3589249673093,396.2520799236707,1757.0050980344515,396.7449077785443,1760.636186768183,397.33891829593966,1764.2515075629128,398.02249151364305
299,1598.0940441379769,402.47754739931764,1601.674968473653,401.6321009848191,1605.2389852900678,400.7177963884102,1608.793446269753,399.766907870897,1612.3471357899878,398.81313139509854,1615.9090359229715,397.8905924943068,1619.4873003930568,397.0339494658104,1623.0878889415164,396.276962628177,1626.7129033044898,395.64756837726173,1630.3592654293395,395.15682937182686,1634.0212525512343,394.80060749210037,1637.693113645209,394.5666124573255,1641.3703221695926,394.4413076693665,1645.0495703059023,394.41116261684846,1648.7286046509666,394.46275075619604,1652.40606311148,394.5827622939814,1656.0813189333667,394.75802522531706,1659.7543324041524,394.9754760792299,1663.4255141757305,395.22205267851905,1667.0955700726163,395.4849194255557,1670.7653150547624,395.75210743873424,1674.435483204312,396.0134013466145,1678.1066028477492,396.2609396040414,1681.7789603184722,396.4893515909569,1685.452649020141,396.69522002209555,1689.1276642934286,396.8758378479846,1692.8039372002027,397.0286978544453,1696.4813365952198,397.1514682795462,1700.1596603673354,397.24236719127197,1703.8386799600937,397.2982265895,1707.5180701906977,397.3186864638332,1711.197481196492,397.3046518180277,1714.8762367412041,397.2346724333032,1718.5549091192127,397.16008988976466,1722.2314229755123,397.03094946487465,1725.8773076392356,396.543732424048,1729.5226331984115,396.04952366653146,1733.1937125528887,395.8083518374991,1736.8715946404377,395.70250984517884,1740.5494830329305,395.59686448171146,1744.2210030522654,395.36098598035795,1747.883731531838,395.01064569062834,1751.5496312241157,394.6955408290229,1755.220117589928,394.43925664968623,1758.894021366236,394.2377118331839,1762.5703570490648,394.08678139003507,1766.2483106895613,393.9823161739019,1769.9272264862495,393.92015909784385,1773.6065925855082,393.89615757204024,1777.28602643615,393.9061938937704
308,1631.290997363966,389.5466965117286,1634.9687369180351,389.45162675541394,1638.6461188594308,389.56114143648574,1642.3123664063842,389.86756795064974,1645.9572478086047,390.36777520507246,1649.5723403403895,391.05109888325615,1653.154882655352,391.889139455526,1656.7116168885104,392.83124816900187,1660.2571176226777,393.81503130023987,1663.8091945487313,394.7746526538264,1667.3824639489835,395.65169859557165,1670.9829884008589,396.40881228647663,1674.6079545262053,397.0386639551873,1678.2516364160736,397.5494894243085,1681.9086973838616,397.9538040346199,1685.575161239199,398.2616412897976,1689.2479287432825,398.48216406192,1692.9246009875035,398.6237070988509,1696.6033420723256,398.69371962667896,1700.2827550610957,398.69908604927315,1703.9617996562881,398.64618571769586,1707.6397284058592,398.5410294479081,1711.3160437028796,398.3894749792678,1714.9904703134416,398.19741143590227,1718.6628074529137,397.96881570210496,1722.3329772164684,397.70766483072896,1726.001039741242,397.4184135746782,1729.6665070549186,397.097963656111,1733.330426585179,396.7601619574363,1736.9931342170116,396.40960595589956,1740.6511107576048,396.01272773096537,1744.3106065120533,395.63039825325325,1747.9788618681416,395.34598202914054,1751.65457497031,395.181710544281,1755.3313418124355,395.0413799306734,1759.0032219272332,394.8093366794819,1762.6554637927445,394.3692751282702,1766.2733477515171,393.7000774484211,1769.8911831217133,393.0299999611128,1773.524567959993,392.4501070375449,1777.170580594853,391.9556997557444,1780.8265280975074,391.5410002960474,1784.4900996507743,391.20005025793887,1788.1593496162614,390.92677799990304,1791.8326735869507,390.7150538033341,1795.5087797315086,390.5587331069329,1799.1866573453358,390.4516885966124,1802.865544101493,390.3878322663594,1806.544893094059,390.36112873042066,1810.2243403409343,390.36561703152836
